2000
1 2
1 3
2 3
4 1
5 1
6 1
7 4
8 4
9 2
10 3
11 4
12 4
13 4
14 13
15 11
16 2
17 6
18 3
19 3
20 1
21 5
22 6
23 3
24 17
25 9
26 2
27 20
28 13
29 1
30 21
31 4
32 9
33 9
34 16
35 24
36 7
37 13
38 24
39 36
40 26
41 34
42 9
43 7
44 4
45 19
46 3
47 21
48 3
49 28
50 9
51 2
52 9
53 7
54 23
55 54
56 27
57 1
58 23
59 9
60 54
61 23
62 38
63 2
64 2
65 53
66 6
67 4
68 53
69 1
70 9
71 61
72 43
73 2
74 24
75 42
76 2
77 9
78 54
79 21
80 33
81 9
82 23
83 17
84 17
85 53
86 13
87 83
88 55
89 36
90 13
91 13
92 43
93 2
94 43
95 67
96 36
97 4
98 32
99 90
100 9
101 45
102 53
103 24
104 9
105 54
106 55
107 2
108 7
109 28
110 57
111 33
112 2
113 21
114 36
115 25
116 55
117 84
118 18
119 1
120 42
121 13
122 9
123 28
124 9
125 96
126 108
127 77
128 67
129 34
130 48
131 53
132 6
133 124
134 128
135 13
136 67
137 62
138 99
139 136
140 106
141 89
142 24
143 108
144 89
145 55
146 26
147 55
148 61
149 38
150 24
151 32
152 9
153 28
154 37
155 23
156 120
157 3
158 3
159 120
160 56
161 9
162 158
163 3
164 91
165 3
166 9
167 158
168 147
169 165
170 66
171 58
172 142
173 3
174 152
175 9
176 158
177 76
178 13
179 132
180 20
181 25
182 4
183 167
184 28
185 125
186 158
187 84
188 17
189 3
190 61
191 111
192 3
193 3
194 93
195 3
196 9
197 39
198 142
199 41
200 15
201 2
202 3
203 1
204 66
205 91
206 21
207 187
208 128
209 55
210 13
211 201
212 186
213 128
214 2
215 142
216 142
217 21
218 41
219 66
220 87
221 144
222 10
223 53
224 120
225 213
226 88
227 120
228 87
229 199
230 66
231 28
232 15
233 13
234 54
235 138
236 13
237 23
238 99
239 167
240 3
241 17
242 200
243 192
244 15
245 9
246 2
247 7
248 9
249 1
250 216
251 43
252 16
253 29
254 156
255 201
256 56
257 48
258 221
259 162
260 71
261 9
262 196
263 106
264 51
265 56
266 220
267 69
268 250
269 1
270 13
271 13
272 23
273 165
274 21
275 196
276 112
277 258
278 54
279 12
280 10
281 27
282 72
283 3
284 4
285 254
286 54
287 71
288 106
289 249
290 66
291 25
292 102
293 3
294 160
295 51
296 218
297 83
298 4
299 3
300 3
301 270
302 141
303 244
304 171
305 39
306 95
307 243
308 207
309 183
310 152
311 283
312 43
313 13
314 9
315 62
316 189
317 148
318 243
319 112
320 66
321 142
322 9
323 206
324 3
325 43
326 221
327 34
328 254
329 121
330 72
331 99
332 148
333 199
334 221
335 45
336 3
337 141
338 77
339 2
340 258
341 167
342 319
343 4
344 274
345 13
346 202
347 253
348 53
349 21
350 104
351 335
352 2
353 2
354 234
355 12
356 17
357 17
358 1
359 53
360 144
361 124
362 1
363 38
364 48
365 24
366 55
367 24
368 332
369 192
370 119
371 83
372 155
373 158
374 306
375 3
376 4
377 320
378 205
379 109
380 10
381 6
382 34
383 102
384 334
385 334
386 3
387 158
388 2
389 325
390 387
391 36
392 165
393 250
394 46
395 253
396 89
397 9
398 148
399 278
400 61
401 52
402 4
403 89
404 158
405 55
406 24
407 84
408 238
409 171
410 256
411 237
412 163
413 316
414 375
415 196
416 6
417 24
418 154
419 145
420 121
421 212
422 128
423 38
424 222
425 314
426 2
427 101
428 186
429 58
430 113
431 407
432 55
433 9
434 156
435 104
436 165
437 163
438 31
439 28
440 171
441 163
442 376
443 40
444 159
445 9
446 147
447 344
448 17
449 67
450 43
451 344
452 61
453 269
454 54
455 24
456 371
457 273
458 66
459 364
460 366
461 75
462 15
463 7
464 193
465 7
466 410
467 20
468 24
469 59
470 41
471 406
472 192
473 38
474 222
475 6
476 326
477 351
478 419
479 374
480 55
481 4
482 4
483 228
484 482
485 9
486 2
487 433
488 24
489 444
490 187
491 167
492 3
493 128
494 9
495 481
496 3
497 291
498 489
499 96
500 43
501 430
502 3
503 382
504 374
505 40
506 185
507 316
508 108
509 221
510 3
511 13
512 25
513 203
514 120
515 133
516 316
517 192
518 274
519 207
520 322
521 480
522 158
523 234
524 76
525 68
526 285
527 56
528 10
529 83
530 24
531 201
532 53
533 361
534 4
535 365
536 37
537 53
538 58
539 202
540 448
541 82
542 53
543 285
544 53
545 246
546 106
547 332
548 148
549 144
550 112
551 61
552 158
553 125
554 87
555 55
556 9
557 2
558 163
559 462
560 3
561 405
562 330
563 43
564 447
565 195
566 43
567 89
568 517
569 9
570 56
571 58
572 395
573 555
574 21
575 427
576 13
577 355
578 316
579 4
580 116
581 506
582 151
583 568
584 309
585 553
586 552
587 110
588 258
589 99
590 314
591 496
592 525
593 9
594 9
595 13
596 10
597 425
598 188
599 9
600 326
601 136
602 194
603 481
604 128
605 4
606 593
607 134
608 119
609 28
610 326
611 125
612 324
613 291
614 170
615 481
616 441
617 377
618 196
619 433
620 489
621 394
622 566
623 152
624 495
625 167
626 333
627 205
628 206
629 68
630 489
631 7
632 274
633 1
634 350
635 283
636 156
637 374
638 260
639 13
640 612
641 498
642 345
643 2
644 554
645 9
646 43
647 2
648 71
649 497
650 207
651 351
652 281
653 352
654 142
655 196
656 376
657 29
658 6
659 494
660 205
661 4
662 237
663 410
664 496
665 29
666 74
667 98
668 622
669 110
670 3
671 322
672 292
673 407
674 222
675 141
676 4
677 158
678 387
679 364
680 28
681 611
682 238
683 364
684 408
685 535
686 62
687 43
688 20
689 344
690 104
691 489
692 637
693 147
694 188
695 221
696 202
697 452
698 28
699 657
700 610
701 3
702 4
703 40
704 521
705 32
706 374
707 635
708 4
709 53
710 112
711 20
712 176
713 416
714 243
715 28
716 17
717 1
718 207
719 476
720 202
721 348
722 669
723 287
724 101
725 59
726 43
727 45
728 270
729 325
730 110
731 138
732 116
733 466
734 20
735 665
736 379
737 400
738 65
739 109
740 199
741 13
742 55
743 43
744 324
745 54
746 4
747 6
748 567
749 700
750 88
751 55
752 156
753 702
754 55
755 101
756 124
757 169
758 17
759 673
760 53
761 610
762 505
763 6
764 566
765 110
766 83
767 167
768 233
769 462
770 66
771 1
772 1
773 3
774 602
775 554
776 462
777 67
778 546
779 710
780 369
781 88
782 23
783 3
784 166
785 2
786 738
787 638
788 74
789 2
790 637
791 566
792 282
793 534
794 351
795 496
796 287
797 364
798 306
799 395
800 43
801 43
802 54
803 516
804 554
805 638
806 733
807 6
808 7
809 75
810 9
811 282
812 682
813 599
814 133
815 485
816 205
817 801
818 410
819 109
820 156
821 3
822 538
823 517
824 238
825 374
826 386
827 285
828 83
829 241
830 539
831 713
832 207
833 51
834 172
835 124
836 45
837 366
838 125
839 27
840 1
841 353
842 402
843 249
844 820
845 667
846 269
847 374
848 4
849 572
850 2
851 4
852 6
853 526
854 66
855 122
856 234
857 785
858 295
859 571
860 402
861 596
862 23
863 27
864 13
865 496
866 150
867 90
868 586
869 306
870 96
871 13
872 678
873 77
874 419
875 489
876 555
877 322
878 225
879 90
880 196
881 733
882 526
883 3
884 827
885 284
886 731
887 141
888 811
889 72
890 165
891 476
892 322
893 750
894 116
895 343
896 217
897 738
898 410
899 346
900 2
901 43
902 636
903 1
904 13
905 531
906 554
907 658
908 853
909 171
910 240
911 158
912 241
913 673
914 183
915 397
916 690
917 6
918 21
919 13
920 386
921 779
922 24
923 108
924 136
925 257
926 897
927 56
928 192
929 908
930 376
931 87
932 389
933 54
934 326
935 2
936 497
937 116
938 932
939 192
940 1
941 171
942 441
943 24
944 427
945 677
946 700
947 55
948 783
949 141
950 340
951 102
952 318
953 24
954 10
955 881
956 68
957 28
958 682
959 69
960 318
961 161
962 572
963 201
964 171
965 196
966 54
967 106
968 221
969 108
970 637
971 158
972 326
973 9
974 26
975 1
976 43
977 119
978 184
979 576
980 592
981 42
982 873
983 465
984 923
985 2
986 27
987 199
988 547
989 187
990 164
991 250
992 133
993 126
994 264
995 17
996 458
997 89
998 526
999 7
1000 416
1001 102
1002 690
1003 9
1004 769
1005 229
1006 151
1007 295
1008 638
1009 226
1010 334
1011 213
1012 524
1013 3
1014 829
1015 117
1016 982
1017 1
1018 254
1019 887
1020 867
1021 352
1022 386
1023 43
1024 78
1025 3
1026 617
1027 4
1028 2
1029 690
1030 386
1031 136
1032 124
1033 739
1034 521
1035 2
1036 1013
1037 958
1038 714
1039 322
1040 21
1041 7
1042 554
1043 405
1044 576
1045 192
1046 497
1047 490
1048 682
1049 701
1050 315
1051 527
1052 619
1053 77
1054 328
1055 599
1056 48
1057 3
1058 65
1059 682
1060 56
1061 877
1062 378
1063 733
1064 17
1065 1013
1066 768
1067 812
1068 67
1069 438
1070 1024
1071 15
1072 59
1073 334
1074 192
1075 1067
1076 1016
1077 124
1078 156
1079 727
1080 1064
1081 1030
1082 21
1083 1
1084 1013
1085 387
1086 536
1087 7
1088 455
1089 448
1090 109
1091 788
1092 387
1093 769
1094 884
1095 141
1096 594
1097 832
1098 117
1099 803
1100 24
1101 27
1102 964
1103 451
1104 651
1105 116
1106 77
1107 69
1108 33
1109 527
1110 1105
1111 201
1112 9
1113 2
1114 1046
1115 737
1116 25
1117 690
1118 17
1119 1064
1120 155
1121 319
1122 322
1123 197
1124 901
1125 21
1126 635
1127 325
1128 867
1129 1009
1130 410
1131 496
1132 240
1133 205
1134 150
1135 53
1136 395
1137 787
1138 187
1139 829
1140 310
1141 318
1142 43
1143 854
1144 53
1145 1005
1146 13
1147 522
1148 326
1149 205
1150 629
1151 1062
1152 522
1153 744
1154 2
1155 364
1156 678
1157 598
1158 1140
1159 1
1160 617
1161 66
1162 931
1163 541
1164 897
1165 929
1166 538
1167 237
1168 364
1169 708
1170 1
1171 306
1172 1
1173 141
1174 229
1175 488
1176 67
1177 124
1178 513
1179 182
1180 43
1181 53
1182 1108
1183 1102
1184 509
1185 95
1186 149
1187 1146
1188 3
1189 1188
1190 55
1191 542
1192 744
1193 262
1194 1062
1195 545
1196 727
1197 183
1198 782
1199 1052
1200 21
1201 898
1202 11
1203 1
1204 66
1205 1067
1206 158
1207 238
1208 212
1209 596
1210 937
1211 727
1212 28
1213 54
1214 471
1215 154
1216 55
1217 902
1218 881
1219 580
1220 9
1221 731
1222 903
1223 783
1224 55
1225 163
1226 39
1227 551
1228 316
1229 552
1230 16
1231 156
1232 1008
1233 2
1234 101
1235 288
1236 774
1237 512
1238 54
1239 225
1240 743
1241 48
1242 336
1243 1190
1244 43
1245 4
1246 425
1247 9
1248 1065
1249 325
1250 638
1251 598
1252 682
1253 706
1254 943
1255 410
1256 124
1257 1188
1258 48
1259 590
1260 9
1261 637
1262 598
1263 116
1264 158
1265 517
1266 54
1267 908
1268 332
1269 1251
1270 332
1271 598
1272 84
1273 28
1274 21
1275 486
1276 95
1277 155
1278 106
1279 1119
1280 136
1281 3
1282 465
1283 24
1284 2
1285 6
1286 872
1287 1103
1288 1
1289 124
1290 669
1291 316
1292 36
1293 222
1294 480
1295 2
1296 171
1297 24
1298 201
1299 1246
1300 584
1301 320
1302 9
1303 46
1304 281
1305 542
1306 2
1307 3
1308 195
1309 505
1310 825
1311 1
1312 1249
1313 361
1314 156
1315 4
1316 1048
1317 1196
1318 55
1319 1071
1320 53
1321 774
1322 448
1323 270
1324 2
1325 1111
1326 263
1327 196
1328 332
1329 102
1330 199
1331 700
1332 489
1333 1236
1334 221
1335 309
1336 1036
1337 361
1338 233
1339 268
1340 447
1341 7
1342 479
1343 682
1344 465
1345 21
1346 525
1347 112
1348 1258
1349 68
1350 1000
1351 1165
1352 201
1353 464
1354 1183
1355 1092
1356 374
1357 370
1358 817
1359 1281
1360 763
1361 13
1362 144
1363 43
1364 1196
1365 1334
1366 920
1367 599
1368 776
1369 489
1370 488
1371 841
1372 7
1373 151
1374 9
1375 43
1376 158
1377 124
1378 887
1379 165
1380 296
1381 1218
1382 7
1383 125
1384 370
1385 269
1386 192
1387 85
1388 136
1389 1031
1390 143
1391 48
1392 2
1393 1256
1394 549
1395 402
1396 402
1397 858
1398 462
1399 288
1400 55
1401 164
1402 2
1403 102
1404 215
1405 1298
1406 829
1407 682
1408 634
1409 379
1410 196
1411 807
1412 1012
1413 471
1414 1156
1415 1111
1416 768
1417 54
1418 215
1419 1322
1420 9
1421 522
1422 7
1423 182
1424 522
1425 213
1426 139
1427 294
1428 495
1429 4
1430 1126
1431 535
1432 1008
1433 4
1434 978
1435 88
1436 154
1437 21
1438 9
1439 7
1440 68
1441 1
1442 158
1443 108
1444 28
1445 1196
1446 11
1447 496
1448 351
1449 93
1450 887
1451 9
1452 7
1453 43
1454 1369
1455 208
1456 113
1457 400
1458 796
1459 390
1460 562
1461 485
1462 1322
1463 15
1464 468
1465 21
1466 1324
1467 622
1468 1097
1469 516
1470 342
1471 96
1472 1381
1473 604
1474 313
1475 1307
1476 1324
1477 541
1478 730
1479 640
1480 309
1481 1405
1482 646
1483 1013
1484 455
1485 41
1486 374
1487 733
1488 904
1489 45
1490 1349
1491 1085
1492 192
1493 1309
1494 131
1495 1
1496 727
1497 848
1498 223
1499 227
1500 332
1501 374
1502 669
1503 288
1504 370
1505 784
1506 130
1507 20
1508 21
1509 490
1510 103
1511 483
1512 89
1513 196
1514 284
1515 522
1516 254
1517 906
1518 357
1519 7
1520 603
1521 1259
1522 109
1523 640
1524 521
1525 1412
1526 1375
1527 830
1528 1244
1529 161
1530 1010
1531 744
1532 56
1533 1155
1534 244
1535 1
1536 28
1537 66
1538 1
1539 1019
1540 1068
1541 2
1542 159
1543 156
1544 905
1545 1008
1546 583
1547 188
1548 53
1549 53
1550 96
1551 1147
1552 479
1553 603
1554 1468
1555 1283
1556 1139
1557 72
1558 67
1559 158
1560 1064
1561 1554
1562 178
1563 784
1564 1268
1565 1314
1566 141
1567 293
1568 1319
1569 471
1570 784
1571 795
1572 726
1573 4
1574 861
1575 128
1576 7
1577 37
1578 84
1579 1452
1580 750
1581 487
1582 295
1583 112
1584 1005
1585 48
1586 928
1587 1108
1588 141
1589 1097
1590 107
1591 24
1592 46
1593 1558
1594 133
1595 2
1596 6
1597 1
1598 68
1599 744
1600 124
1601 875
1602 90
1603 322
1604 59
1605 420
1606 342
1607 596
1608 1207
1609 547
1610 981
1611 182
1612 36
1613 1307
1614 1044
1615 1503
1616 859
1617 1304
1618 2
1619 96
1620 222
1621 1015
1622 784
1623 225
1624 128
1625 213
1626 1517
1627 178
1628 43
1629 1395
1630 302
1631 43
1632 451
1633 1194
1634 1341
1635 62
1636 1479
1637 1044
1638 319
1639 61
1640 6
1641 91
1642 4
1643 829
1644 155
1645 325
1646 1524
1647 457
1648 1251
1649 141
1650 46
1651 880
1652 1292
1653 128
1654 637
1655 602
1656 21
1657 729
1658 77
1659 396
1660 526
1661 3
1662 1361
1663 91
1664 1330
1665 215
1666 1177
1667 244
1668 9
1669 1366
1670 183
1671 1442
1672 36
1673 1214
1674 250
1675 1447
1676 67
1677 1357
1678 1505
1679 9
1680 77
1681 667
1682 1403
1683 167
1684 1412
1685 36
1686 243
1687 559
1688 38
1689 780
1690 322
1691 528
1692 1102
1693 759
1694 766
1695 739
1696 969
1697 1359
1698 328
1699 1058
1700 588
1701 465
1702 158
1703 1565
1704 362
1705 158
1706 520
1707 1
1708 1594
1709 374
1710 65
1711 428
1712 244
1713 302
1714 7
1715 555
1716 440
1717 244
1718 1695
1719 158
1720 479
1721 145
1722 54
1723 16
1724 1418
1725 61
1726 489
1727 637
1728 1701
1729 568
1730 948
1731 374
1732 1094
1733 4
1734 712
1735 1511
1736 221
1737 590
1738 192
1739 1146
1740 406
1741 712
1742 4
1743 832
1744 517
1745 1131
1746 332
1747 1685
1748 13
1749 1530
1750 483
1751 2
1752 899
1753 599
1754 13
1755 1639
1756 240
1757 1348
1758 608
1759 386
1760 1044
1761 398
1762 1753
1763 289
1764 1262
1765 28
1766 629
1767 603
1768 1504
1769 1106
1770 997
1771 1228
1772 23
1773 1334
1774 374
1775 1634
1776 27
1777 89
1778 540
1779 997
1780 1223
1781 1431
1782 1407
1783 873
1784 788
1785 36
1786 1684
1787 493
1788 282
1789 54
1790 1354
1791 1393
1792 335
1793 1030
1794 285
1795 364
1796 66
1797 1781
1798 700
1799 834
1800 171
1801 1691
1802 131
1803 1175
1804 430
1805 334
1806 829
1807 123
1808 908
1809 43
1810 1709
1811 1251
1812 677
1813 65
1814 955
1815 202
1816 1030
1817 24
1818 588
1819 23
1820 253
1821 1375
1822 685
1823 1354
1824 615
1825 1062
1826 389
1827 87
1828 244
1829 33
1830 1
1831 1
1832 9
1833 718
1834 553
1835 1321
1836 425
1837 1
1838 87
1839 67
1840 1359
1841 9
1842 1061
1843 43
1844 43
1845 1225
1846 119
1847 1243
1848 188
1849 1223
1850 1401
1851 1742
1852 1287
1853 222
1854 1375
1855 48
1856 21
1857 3
1858 999
1859 565
1860 93
1861 405
1862 301
1863 577
1864 765
1865 968
1866 1112
1867 88
1868 57
1869 636
1870 180
1871 1066
1872 147
1873 1571
1874 78
1875 1677
1876 192
1877 13
1878 1765
1879 1866
1880 1291
1881 105
1882 553
1883 387
1884 364
1885 388
1886 1044
1887 599
1888 1307
1889 1
1890 88
1891 852
1892 1786
1893 2
1894 34
1895 375
1896 971
1897 365
1898 923
1899 922
1900 211
1901 2
1902 825
1903 96
1904 31
1905 765
1906 1691
1907 89
1908 584
1909 98
1910 1876
1911 332
1912 1
1913 21
1914 1726
1915 9
1916 832
1917 1618
1918 472
1919 598
1920 62
1921 27
1922 1307
1923 1111
1924 196
1925 1905
1926 48
1927 207
1928 925
1929 54
1930 698
1931 98
1932 43
1933 9
1934 340
1935 59
1936 28
1937 823
1938 750
1939 28
1940 46
1941 1699
1942 245
1943 1325
1944 99
1945 43
1946 1756
1947 1941
1948 13
1949 404
1950 1292
1951 1044
1952 101
1953 128
1954 1359
1955 1693
1956 1646
1957 36
1958 1677
1959 1755
1960 124
1961 1048
1962 402
1963 1041
1964 23
1965 919
1966 1082
1967 937
1968 1218
1969 402
1970 1
1971 1961
1972 128
1973 1890
1974 6
1975 1387
1976 39
1977 1039
1978 1064
1979 1087
1980 1315
1981 26
1982 77
1983 1301
1984 1039
1985 24
1986 1114
1987 24
1988 881
1989 66
1990 1092
1991 152
1992 983
1993 1268
1994 1708
1995 1577
1996 596
1997 459
1998 199
1999 17
2000 171
