2000
1 2
1 3
1 4
1 5
2 3
2 4
2 5
3 4
3 5
4 5
6 5
6 4
7 4
7 2
8 4
8 2
9 5
9 2
10 2
10 4
11 9
11 8
12 7
12 2
13 3
13 6
14 2
14 1
15 1
15 6
16 7
16 3
17 15
17 2
18 9
18 2
19 9
19 16
20 8
20 2
21 10
21 2
22 3
22 4
23 2
23 8
24 14
24 2
25 12
25 6
26 6
26 8
27 14
27 2
28 2
28 19
29 4
29 9
30 25
30 15
31 4
31 2
32 2
32 5
33 21
33 2
34 1
34 2
35 8
35 15
36 16
36 8
37 5
37 4
38 1
38 14
39 37
39 6
40 30
40 2
41 2
41 11
42 11
42 2
43 14
43 15
44 2
44 7
45 5
45 14
46 31
46 2
47 7
47 2
48 19
48 2
49 7
49 33
50 14
50 35
51 5
51 8
52 10
52 2
53 2
53 5
54 18
54 50
55 1
55 3
56 4
56 2
57 38
57 37
58 55
58 47
59 1
59 29
60 54
60 2
61 6
61 54
62 9
62 11
63 1
63 54
64 2
64 15
65 26
65 4
66 21
66 41
67 54
67 8
68 41
68 30
69 52
69 63
70 14
70 2
71 42
71 36
72 19
72 63
73 19
73 10
74 33
74 17
75 14
75 39
76 47
76 74
77 16
77 5
78 6
78 4
79 7
79 76
80 28
80 17
81 54
81 46
82 2
82 72
83 16
83 80
84 14
84 6
85 1
85 46
86 7
86 35
87 21
87 9
88 81
88 60
89 14
89 54
90 9
90 6
91 8
91 78
92 2
92 15
93 11
93 10
94 3
94 22
95 11
95 91
96 2
96 19
97 7
97 2
98 15
98 80
99 73
99 54
100 2
100 63
101 1
101 30
102 1
102 71
103 7
103 6
104 100
104 33
105 14
105 6
106 8
106 76
107 95
107 3
108 33
108 1
109 10
109 8
110 35
110 95
111 54
111 39
112 2
112 10
113 59
113 2
114 11
114 100
115 14
115 1
116 25
116 15
117 5
117 76
118 2
118 33
119 19
119 61
120 31
120 77
121 5
121 42
122 6
122 19
123 2
123 105
124 110
124 113
125 109
125 12
126 17
126 10
127 6
127 8
128 116
128 33
129 2
129 71
130 20
130 1
131 113
131 2
132 73
132 76
133 2
133 29
134 73
134 130
135 109
135 15
136 7
136 2
137 10
137 76
138 5
138 93
139 2
139 11
140 49
140 10
141 34
141 95
142 6
142 113
143 140
143 6
144 50
144 1
145 5
145 20
146 2
146 70
147 9
147 14
148 13
148 95
149 5
149 75
150 2
150 9
151 3
151 42
152 132
152 8
153 33
153 49
154 101
154 45
155 62
155 96
156 2
156 113
157 33
157 123
158 5
158 11
159 76
159 7
160 2
160 62
161 46
161 117
162 14
162 42
163 129
163 76
164 108
164 75
165 140
165 77
166 43
166 129
167 2
167 15
168 143
168 11
169 5
169 101
170 41
170 12
171 170
171 73
172 10
172 146
173 41
173 54
174 2
174 93
175 98
175 57
176 3
176 7
177 70
177 33
178 163
178 126
179 98
179 19
180 5
180 158
181 8
181 53
182 15
182 152
183 140
183 145
184 33
184 7
185 58
185 96
186 100
186 2
187 114
187 14
188 6
188 27
189 96
189 4
190 96
190 113
191 168
191 43
192 2
192 4
193 43
193 9
194 2
194 64
195 167
195 91
196 4
196 8
197 5
197 46
198 10
198 6
199 95
199 9
200 70
200 1
201 19
201 37
202 81
202 89
203 167
203 2
204 47
204 62
205 2
205 43
206 87
206 7
207 72
207 203
208 87
208 83
209 3
209 10
210 2
210 98
211 2
211 76
212 99
212 14
213 56
213 5
214 6
214 8
215 83
215 1
216 7
216 17
217 93
217 2
218 179
218 18
219 32
219 4
220 10
220 25
221 77
221 23
222 45
222 196
223 2
223 102
224 169
224 1
225 5
225 2
226 224
226 11
227 12
227 7
228 15
228 109
229 97
229 2
230 49
230 2
231 11
231 70
232 101
232 64
233 2
233 10
234 87
234 167
235 8
235 19
236 140
236 1
237 37
237 5
238 1
238 68
239 35
239 2
240 207
240 96
241 100
241 163
242 7
242 168
243 75
243 164
244 111
244 101
245 102
245 14
246 2
246 190
247 19
247 93
248 222
248 41
249 1
249 42
250 221
250 184
251 95
251 62
252 241
252 8
253 249
253 190
254 31
254 68
255 6
255 230
256 252
256 50
257 3
257 2
258 7
258 209
259 187
259 59
260 53
260 251
261 5
261 25
262 127
262 18
263 142
263 1
264 218
264 1
265 257
265 1
266 261
266 8
267 266
267 49
268 123
268 2
269 176
269 68
270 29
270 145
271 197
271 16
272 69
272 113
273 147
273 72
274 15
274 143
275 149
275 1
276 269
276 160
277 1
277 4
278 38
278 164
279 100
279 148
280 79
280 149
281 10
281 117
282 17
282 109
283 87
283 8
284 15
284 17
285 60
285 50
286 163
286 75
287 85
287 125
288 4
288 54
289 2
289 33
290 117
290 278
291 126
291 8
292 116
292 21
293 13
293 168
294 136
294 15
295 222
295 232
296 10
296 33
297 1
297 81
298 69
298 260
299 178
299 44
300 50
300 75
301 206
301 3
302 214
302 2
303 219
303 277
304 14
304 62
305 10
305 11
306 68
306 221
307 170
307 126
308 130
308 115
309 49
309 93
310 271
310 175
311 87
311 119
312 140
312 145
313 222
313 154
314 93
314 290
315 277
315 158
316 23
316 14
317 269
317 43
318 126
318 158
319 5
319 241
320 2
320 1
321 247
321 58
322 246
322 176
323 76
323 30
324 45
324 164
325 2
325 298
326 5
326 127
327 237
327 72
328 19
328 272
329 255
329 10
330 164
330 156
331 8
331 232
332 246
332 247
333 7
333 6
334 73
334 9
335 302
335 224
336 16
336 219
337 312
337 39
338 313
338 2
339 263
339 320
340 128
340 26
341 2
341 64
342 8
342 155
343 179
343 320
344 319
344 313
345 14
345 2
346 219
346 65
347 172
347 222
348 37
348 314
349 243
349 307
350 304
350 2
351 267
351 319
352 7
352 252
353 35
353 8
354 4
354 178
355 21
355 278
356 241
356 232
357 59
357 290
358 54
358 108
359 71
359 25
360 1
360 73
361 85
361 266
362 222
362 59
363 200
363 325
364 64
364 167
365 327
365 307
366 2
366 4
367 2
367 167
368 264
368 338
369 247
369 359
370 2
370 353
371 356
371 14
372 246
372 28
373 96
373 117
374 1
374 149
375 23
375 297
376 126
376 155
377 165
377 330
378 115
378 229
379 35
379 37
380 75
380 228
381 101
381 18
382 307
382 160
383 1
383 260
384 6
384 210
385 56
385 267
386 14
386 2
387 346
387 258
388 6
388 379
389 303
389 352
390 22
390 260
391 4
391 307
392 15
392 80
393 109
393 37
394 64
394 100
395 322
395 5
396 4
396 5
397 100
397 106
398 265
398 107
399 390
399 50
400 113
400 394
401 81
401 49
402 152
402 122
403 72
403 390
404 123
404 372
405 295
405 243
406 277
406 375
407 2
407 15
408 205
408 6
409 4
409 2
410 155
410 308
411 176
411 2
412 83
412 44
413 382
413 12
414 62
414 15
415 334
415 224
416 58
416 87
417 353
417 81
418 229
418 113
419 172
419 14
420 217
420 120
421 145
421 31
422 353
422 378
423 397
423 76
424 15
424 224
425 302
425 14
426 365
426 166
427 10
427 247
428 394
428 108
429 58
429 3
430 67
430 13
431 142
431 7
432 310
432 404
433 196
433 8
434 245
434 23
435 70
435 45
436 363
436 81
437 6
437 95
438 14
438 266
439 166
439 111
440 229
440 84
441 277
441 272
442 385
442 95
443 8
443 46
444 64
444 394
445 123
445 443
446 39
446 14
447 267
447 128
448 42
448 2
449 109
449 369
450 74
450 159
451 120
451 2
452 2
452 221
453 113
453 167
454 2
454 76
455 23
455 43
456 35
456 194
457 224
457 404
458 425
458 164
459 2
459 114
460 58
460 2
461 372
461 179
462 5
462 266
463 312
463 31
464 317
464 435
465 251
465 2
466 98
466 158
467 160
467 19
468 97
468 73
469 4
469 434
470 259
470 367
471 81
471 31
472 426
472 59
473 176
473 251
474 435
474 411
475 471
475 62
476 13
476 2
477 26
477 1
478 1
478 7
479 42
479 425
480 135
480 477
481 23
481 15
482 140
482 98
483 355
483 84
484 162
484 444
485 289
485 339
486 158
486 2
487 1
487 73
488 16
488 206
489 1
489 207
490 54
490 366
491 144
491 108
492 154
492 190
493 54
493 10
494 149
494 2
495 339
495 80
496 32
496 426
497 25
497 331
498 63
498 14
499 2
499 220
500 203
500 425
501 264
501 401
502 19
502 49
503 330
503 207
504 340
504 43
505 269
505 210
506 362
506 1
507 169
507 420
508 273
508 126
509 224
509 377
510 103
510 10
511 394
511 8
512 72
512 76
513 1
513 83
514 237
514 59
515 5
515 389
516 188
516 157
517 181
517 330
518 405
518 332
519 320
519 95
520 2
520 119
521 115
521 60
522 73
522 43
523 74
523 418
524 155
524 245
525 76
525 77
526 523
526 455
527 10
527 117
528 251
528 287
529 299
529 312
530 238
530 62
531 37
531 356
532 54
532 243
533 348
533 183
534 232
534 128
535 277
535 205
536 357
536 199
537 516
537 312
538 408
538 169
539 167
539 297
540 74
540 129
541 167
541 214
542 1
542 196
543 134
543 246
544 151
544 477
545 269
545 268
546 12
546 117
547 189
547 147
548 255
548 411
549 179
549 8
550 481
550 251
551 426
551 2
552 55
552 12
553 408
553 9
554 102
554 55
555 312
555 462
556 189
556 373
557 2
557 208
558 76
558 2
559 73
559 74
560 8
560 436
561 2
561 286
562 2
562 14
563 353
563 315
564 359
564 449
565 503
565 142
566 338
566 1
567 10
567 126
568 16
568 257
569 25
569 176
570 150
570 294
571 434
571 556
572 462
572 554
573 184
573 8
574 75
574 423
575 399
575 155
576 502
576 8
577 287
577 2
578 207
578 436
579 64
579 312
580 58
580 54
581 73
581 232
582 264
582 82
583 37
583 302
584 2
584 1
585 449
585 397
586 377
586 167
587 4
587 141
588 2
588 397
589 300
589 46
590 33
590 73
591 35
591 137
592 232
592 497
593 37
593 317
594 142
594 46
595 394
595 6
596 70
596 1
597 20
597 1
598 419
598 33
599 336
599 147
600 10
600 19
601 59
601 55
602 105
602 593
603 224
603 194
604 164
604 29
605 186
605 585
606 142
606 13
607 215
607 108
608 574
608 190
609 27
609 142
610 502
610 6
611 369
611 111
612 6
612 55
613 403
613 249
614 2
614 14
615 238
615 38
616 122
616 55
617 266
617 312
618 487
618 73
619 179
619 470
620 491
620 324
621 261
621 76
622 9
622 166
623 4
623 182
624 76
624 46
625 271
625 102
626 25
626 365
627 155
627 1
628 168
628 616
629 297
629 113
630 95
630 17
631 98
631 114
632 2
632 574
633 81
633 8
634 349
634 181
635 80
635 520
636 76
636 158
637 80
637 446
638 325
638 222
639 14
639 533
640 202
640 476
641 474
641 62
642 449
642 14
643 542
643 176
644 278
644 164
645 427
645 76
646 1
646 550
647 55
647 157
648 76
648 590
649 31
649 72
650 97
650 413
651 243
651 262
652 2
652 555
653 33
653 210
654 269
654 10
655 4
655 6
656 2
656 427
657 7
657 102
658 34
658 435
659 218
659 122
660 80
660 33
661 508
661 14
662 71
662 307
663 243
663 33
664 269
664 615
665 2
665 16
666 538
666 101
667 2
667 33
668 288
668 73
669 520
669 23
670 62
670 66
671 465
671 50
672 481
672 434
673 53
673 2
674 449
674 350
675 353
675 454
676 624
676 666
677 172
677 44
678 206
678 388
679 78
679 2
680 142
680 33
681 351
681 53
682 123
682 202
683 190
683 351
684 582
684 246
685 53
685 532
686 145
686 499
687 652
687 122
688 301
688 135
689 231
689 183
690 2
690 78
691 169
691 26
692 680
692 211
693 2
693 464
694 517
694 527
695 167
695 10
696 89
696 129
697 44
697 62
698 98
698 479
699 257
699 680
700 87
700 320
701 14
701 278
702 35
702 117
703 18
703 57
704 339
704 2
705 4
705 23
706 257
706 434
707 62
707 520
708 437
708 334
709 246
709 632
710 401
710 246
711 437
711 14
712 281
712 97
713 15
713 17
714 249
714 403
715 21
715 35
716 1
716 62
717 667
717 459
718 318
718 33
719 325
719 76
720 11
720 369
721 382
721 54
722 569
722 572
723 34
723 134
724 81
724 79
725 113
725 115
726 719
726 108
727 205
727 425
728 54
728 55
729 516
729 79
730 571
730 68
731 308
731 294
732 607
732 190
733 10
733 218
734 7
734 535
735 8
735 201
736 128
736 19
737 126
737 326
738 289
738 335
739 551
739 15
740 224
740 89
741 2
741 299
742 356
742 426
743 109
743 327
744 84
744 520
745 1
745 252
746 31
746 287
747 463
747 181
748 353
748 189
749 67
749 730
750 679
750 325
751 312
751 311
752 638
752 95
753 266
753 234
754 508
754 145
755 690
755 149
756 169
756 354
757 14
757 59
758 206
758 261
759 74
759 230
760 596
760 8
761 637
761 49
762 5
762 37
763 164
763 1
764 750
764 60
765 453
765 694
766 67
766 455
767 10
767 60
768 401
768 132
769 122
769 219
770 1
770 606
771 425
771 97
772 364
772 31
773 139
773 616
774 608
774 332
775 312
775 168
776 164
776 266
777 147
777 488
778 2
778 114
779 383
779 76
780 168
780 73
781 71
781 701
782 11
782 76
783 37
783 306
784 335
784 19
785 1
785 71
786 705
786 596
787 62
787 782
788 124
788 3
789 383
789 530
790 60
790 304
791 789
791 6
792 261
792 676
793 693
793 2
794 386
794 235
795 2
795 19
796 470
796 343
797 251
797 353
798 14
798 673
799 608
799 682
800 74
800 176
801 128
801 29
802 563
802 1
803 533
803 378
804 55
804 218
805 698
805 259
806 556
806 331
807 190
807 7
808 68
808 4
809 171
809 108
810 353
810 1
811 137
811 375
812 95
812 573
813 142
813 48
814 30
814 806
815 158
815 199
816 445
816 221
817 451
817 280
818 411
818 87
819 280
819 106
820 187
820 221
821 228
821 35
822 555
822 322
823 179
823 393
824 190
824 346
825 165
825 15
826 385
826 92
827 724
827 716
828 277
828 731
829 201
829 229
830 2
830 534
831 9
831 31
832 464
832 333
833 600
833 105
834 66
834 554
835 37
835 6
836 428
836 105
837 5
837 470
838 814
838 155
839 515
839 60
840 220
840 353
841 91
841 49
842 227
842 741
843 578
843 2
844 520
844 10
845 141
845 335
846 93
846 15
847 65
847 200
848 188
848 411
849 297
849 379
850 475
850 166
851 174
851 332
852 170
852 530
853 786
853 534
854 39
854 177
855 2
855 367
856 152
856 635
857 15
857 16
858 68
858 83
859 65
859 736
860 3
860 123
861 6
861 151
862 76
862 433
863 407
863 114
864 142
864 409
865 69
865 2
866 158
866 178
867 630
867 38
868 230
868 128
869 33
869 80
870 345
870 5
871 224
871 7
872 707
872 2
873 215
873 273
874 555
874 520
875 547
875 218
876 124
876 66
877 37
877 84
878 20
878 8
879 15
879 270
880 184
880 15
881 258
881 320
882 332
882 860
883 857
883 796
884 98
884 400
885 519
885 284
886 325
886 26
887 806
887 150
888 31
888 623
889 201
889 877
890 570
890 164
891 113
891 391
892 574
892 406
893 658
893 36
894 651
894 492
895 341
895 15
896 239
896 560
897 355
897 15
898 508
898 63
899 734
899 401
900 93
900 71
901 449
901 831
902 18
902 2
903 1
903 655
904 145
904 4
905 696
905 415
906 159
906 188
907 108
907 786
908 817
908 312
909 72
909 75
910 14
910 520
911 1
911 252
912 365
912 475
913 23
913 685
914 20
914 819
915 630
915 370
916 102
916 67
917 2
917 259
918 315
918 899
919 885
919 172
920 486
920 449
921 142
921 470
922 601
922 58
923 324
923 270
924 587
924 12
925 100
925 210
926 445
926 62
927 221
927 405
928 105
928 775
929 449
929 37
930 62
930 343
931 754
931 436
932 750
932 138
933 46
933 176
934 241
934 113
935 252
935 30
936 120
936 6
937 313
937 50
938 655
938 221
939 49
939 346
940 15
940 778
941 37
941 95
942 74
942 25
943 237
943 389
944 893
944 639
945 605
945 308
946 2
946 73
947 249
947 86
948 531
948 35
949 564
949 2
950 2
950 11
951 97
951 578
952 206
952 334
953 933
953 197
954 48
954 220
955 339
955 889
956 101
956 3
957 273
957 279
958 377
958 627
959 735
959 2
960 718
960 8
961 182
961 2
962 832
962 257
963 455
963 257
964 617
964 347
965 228
965 185
966 47
966 404
967 1
967 741
968 247
968 237
969 571
969 428
970 15
970 325
971 559
971 518
972 73
972 769
973 571
973 108
974 440
974 75
975 435
975 14
976 812
976 554
977 1
977 93
978 15
978 129
979 470
979 586
980 411
980 954
981 63
981 886
982 72
982 136
983 26
983 228
984 5
984 176
985 15
985 50
986 142
986 6
987 103
987 505
988 26
988 798
989 206
989 9
990 623
990 306
991 633
991 870
992 47
992 266
993 38
993 83
994 68
994 193
995 674
995 580
996 835
996 452
997 266
997 87
998 977
998 215
999 4
999 276
1000 642
1000 146
1001 958
1001 80
1002 206
1002 440
1003 425
1003 259
1004 292
1004 870
1005 25
1005 672
1006 19
1006 176
1007 164
1007 10
1008 109
1008 473
1009 294
1009 664
1010 122
1010 637
1011 167
1011 609
1012 55
1012 657
1013 554
1013 932
1014 343
1014 364
1015 1
1015 240
1016 438
1016 518
1017 129
1017 469
1018 92
1018 594
1019 159
1019 232
1020 6
1020 249
1021 255
1021 393
1022 384
1022 470
1023 825
1023 90
1024 568
1024 426
1025 20
1025 812
1026 338
1026 607
1027 960
1027 252
1028 15
1028 684
1029 277
1029 105
1030 520
1030 752
1031 155
1031 279
1032 504
1032 701
1033 297
1033 857
1034 1
1034 944
1035 446
1035 2
1036 384
1036 510
1037 2
1037 315
1038 775
1038 651
1039 793
1039 80
1040 869
1040 439
1041 859
1041 402
1042 863
1042 228
1043 559
1043 515
1044 2
1044 410
1045 780
1045 70
1046 666
1046 806
1047 311
1047 2
1048 451
1048 118
1049 9
1049 205
1050 489
1050 248
1051 925
1051 281
1052 863
1052 83
1053 824
1053 237
1054 50
1054 219
1055 33
1055 1039
1056 243
1056 355
1057 97
1057 71
1058 425
1058 95
1059 113
1059 424
1060 219
1060 66
1061 687
1061 547
1062 200
1062 594
1063 175
1063 242
1064 6
1064 113
1065 660
1065 240
1066 1010
1066 911
1067 269
1067 430
1068 31
1068 1
1069 304
1069 45
1070 265
1070 59
1071 15
1071 142
1072 284
1072 158
1073 875
1073 1013
1074 932
1074 2
1075 353
1075 100
1076 387
1076 3
1077 348
1077 458
1078 695
1078 16
1079 747
1079 459
1080 119
1080 285
1081 297
1081 267
1082 363
1082 867
1083 34
1083 717
1084 694
1084 162
1085 159
1085 1028
1086 74
1086 14
1087 21
1087 297
1088 8
1088 191
1089 459
1089 257
1090 167
1090 754
1091 889
1091 85
1092 351
1092 1091
1093 357
1093 949
1094 1027
1094 34
1095 564
1095 609
1096 228
1096 277
1097 123
1097 8
1098 430
1098 302
1099 763
1099 923
1100 4
1100 43
1101 996
1101 1
1102 637
1102 82
1103 207
1103 8
1104 97
1104 75
1105 539
1105 251
1106 17
1106 686
1107 844
1107 596
1108 79
1108 27
1109 160
1109 33
1110 434
1110 405
1111 556
1111 2
1112 887
1112 404
1113 833
1113 47
1114 4
1114 430
1115 623
1115 19
1116 188
1116 961
1117 29
1117 6
1118 73
1118 624
1119 809
1119 36
1120 741
1120 777
1121 4
1121 345
1122 343
1122 43
1123 353
1123 453
1124 715
1124 68
1125 206
1125 221
1126 598
1126 899
1127 10
1127 966
1128 122
1128 1057
1129 249
1129 145
1130 1
1130 34
1131 305
1131 87
1132 598
1132 691
1133 584
1133 126
1134 352
1134 677
1135 249
1135 202
1136 2
1136 887
1137 790
1137 1096
1138 5
1138 362
1139 768
1139 94
1140 197
1140 689
1141 5
1141 2
1142 444
1142 255
1143 704
1143 129
1144 407
1144 530
1145 219
1145 261
1146 595
1146 82
1147 2
1147 677
1148 452
1148 925
1149 522
1149 3
1150 14
1150 867
1151 4
1151 30
1152 229
1152 24
1153 890
1153 13
1154 506
1154 698
1155 449
1155 54
1156 813
1156 210
1157 72
1157 1132
1158 425
1158 105
1159 149
1159 190
1160 111
1160 502
1161 1036
1161 750
1162 54
1162 240
1163 525
1163 53
1164 1105
1164 160
1165 35
1165 16
1166 332
1166 406
1167 357
1167 59
1168 7
1168 160
1169 4
1169 221
1170 196
1170 15
1171 343
1171 35
1172 868
1172 245
1173 96
1173 2
1174 10
1174 903
1175 1
1175 1013
1176 74
1176 674
1177 740
1177 263
1178 932
1178 990
1179 240
1179 126
1180 462
1180 538
1181 346
1181 179
1182 344
1182 141
1183 93
1183 531
1184 754
1184 485
1185 655
1185 814
1186 897
1186 87
1187 190
1187 78
1188 1
1188 2
1189 76
1189 1007
1190 824
1190 156
1191 92
1191 653
1192 424
1192 350
1193 73
1193 664
1194 533
1194 66
1195 9
1195 814
1196 14
1196 231
1197 9
1197 29
1198 970
1198 377
1199 8
1199 473
1200 1069
1200 70
1201 1151
1201 53
1202 517
1202 317
1203 660
1203 193
1204 14
1204 779
1205 2
1205 365
1206 5
1206 2
1207 557
1207 341
1208 83
1208 72
1209 1
1209 15
1210 1096
1210 681
1211 815
1211 418
1212 730
1212 267
1213 254
1213 167
1214 515
1214 36
1215 246
1215 3
1216 16
1216 563
1217 58
1217 134
1218 151
1218 1150
1219 696
1219 169
1220 1117
1220 820
1221 154
1221 67
1222 7
1222 1060
1223 109
1223 832
1224 220
1224 311
1225 890
1225 84
1226 95
1226 35
1227 18
1227 633
1228 1
1228 266
1229 158
1229 8
1230 191
1230 31
1231 552
1231 29
1232 666
1232 304
1233 464
1233 756
1234 23
1234 395
1235 7
1235 149
1236 14
1236 42
1237 83
1237 726
1238 641
1238 111
1239 89
1239 375
1240 174
1240 666
1241 370
1241 227
1242 71
1242 520
1243 754
1243 75
1244 1112
1244 345
1245 977
1245 923
1246 744
1246 344
1247 120
1247 8
1248 378
1248 224
1249 23
1249 368
1250 224
1250 73
1251 1182
1251 380
1252 674
1252 84
1253 41
1253 390
1254 1119
1254 242
1255 65
1255 145
1256 835
1256 5
1257 145
1257 382
1258 218
1258 33
1259 369
1259 449
1260 1117
1260 1096
1261 87
1261 4
1262 237
1262 2
1263 1050
1263 377
1264 990
1264 54
1265 100
1265 307
1266 674
1266 15
1267 35
1267 819
1268 637
1268 1000
1269 23
1269 273
1270 9
1270 1
1271 761
1271 652
1272 45
1272 889
1273 4
1273 62
1274 8
1274 485
1275 22
1275 707
1276 916
1276 191
1277 676
1277 981
1278 94
1278 129
1279 196
1279 119
1280 154
1280 825
1281 312
1281 683
1282 268
1282 78
1283 79
1283 463
1284 1042
1284 205
1285 810
1285 1131
1286 502
1286 14
1287 347
1287 878
1288 73
1288 287
1289 25
1289 346
1290 312
1290 1157
1291 259
1291 435
1292 2
1292 1205
1293 343
1293 28
1294 287
1294 109
1295 217
1295 84
1296 356
1296 1060
1297 520
1297 1
1298 2
1298 164
1299 12
1299 986
1300 8
1300 175
1301 420
1301 1090
1302 986
1302 269
1303 411
1303 2
1304 167
1304 877
1305 43
1305 18
1306 937
1306 344
1307 2
1307 105
1308 2
1308 93
1309 269
1309 2
1310 1117
1310 452
1311 1226
1311 1117
1312 763
1312 687
1313 2
1313 62
1314 735
1314 397
1315 213
1315 51
1316 35
1316 958
1317 1151
1317 188
1318 750
1318 1117
1319 1025
1319 8
1320 72
1320 188
1321 335
1321 1104
1322 768
1322 301
1323 80
1323 741
1324 1091
1324 50
1325 355
1325 327
1326 762
1326 7
1327 1081
1327 4
1328 2
1328 690
1329 232
1329 78
1330 68
1330 45
1331 54
1331 30
1332 1255
1332 772
1333 872
1333 701
1334 352
1334 58
1335 301
1335 489
1336 606
1336 520
1337 1252
1337 108
1338 816
1338 1024
1339 1071
1339 45
1340 872
1340 120
1341 612
1341 149
1342 18
1342 230
1343 1033
1343 49
1344 570
1344 343
1345 1105
1345 491
1346 819
1346 110
1347 183
1347 572
1348 218
1348 423
1349 228
1349 1207
1350 105
1350 140
1351 4
1351 457
1352 904
1352 72
1353 441
1353 261
1354 851
1354 3
1355 481
1355 122
1356 1052
1356 634
1357 790
1357 329
1358 690
1358 704
1359 59
1359 926
1360 260
1360 245
1361 253
1361 702
1362 1049
1362 35
1363 366
1363 347
1364 826
1364 2
1365 684
1365 207
1366 1051
1366 527
1367 813
1367 958
1368 383
1368 10
1369 105
1369 972
1370 356
1370 1252
1371 1109
1371 194
1372 15
1372 87
1373 1283
1373 1008
1374 914
1374 3
1375 664
1375 1033
1376 1171
1376 445
1377 5
1377 46
1378 33
1378 508
1379 20
1379 309
1380 205
1380 1030
1381 37
1381 660
1382 105
1382 1114
1383 15
1383 257
1384 1175
1384 961
1385 914
1385 378
1386 402
1386 2
1387 276
1387 1362
1388 1171
1388 206
1389 515
1389 98
1390 633
1390 463
1391 393
1391 55
1392 110
1392 72
1393 208
1393 1166
1394 160
1394 89
1395 5
1395 197
1396 1238
1396 6
1397 546
1397 315
1398 1163
1398 587
1399 33
1399 2
1400 229
1400 8
1401 805
1401 224
1402 1313
1402 826
1403 95
1403 18
1404 300
1404 2
1405 62
1405 64
1406 481
1406 474
1407 310
1407 33
1408 155
1408 2
1409 462
1409 754
1410 658
1410 10
1411 126
1411 33
1412 374
1412 1323
1413 2
1413 49
1414 697
1414 3
1415 31
1415 403
1416 1334
1416 805
1417 188
1417 208
1418 74
1418 5
1419 227
1419 46
1420 4
1420 1348
1421 2
1421 325
1422 1257
1422 164
1423 249
1423 1012
1424 998
1424 90
1425 1117
1425 540
1426 502
1426 832
1427 60
1427 623
1428 2
1428 220
1429 1154
1429 102
1430 863
1430 815
1431 975
1431 665
1432 1369
1432 920
1433 302
1433 2
1434 735
1434 6
1435 824
1435 73
1436 890
1436 341
1437 958
1437 275
1438 1175
1438 1198
1439 768
1439 872
1440 470
1440 16
1441 428
1441 979
1442 1154
1442 1
1443 215
1443 1
1444 404
1444 212
1445 813
1445 540
1446 1202
1446 499
1447 453
1447 1266
1448 8
1448 2
1449 54
1449 15
1450 578
1450 28
1451 462
1451 890
1452 526
1452 578
1453 562
1453 17
1454 1293
1454 795
1455 1063
1455 358
1456 536
1456 174
1457 685
1457 260
1458 1325
1458 179
1459 100
1459 1105
1460 1249
1460 14
1461 384
1461 870
1462 1
1462 113
1463 993
1463 1058
1464 6
1464 39
1465 2
1465 82
1466 1459
1466 28
1467 586
1467 959
1468 98
1468 346
1469 586
1469 43
1470 190
1470 14
1471 80
1471 940
1472 486
1472 462
1473 794
1473 268
1474 37
1474 182
1475 1443
1475 85
1476 144
1476 237
1477 252
1477 823
1478 128
1478 431
1479 375
1479 672
1480 536
1480 724
1481 9
1481 91
1482 430
1482 1087
1483 637
1483 281
1484 750
1484 1400
1485 1
1485 603
1486 309
1486 186
1487 190
1487 1415
1488 174
1488 162
1489 15
1489 595
1490 166
1490 347
1491 128
1491 1134
1492 192
1492 408
1493 8
1493 50
1494 167
1494 113
1495 308
1495 708
1496 1028
1496 908
1497 6
1497 160
1498 1206
1498 85
1499 705
1499 168
1500 1306
1500 1042
1501 824
1501 972
1502 391
1502 72
1503 674
1503 35
1504 414
1504 437
1505 21
1505 470
1506 1090
1506 890
1507 91
1507 151
1508 491
1508 1422
1509 129
1509 1290
1510 544
1510 1329
1511 420
1511 281
1512 202
1512 1324
1513 1181
1513 958
1514 1139
1514 473
1515 3
1515 455
1516 1132
1516 287
1517 2
1517 1266
1518 1044
1518 516
1519 1104
1519 278
1520 353
1520 149
1521 1117
1521 920
1522 72
1522 271
1523 504
1523 1433
1524 436
1524 28
1525 525
1525 8
1526 1044
1526 823
1527 1221
1527 1028
1528 658
1528 105
1529 1
1529 11
1530 957
1530 872
1531 1481
1531 1065
1532 270
1532 1182
1533 278
1533 1004
1534 64
1534 1094
1535 639
1535 257
1536 69
1536 6
1537 1524
1537 2
1538 684
1538 225
1539 33
1539 449
1540 1354
1540 1238
1541 1004
1541 284
1542 50
1542 579
1543 196
1543 205
1544 597
1544 480
1545 54
1545 814
1546 1
1546 377
1547 737
1547 375
1548 321
1548 1013
1549 355
1549 1056
1550 1425
1550 714
1551 7
1551 959
1552 593
1552 75
1553 142
1553 1475
1554 595
1554 353
1555 1120
1555 1113
1556 1007
1556 287
1557 97
1557 879
1558 696
1558 15
1559 845
1559 312
1560 1
1560 60
1561 325
1561 696
1562 1104
1562 1487
1563 1195
1563 2
1564 640
1564 1187
1565 200
1565 145
1566 1071
1566 214
1567 4
1567 518
1568 810
1568 614
1569 1044
1569 4
1570 1464
1570 1065
1571 407
1571 2
1572 697
1572 557
1573 998
1573 806
1574 442
1574 677
1575 312
1575 355
1576 1164
1576 1102
1577 230
1577 1217
1578 1313
1578 47
1579 983
1579 354
1580 149
1580 601
1581 727
1581 449
1582 652
1582 114
1583 130
1583 1347
1584 58
1584 8
1585 92
1585 1262
1586 532
1586 2
1587 917
1587 31
1588 1241
1588 5
1589 341
1589 1096
1590 264
1590 15
1591 730
1591 908
1592 10
1592 346
1593 453
1593 2
1594 1130
1594 1226
1595 314
1595 10
1596 449
1596 1374
1597 1315
1597 1159
1598 30
1598 1027
1599 355
1599 2
1600 676
1600 890
1601 86
1601 176
1602 25
1602 218
1603 59
1603 47
1604 1192
1604 1425
1605 235
1605 1245
1606 155
1606 1507
1607 297
1607 1154
1608 251
1608 252
1609 366
1609 45
1610 15
1610 564
1611 124
1611 680
1612 1089
1612 14
1613 109
1613 168
1614 1538
1614 126
1615 186
1615 2
1616 83
1616 1481
1617 43
1617 1
1618 141
1618 1415
1619 2
1619 45
1620 1117
1620 346
1621 763
1621 10
1622 1368
1622 11
1623 681
1623 1154
1624 1034
1624 173
1625 25
1625 1169
1626 1586
1626 81
1627 1078
1627 315
1628 72
1628 1524
1629 374
1629 879
1630 449
1630 96
1631 143
1631 337
1632 1396
1632 4
1633 37
1633 1069
1634 621
1634 49
1635 41
1635 838
1636 497
1636 1222
1637 98
1637 15
1638 3
1638 325
1639 38
1639 982
1640 82
1640 75
1641 21
1641 74
1642 59
1642 335
1643 2
1643 5
1644 1190
1644 81
1645 377
1645 98
1646 1625
1646 77
1647 330
1647 1308
1648 252
1648 1625
1649 965
1649 1582
1650 536
1650 1117
1651 1
1651 385
1652 435
1652 96
1653 18
1653 1582
1654 661
1654 998
1655 435
1655 252
1656 64
1656 33
1657 1337
1657 122
1658 792
1658 167
1659 915
1659 2
1660 269
1660 41
1661 94
1661 1587
1662 1096
1662 809
1663 366
1663 1244
1664 256
1664 1108
1665 111
1665 1409
1666 120
1666 1058
1667 78
1667 30
1668 997
1668 9
1669 958
1669 53
1670 461
1670 745
1671 1583
1671 724
1672 1
1672 1182
1673 15
1673 1464
1674 11
1674 37
1675 183
1675 312
1676 1150
1676 1295
1677 754
1677 42
1678 550
1678 1660
1679 16
1679 554
1680 101
1680 518
1681 975
1681 240
1682 1482
1682 1146
1683 436
1683 1147
1684 1334
1684 1507
1685 481
1685 1433
1686 1448
1686 964
1687 210
1687 1195
1688 812
1688 153
1689 1427
1689 17
1690 1460
1690 3
1691 594
1691 937
1692 54
1692 142
1693 1365
1693 95
1694 1115
1694 232
1695 1337
1695 491
1696 10
1696 186
1697 411
1697 10
1698 69
1698 10
1699 5
1699 266
1700 1460
1700 705
1701 2
1701 677
1702 26
1702 178
1703 50
1703 366
1704 100
1704 1260
1705 1407
1705 981
1706 463
1706 2
1707 268
1707 1539
1708 3
1708 970
1709 982
1709 49
1710 105
1710 629
1711 1559
1711 1080
1712 1332
1712 1195
1713 71
1713 247
1714 325
1714 219
1715 413
1715 493
1716 185
1716 270
1717 1368
1717 354
1718 269
1718 167
1719 176
1719 851
1720 1205
1720 520
1721 606
1721 15
1722 85
1722 137
1723 2
1723 167
1724 278
1724 495
1725 1654
1725 556
1726 1122
1726 5
1727 43
1727 455
1728 1427
1728 652
1729 126
1729 443
1730 1013
1730 139
1731 393
1731 190
1732 140
1732 334
1733 591
1733 1148
1734 370
1734 132
1735 229
1735 905
1736 6
1736 116
1737 2
1737 64
1738 58
1738 207
1739 878
1739 2
1740 1470
1740 252
1741 1207
1741 73
1742 225
1742 825
1743 411
1743 754
1744 82
1744 211
1745 164
1745 72
1746 467
1746 23
1747 1625
1747 470
1748 343
1748 26
1749 1625
1749 1109
1750 279
1750 260
1751 264
1751 737
1752 935
1752 1587
1753 273
1753 756
1754 696
1754 1563
1755 252
1755 873
1756 434
1756 6
1757 1
1757 2
1758 96
1758 166
1759 297
1759 378
1760 1643
1760 1051
1761 1148
1761 232
1762 248
1762 304
1763 39
1763 337
1764 93
1764 207
1765 854
1765 938
1766 1173
1766 1618
1767 1378
1767 111
1768 1
1768 9
1769 180
1769 5
1770 893
1770 563
1771 1058
1771 297
1772 1147
1772 128
1773 289
1773 994
1774 149
1774 12
1775 37
1775 313
1776 290
1776 449
1777 1157
1777 1
1778 1626
1778 590
1779 155
1779 1300
1780 319
1780 16
1781 1415
1781 1236
1782 350
1782 3
1783 925
1783 110
1784 247
1784 508
1785 83
1785 2
1786 97
1786 452
1787 12
1787 178
1788 1427
1788 765
1789 124
1789 2
1790 47
1790 448
1791 764
1791 221
1792 1516
1792 60
1793 1238
1793 230
1794 431
1794 515
1795 31
1795 23
1796 1597
1796 1025
1797 1614
1797 1155
1798 1205
1798 181
1799 410
1799 83
1800 96
1800 1466
1801 1548
1801 445
1802 51
1802 749
1803 96
1803 778
1804 222
1804 1516
1805 206
1805 1313
1806 175
1806 330
1807 1722
1807 1216
1808 1442
1808 222
1809 876
1809 1266
1810 267
1810 25
1811 761
1811 239
1812 218
1812 823
1813 814
1813 320
1814 121
1814 1138
1815 9
1815 1277
1816 343
1816 33
1817 1117
1817 106
1818 33
1818 1206
1819 1730
1819 97
1820 375
1820 779
1821 114
1821 91
1822 623
1822 445
1823 15
1823 1363
1824 1363
1824 1112
1825 449
1825 1291
1826 12
1826 302
1827 251
1827 160
1828 23
1828 1235
1829 62
1829 904
1830 1365
1830 872
1831 113
1831 1022
1832 4
1832 205
1833 1169
1833 1178
1834 4
1834 1063
1835 1234
1835 73
1836 109
1836 76
1837 1761
1837 1015
1838 299
1838 1537
1839 1221
1839 18
1840 228
1840 715
1841 278
1841 994
1842 12
1842 1244
1843 1363
1843 972
1844 603
1844 202
1845 215
1845 622
1846 1194
1846 1
1847 278
1847 1208
1848 389
1848 915
1849 59
1849 12
1850 694
1850 505
1851 267
1851 485
1852 94
1852 429
1853 17
1853 93
1854 407
1854 1565
1855 1283
1855 6
1856 1013
1856 313
1857 890
1857 108
1858 1484
1858 1319
1859 220
1859 1464
1860 158
1860 587
1861 54
1861 106
1862 957
1862 1703
1863 934
1863 1704
1864 307
1864 1374
1865 470
1865 908
1866 116
1866 222
1867 272
1867 220
1868 1291
1868 416
1869 1566
1869 47
1870 426
1870 408
1871 1747
1871 1648
1872 713
1872 280
1873 1237
1873 14
1874 286
1874 1662
1875 1070
1875 116
1876 3
1876 55
1877 971
1877 21
1878 126
1878 1112
1879 50
1879 1466
1880 847
1880 453
1881 272
1881 2
1882 1
1882 9
1883 315
1883 610
1884 1391
1884 87
1885 2
1885 949
1886 1455
1886 489
1887 2
1887 102
1888 72
1888 1455
1889 2
1889 93
1890 348
1890 14
1891 1884
1891 236
1892 32
1892 1151
1893 31
1893 253
1894 823
1894 331
1895 1891
1895 1025
1896 261
1896 490
1897 609
1897 1163
1898 1247
1898 59
1899 554
1899 1586
1900 261
1900 141
1901 928
1901 129
1902 2
1902 1761
1903 113
1903 188
1904 935
1904 117
1905 497
1905 570
1906 670
1906 756
1907 705
1907 1481
1908 58
1908 745
1909 1248
1909 1845
1910 176
1910 908
1911 7
1911 1148
1912 1073
1912 1423
1913 1056
1913 507
1914 679
1914 1706
1915 142
1915 83
1916 726
1916 167
1917 1907
1917 1474
1918 142
1918 624
1919 626
1919 600
1920 1703
1920 1183
1921 348
1921 218
1922 278
1922 897
1923 33
1923 262
1924 294
1924 3
1925 1451
1925 638
1926 696
1926 412
1927 476
1927 222
1928 48
1928 251
1929 532
1929 2
1930 685
1930 1825
1931 536
1931 44
1932 4
1932 936
1933 2
1933 890
1934 1443
1934 43
1935 1466
1935 351
1936 851
1936 444
1937 1666
1937 194
1938 406
1938 387
1939 526
1939 1938
1940 1004
1940 176
1941 188
1941 1135
1942 2
1942 812
1943 217
1943 689
1944 285
1944 1
1945 459
1945 1618
1946 436
1946 16
1947 517
1947 474
1948 116
1948 887
1949 885
1949 122
1950 513
1950 1
1951 412
1951 23
1952 1856
1952 229
1953 745
1953 503
1954 1477
1954 739
1955 167
1955 1597
1956 99
1956 73
1957 64
1957 453
1958 3
1958 218
1959 1614
1959 190
1960 1029
1960 855
1961 75
1961 449
1962 1212
1962 1691
1963 92
1963 1266
1964 1685
1964 73
1965 1674
1965 1579
1966 1785
1966 781
1967 2
1967 833
1968 830
1968 1427
1969 554
1969 393
1970 42
1970 70
1971 139
1971 1441
1972 923
1972 683
1973 60
1973 1529
1974 1477
1974 1914
1975 1138
1975 188
1976 1083
1976 126
1977 435
1977 85
1978 1233
1978 1761
1979 15
1979 1104
1980 343
1980 26
1981 143
1981 1818
1982 1440
1982 2
1983 269
1983 1034
1984 1839
1984 28
1985 1138
1985 1207
1986 696
1986 335
1987 1335
1987 2
1988 54
1988 1071
1989 343
1989 516
1990 482
1990 176
1991 174
1991 305
1992 147
1992 885
1993 366
1993 55
1994 565
1994 8
1995 71
1995 43
1996 1439
1996 1329
1997 96
1997 1241
1998 208
1998 255
1999 149
1999 265
2000 1175
2000 184
