2000
1 443
1 464
1 797
1 939
1 988
1 1068
1 1163
1 1216
1 1539
1 1757
2 95
2 105
2 332
2 447
2 571
2 579
2 610
2 1111
2 1312
2 1439
2 1897
3 90
3 153
3 347
3 382
3 661
3 1215
3 1258
3 1567
3 1671
3 1789
4 394
4 552
4 582
4 1193
4 1248
4 1967
5 65
5 113
5 128
5 330
5 467
5 797
5 928
5 999
5 1142
5 1149
5 1151
5 1213
5 1228
5 1640
5 1668
6 198
6 368
6 583
6 629
6 1247
6 1440
6 1501
6 1586
6 1614
6 1672
6 1846
7 156
7 677
7 870
7 883
7 919
7 924
7 1966
8 11
8 693
8 751
8 752
8 811
8 1765
8 1891
9 194
9 540
9 580
9 607
9 673
9 1180
9 1480
9 1594
9 1623
9 1694
10 79
10 281
10 537
10 550
10 673
10 836
10 1008
10 1093
10 1543
10 1659
10 1741
10 1985
11 14
11 24
11 281
11 516
11 1011
11 1158
11 1449
11 1667
12 47
12 77
12 192
12 576
12 636
12 675
12 1076
12 1381
12 1417
12 1825
13 166
13 281
13 514
13 574
13 653
13 769
13 804
13 859
13 890
13 1026
13 1151
13 1172
13 1369
13 1595
14 22
14 47
14 77
14 130
14 212
14 851
14 953
14 1279
14 1352
14 1719
14 1785
15 25
15 188
15 258
15 275
15 462
15 807
15 941
15 1180
15 1412
15 1539
15 1609
15 1702
15 1827
15 1832
16 17
16 116
16 181
16 261
16 355
16 426
16 844
16 985
16 1115
16 1349
16 2000
17 813
17 1068
17 1211
17 1509
17 1665
17 1956
17 1963
18 401
18 927
18 1366
18 1386
18 1715
18 1974
19 73
19 109
19 251
19 313
19 474
19 625
19 665
19 862
19 884
19 1033
19 1175
19 1354
19 1500
19 1659
19 1807
19 1857
20 310
20 329
20 330
20 578
20 688
20 813
20 859
20 939
20 1058
20 1110
20 1185
20 1476
20 1700
20 1751
20 1879
21 226
21 292
21 516
21 863
21 926
21 1086
21 1315
21 1420
21 1860
22 107
22 796
22 983
22 1084
22 1405
22 1446
23 259
23 879
23 999
23 1108
23 1575
23 1918
23 1971
24 59
24 190
24 480
24 629
24 775
24 942
24 1559
24 1637
24 1828
24 1972
25 212
25 446
25 661
25 974
25 1069
25 1282
25 1346
25 1707
25 1772
25 1910
26 36
26 202
26 265
26 366
26 933
26 938
26 1484
26 1629
26 1638
26 1801
27 694
27 1269
27 1457
27 1516
27 1787
27 1914
28 212
28 358
28 396
28 462
28 615
28 777
28 800
28 1379
28 1510
29 64
29 113
29 114
29 236
29 885
29 901
29 914
29 1013
29 1025
29 1071
29 1073
29 1254
29 1406
29 1568
29 1689
29 1869
30 31
30 50
30 203
30 339
30 433
30 652
30 1932
30 1941
31 382
31 610
31 654
31 1275
31 1331
31 1986
32 250
32 254
32 448
32 493
32 637
32 776
32 824
32 911
32 1352
32 1464
32 1494
32 1498
32 1509
33 86
33 132
33 999
33 1669
33 1949
34 114
34 175
34 192
34 875
34 902
34 990
34 1449
34 1745
35 121
35 506
35 572
35 713
35 1733
35 1748
35 1772
35 1825
35 1942
35 1981
36 40
36 532
36 633
36 1003
36 1025
36 1357
36 1481
36 1752
36 1981
36 1991
37 369
37 396
37 477
37 638
37 1130
37 1247
37 1290
37 1336
37 1558
37 1676
38 318
38 499
38 878
38 1035
38 1178
38 1201
38 1506
39 553
39 633
39 1666
39 1711
39 1836
40 195
40 524
40 579
40 847
40 1088
40 1211
40 1463
40 1579
40 1619
40 1906
41 417
41 534
41 642
41 688
41 976
41 1246
41 1450
41 1475
41 1611
42 66
42 306
42 435
42 605
42 652
42 675
42 743
42 993
42 996
42 1079
42 1262
42 1406
43 51
43 90
43 136
43 280
43 736
43 1031
43 1195
43 1215
43 1613
44 376
44 1194
44 1227
44 1366
44 1449
44 1531
44 1551
44 1569
44 1793
44 1891
44 1939
45 842
45 896
45 996
45 1151
45 1333
45 1773
45 1904
46 49
46 143
46 579
46 768
46 905
46 1024
46 1259
46 1348
47 146
47 1696
47 1815
47 1865
48 422
48 438
48 663
48 698
48 814
48 835
48 1168
48 1558
48 1917
49 473
49 595
49 603
49 689
49 848
49 868
49 1124
49 1521
49 1530
49 1796
50 115
50 787
50 821
50 991
50 1099
50 1188
50 1428
50 1501
50 1585
50 1627
51 264
51 410
51 796
51 1086
51 1109
51 1177
51 1311
51 1695
51 1824
52 83
52 423
52 659
52 890
52 1471
52 1666
52 1671
52 1712
52 1715
52 1946
52 1954
53 113
53 1194
53 1320
53 1466
53 1684
53 1942
53 1976
54 372
54 469
54 852
54 1296
54 1644
54 1720
54 1745
54 1761
54 1779
54 1784
54 1917
54 1937
55 306
55 548
55 591
55 610
55 707
55 768
55 774
55 805
55 1067
55 1303
55 1537
55 1699
55 1712
55 1966
56 57
56 68
56 516
56 670
56 1215
56 1220
56 1446
56 1583
56 1612
56 1778
56 1799
57 699
57 1118
57 1833
58 83
58 340
58 397
58 399
58 405
58 443
58 1406
58 1588
58 1668
58 1676
58 1846
58 1899
59 98
59 656
59 1004
59 1107
59 1220
59 1494
59 1933
60 125
60 333
60 372
60 688
60 695
60 931
60 1261
60 1414
61 75
61 209
61 654
61 715
61 786
61 1074
61 1872
62 235
62 416
62 1072
62 1229
62 1309
62 1365
62 1373
62 1704
62 1900
62 1921
62 1931
62 1934
63 101
63 164
63 212
63 601
63 695
63 761
63 862
63 983
63 1210
63 1699
63 1837
63 1885
64 219
64 744
64 1084
64 1761
65 73
65 148
65 248
65 364
65 402
65 642
65 816
65 949
65 1331
65 1567
65 1731
65 1759
66 101
66 382
66 557
66 799
66 1067
66 1094
66 1230
66 1344
66 1473
66 1646
66 1749
66 1910
67 403
67 823
67 1089
67 1341
67 1834
68 85
68 253
68 271
68 585
68 823
68 1014
68 1015
68 1149
68 1165
68 1369
68 1396
68 1579
68 1830
69 909
69 1004
69 1292
69 1419
69 1426
69 1636
69 1638
69 1817
70 115
70 161
70 227
70 230
70 354
70 511
70 1045
70 1248
70 1380
70 1450
70 1610
70 1723
70 1966
71 326
71 395
71 401
71 462
71 593
71 616
71 1301
71 1459
71 1515
71 1589
71 1678
71 1772
71 1972
72 945
72 1238
72 1392
72 1494
72 1727
72 1769
72 1828
72 1946
72 1948
72 1952
73 111
73 449
73 484
73 1074
73 1461
73 1697
73 1856
73 1887
74 130
74 139
74 155
74 468
74 1058
74 1061
74 1142
74 1220
74 1790
75 180
75 383
75 813
75 990
75 1116
75 1281
75 1333
75 1390
75 1428
75 1505
75 1521
75 1573
75 1725
75 1822
75 1977
76 112
76 252
76 294
76 357
76 363
76 607
76 879
76 896
76 1129
76 1619
76 1620
76 1746
76 1765
77 352
77 377
77 508
77 637
77 953
77 958
77 1198
77 1220
77 1229
77 1231
77 1410
77 1494
77 1593
77 1813
77 1990
78 272
78 356
78 625
78 722
78 1005
78 1301
78 1337
78 1690
78 1742
78 1807
78 1841
78 1874
79 961
79 1361
79 1676
80 336
80 459
80 511
80 564
80 985
80 1201
80 1282
80 1407
80 1447
80 1672
80 1692
81 136
81 394
81 545
81 581
81 641
81 894
81 1141
81 1250
81 1441
81 1557
81 1745
81 1804
81 1809
81 1910
82 541
82 643
82 661
82 744
82 993
82 1443
82 1721
82 1863
83 95
83 703
83 1416
83 1930
84 208
84 384
84 385
84 447
84 541
84 677
84 781
84 919
84 1051
84 1151
84 1257
84 1372
84 1430
84 1841
85 216
85 233
85 504
85 587
85 793
85 1547
85 1650
85 1700
85 1919
85 1921
86 354
86 362
86 550
86 595
86 1313
86 1341
86 1401
86 1498
86 1499
86 1575
86 1619
86 1727
86 1830
86 1927
86 1993
87 120
87 145
87 232
87 355
87 357
87 386
87 440
87 582
87 641
87 1445
87 1690
87 1953
88 129
88 753
88 761
88 822
88 1163
88 1251
88 1785
89 93
89 94
89 459
89 462
89 479
89 731
89 768
89 847
89 1030
89 1204
89 1509
89 1572
90 126
90 250
90 252
90 434
90 796
90 1223
90 1856
90 1992
91 1029
91 1500
92 340
92 494
92 608
92 1078
92 1105
92 1551
92 1684
93 374
93 1073
93 1137
93 1280
93 1400
93 1624
93 1691
93 1738
94 107
94 395
94 650
94 908
94 962
94 997
94 1136
94 1161
94 1361
94 1386
94 1584
94 1792
94 1960
95 176
95 452
95 731
95 747
95 1091
95 1107
95 1185
95 1366
95 1373
95 1457
95 1692
96 271
96 590
96 609
96 711
96 749
96 927
96 935
96 1339
96 1359
96 1413
96 1447
96 1467
96 1499
96 1943
97 318
97 501
97 528
97 1605
97 1612
97 1912
98 233
98 247
98 537
98 626
98 968
98 985
98 987
98 1226
98 1360
98 1430
98 1464
98 1636
98 1888
98 1936
99 164
99 218
99 531
99 798
99 1116
99 1259
99 1434
99 1471
99 1807
100 444
100 669
100 1217
100 1744
100 1889
101 416
101 448
101 573
101 781
101 1038
101 1475
101 1516
101 1649
101 1972
102 119
102 335
102 362
102 431
102 798
102 840
102 901
102 1068
102 1391
102 1662
102 1931
102 1961
103 222
103 227
103 559
103 681
103 683
103 918
103 1121
103 1185
103 1192
103 1263
103 1278
103 1335
103 1761
104 525
104 928
104 1106
104 1147
104 1356
104 1361
104 1672
104 1933
105 178
105 235
105 270
105 936
105 1096
105 1172
105 1324
105 1361
105 1459
105 1684
105 1944
106 337
106 675
106 729
106 1032
106 1554
106 1709
106 1720
106 1813
106 1844
107 124
107 390
107 679
107 725
107 1133
107 1351
107 1369
107 1380
107 1683
107 1778
108 268
108 460
108 725
108 766
108 991
108 1383
108 1972
109 187
109 231
109 270
109 438
109 443
109 826
109 1571
109 1581
109 1880
110 760
110 947
110 1236
110 1346
110 1617
111 385
111 456
111 552
111 624
111 786
111 796
111 1218
111 1485
111 1684
111 1989
112 147
112 380
112 514
112 619
112 632
112 674
112 676
112 813
112 957
112 1915
112 1922
112 1981
113 289
113 815
113 1056
113 1120
113 1163
113 1188
113 1196
113 1501
113 1956
114 141
114 253
114 988
114 1797
115 1055
115 1265
115 1505
115 1766
116 382
116 640
116 1814
116 1939
117 561
117 578
117 663
117 673
117 1287
117 1397
117 1436
117 1580
117 1758
117 1970
118 193
118 394
118 418
118 584
118 902
118 980
118 1132
118 1315
118 1365
118 1513
118 1516
118 1749
119 399
119 658
119 1097
119 1100
119 1104
119 1731
120 371
120 658
120 697
120 1052
120 1210
120 1346
120 1534
120 1538
120 1540
120 1642
120 1831
121 347
121 356
121 414
121 436
121 470
121 626
121 818
121 939
121 1266
121 1456
121 1660
122 139
122 711
122 885
122 1207
122 1224
122 1261
122 1470
122 1529
122 1797
122 1862
123 186
123 204
123 547
123 695
123 815
123 907
123 1017
123 1059
123 1145
123 1451
123 1532
123 1641
123 1681
123 1749
124 315
124 332
124 517
124 1106
124 1173
124 1396
124 1717
125 284
125 293
125 468
125 499
125 507
125 558
125 1011
125 1509
125 1791
125 1813
125 1829
125 1947
126 134
126 355
126 495
126 546
126 678
126 1115
126 1129
126 1188
126 1333
126 1835
127 417
127 593
127 682
127 807
127 808
127 839
127 867
127 1148
127 1168
127 1194
127 1446
127 1492
127 1836
128 612
128 683
128 716
128 826
128 1026
128 1103
128 1193
128 1425
128 1469
128 1640
128 1949
129 270
129 469
129 515
129 618
129 680
129 855
129 1222
129 1314
129 1319
129 1411
129 1483
129 1711
129 1947
130 228
130 434
130 681
130 903
130 934
130 977
130 1086
130 1221
130 1223
130 1228
130 1328
130 1369
130 1499
130 1752
130 1928
131 193
131 223
131 429
131 597
131 605
131 771
131 1130
131 1171
131 1341
131 1503
131 1806
131 1827
131 1830
131 1895
131 1942
132 682
132 976
132 989
132 1072
132 1443
132 1651
132 1697
133 249
133 478
133 578
133 629
133 1397
133 1444
133 1501
133 1712
134 317
134 1350
134 1396
134 1644
134 1743
134 1756
134 1773
134 1781
134 1824
135 458
135 528
135 691
135 727
135 746
135 995
135 1087
135 1297
135 1360
135 1428
135 1571
135 1574
135 1611
135 1816
136 186
136 453
136 458
136 660
136 1103
136 1247
136 1489
136 1721
136 1946
137 419
137 463
137 662
137 1163
137 1173
137 1692
137 1924
137 1985
137 2000
138 190
138 267
138 393
138 415
138 479
138 528
138 536
138 986
138 1103
138 1161
138 1213
138 1544
138 1697
138 1781
138 1914
139 144
139 698
139 1158
139 1213
139 1240
139 1395
139 1577
139 1654
139 1844
140 264
140 344
140 829
140 836
140 889
140 894
140 913
140 1033
141 450
141 517
141 524
141 526
141 856
141 1018
141 1234
141 1531
141 1614
141 1892
141 1962
142 400
142 679
142 815
142 1232
142 1349
142 1483
142 1543
142 1586
142 1794
142 1809
142 1862
143 385
143 478
143 606
143 692
143 713
143 1230
143 1371
143 1855
144 278
144 618
144 710
144 850
144 924
144 1143
144 1545
144 1679
144 1937
144 1962
145 327
145 332
145 742
145 850
145 914
145 935
145 1185
145 1262
145 1347
145 1626
145 1964
146 187
146 243
146 309
146 499
146 895
146 1006
146 1008
146 1189
146 1314
146 1478
146 1752
146 1813
147 457
147 799
147 957
147 1004
147 1431
147 1700
147 1929
148 874
148 1164
148 1171
148 1279
148 1527
148 1625
148 1709
148 1714
148 1805
148 1962
149 246
149 422
149 458
149 463
149 767
149 794
149 975
149 1360
149 1617
150 390
150 675
150 886
150 922
150 1428
150 1682
150 1885
150 1968
151 292
151 327
151 337
151 497
151 688
151 1006
151 1046
151 1165
151 1320
151 1409
151 1550
151 1700
151 1982
152 156
152 160
152 214
152 373
152 448
152 513
152 523
152 581
152 961
152 1179
152 1272
152 1293
152 1644
152 1975
153 1096
153 1103
153 1143
153 1507
153 1551
153 1684
154 406
154 620
154 731
154 734
154 860
154 1157
154 1314
154 1452
154 1765
155 365
155 486
155 631
155 641
155 787
155 1483
155 1673
155 1846
155 1866
155 1915
156 355
156 675
156 801
156 1068
156 1076
156 1288
156 1515
156 1625
156 1673
156 1752
156 1934
157 243
157 333
157 669
157 877
157 1073
157 1178
157 1274
157 1903
158 289
158 365
158 630
158 731
158 797
158 1176
158 1409
158 1721
158 1829
159 336
159 509
159 518
159 793
159 1626
159 1647
159 1771
160 201
160 415
160 417
160 498
160 593
160 598
160 982
160 996
160 1549
160 1864
161 231
161 243
161 370
161 649
161 684
161 904
161 1461
161 1502
161 1655
161 1658
161 1959
162 205
162 654
162 872
162 949
162 1198
162 1233
162 1383
162 1537
162 1973
163 317
163 537
163 572
163 616
163 662
163 729
163 980
163 1144
163 1716
164 273
164 585
164 588
164 1153
164 1297
164 1345
164 1366
164 1439
164 1466
164 1516
164 1550
164 1580
164 1674
164 1786
164 1861
164 1947
165 261
165 432
165 466
165 655
165 665
165 1373
165 1466
165 1647
165 1722
165 1752
165 1787
165 1857
165 1861
166 311
166 455
166 545
166 1060
166 1172
166 1209
166 1670
166 1952
166 1991
167 288
167 829
167 1140
167 1612
167 1879
168 381
168 476
168 725
168 789
168 805
168 833
168 911
168 951
168 1083
168 1306
168 1358
168 1359
168 1601
168 1938
168 1971
169 384
169 417
169 439
169 686
169 854
169 1548
169 1651
169 1851
170 666
170 1164
170 1263
170 1396
171 241
171 262
171 385
171 843
171 991
171 1001
171 1044
171 1299
171 1586
171 1619
171 1639
172 269
172 652
172 689
172 763
172 1676
172 1727
172 1786
172 1874
173 193
173 566
173 662
173 745
173 847
173 1019
173 1297
173 1361
173 1522
173 1588
174 179
174 551
174 847
174 1104
174 1155
174 1370
174 1532
174 1591
174 1625
174 1876
174 1951
175 394
175 762
175 778
175 804
175 827
175 908
175 1044
175 1134
175 1178
175 1221
175 1540
175 1651
175 1793
175 1977
176 248
176 671
176 847
176 878
176 948
176 1135
176 1136
176 1321
176 1480
176 1967
177 233
177 265
177 470
177 1316
177 1358
177 1368
177 1760
177 1941
177 1966
178 484
178 590
178 604
178 731
178 965
178 996
178 1271
178 1309
178 1376
178 1742
178 1756
178 1941
178 1981
179 326
179 387
179 1588
179 1770
180 219
180 320
180 337
180 692
180 823
180 1249
180 1715
180 1824
181 229
181 692
181 788
181 808
181 825
181 1008
181 1204
181 1354
181 1392
181 1526
181 1570
181 1737
181 1911
182 373
182 753
182 767
182 813
182 1462
182 1789
183 319
183 599
183 1003
183 1204
183 1226
183 1248
183 1254
183 1696
184 304
184 1055
184 1137
184 1152
184 1495
184 1544
184 1680
185 191
185 943
185 1028
185 1086
185 1212
185 1359
185 1427
185 1474
186 189
186 225
186 387
186 426
186 887
186 1225
186 1317
186 1353
186 1703
186 1792
186 1850
187 278
187 301
187 481
187 629
187 745
187 888
187 970
187 1189
187 1439
187 1550
187 1561
187 1767
188 567
188 613
188 1098
188 1207
188 1633
188 1640
188 1684
188 1761
188 1771
188 1926
188 1933
189 444
189 610
189 897
189 1100
189 1128
190 239
190 613
190 1057
190 1389
190 1545
190 1559
190 1623
190 1664
190 1710
190 1911
191 664
191 1079
191 1364
192 502
192 721
192 939
192 946
192 1056
192 1153
192 1301
192 1336
192 1395
192 1421
192 1920
193 253
193 410
193 711
193 719
193 794
193 831
193 1009
193 1216
193 1373
193 1493
193 1566
193 1668
193 1760
194 322
194 898
194 1280
194 1939
195 312
195 339
195 845
195 1121
195 1352
195 1419
195 1511
195 1615
195 1647
195 1703
196 555
196 623
196 675
196 846
196 973
196 1318
196 1479
196 1673
197 214
197 227
197 327
197 388
197 526
197 546
197 683
197 849
197 994
197 1006
197 1333
197 1543
197 1557
197 1740
197 1925
198 300
198 970
198 1247
198 1590
198 1610
198 1612
198 1734
198 1809
199 400
199 481
199 594
199 727
199 1008
199 1571
199 1618
199 1763
199 1814
199 1838
199 1937
200 538
200 578
200 631
200 655
200 697
200 983
200 1557
200 1763
200 1800
201 396
201 587
201 748
201 763
201 781
201 937
201 946
201 1110
201 1244
201 1710
201 1857
201 1923
202 289
202 440
202 725
202 800
202 1159
202 1304
202 1306
202 1327
202 1378
202 1470
202 1607
202 1899
203 410
203 742
203 1143
203 1192
203 1436
203 1812
203 2000
204 409
204 603
204 692
204 1093
204 1246
204 1323
204 1360
204 1547
205 335
205 523
205 538
205 676
205 705
205 1177
205 1539
205 1747
205 1762
206 223
206 1387
206 1652
206 1966
206 1977
207 305
207 476
207 610
207 952
207 969
207 1363
207 1413
207 1451
207 1589
207 1620
207 1687
208 213
208 230
208 313
208 420
208 442
208 647
208 662
208 709
208 763
208 842
208 1017
208 1769
208 1945
209 617
209 632
209 879
209 1094
209 1242
209 1254
209 1541
209 1756
209 1825
209 1829
210 404
210 531
210 751
210 810
210 958
210 1107
210 1124
210 1350
210 1480
210 1487
210 1518
210 1872
210 1893
211 570
211 695
211 871
211 940
211 1119
211 1381
211 1432
211 1494
211 1565
212 861
212 1281
212 1479
212 1498
212 1707
212 1776
212 1837
212 1896
213 818
213 1112
213 1168
213 1343
213 1490
214 340
214 459
214 735
214 1190
214 1294
214 1543
214 1803
214 1830
215 323
215 728
215 1053
215 1150
215 1419
215 1547
215 1600
215 1818
216 369
216 920
216 1085
216 1110
216 1244
216 1575
216 1722
216 1882
216 1971
217 331
217 522
217 583
217 621
217 666
217 1319
217 1510
217 1733
217 1996
218 674
218 813
218 897
218 998
218 1238
218 1781
218 1946
219 278
219 305
219 346
219 616
219 641
219 724
219 1301
219 1440
219 1578
219 1581
219 1796
220 601
220 927
220 1435
220 1626
220 1719
221 254
221 283
221 484
221 713
221 786
221 881
221 1324
221 1404
221 1435
221 1545
221 1601
221 1650
221 1922
222 508
222 736
222 740
222 792
222 888
222 1161
222 1192
222 1406
222 1506
222 1860
223 319
223 990
223 1030
223 1304
223 1435
223 1664
223 1853
224 259
224 266
224 483
224 526
224 667
224 740
224 910
224 917
224 975
224 1146
224 1509
224 1525
224 1575
225 241
225 333
225 547
225 569
225 897
225 919
225 1283
225 1349
225 1569
225 1923
225 1966
226 312
226 707
226 1196
226 1387
226 1529
226 1645
226 1701
227 665
227 851
227 1110
227 1356
227 1632
228 487
228 491
228 660
228 669
228 727
228 765
228 777
228 1356
228 1895
229 417
229 590
229 810
229 1219
229 1224
229 1403
229 1448
229 1933
230 231
230 444
230 469
230 494
230 506
230 636
230 1202
230 1286
230 1540
230 1672
230 1733
230 1748
230 1849
230 1853
230 1939
231 329
231 540
231 821
231 969
231 1531
231 1590
231 1604
232 320
232 336
232 1060
232 1172
232 1530
232 1600
232 1695
233 278
233 417
233 448
233 795
233 929
233 1140
233 1173
233 1220
233 1293
233 1380
233 1491
233 1540
233 1768
233 1769
233 1829
234 706
234 846
234 847
234 946
234 1334
234 1594
234 1624
234 1684
234 1786
234 1803
234 1821
234 1833
234 1897
235 263
235 524
235 551
235 695
235 963
235 1269
235 1279
235 1512
235 1526
235 1624
235 1728
236 271
236 350
236 411
236 435
236 485
236 586
236 835
236 945
236 969
236 973
236 1347
236 1576
236 1806
236 1876
237 318
237 598
237 1017
237 1857
238 262
238 385
238 438
238 861
238 997
238 1212
238 1358
238 1391
238 1683
238 1689
239 243
239 749
239 794
239 883
239 1109
239 1674
239 1773
240 276
240 777
240 866
240 938
240 944
240 990
240 1049
240 1086
240 1260
240 1586
240 1882
241 455
241 914
241 956
241 1036
241 1137
241 1216
241 1277
241 1423
241 1577
241 1764
241 1880
242 349
242 368
242 387
242 456
242 494
242 623
242 761
242 1187
242 1302
242 1910
242 1922
242 1939
243 856
243 1783
243 1943
244 250
244 731
244 884
244 974
244 1077
244 1330
244 1607
244 1721
244 1736
244 1803
244 1915
245 342
245 500
245 505
245 592
245 895
245 1015
245 1039
245 1137
245 1247
245 1400
245 1659
246 263
246 287
246 296
246 527
246 908
246 1044
246 1209
246 1440
246 1774
247 376
247 688
247 1628
247 1890
248 773
248 888
248 1042
248 1183
248 1341
248 1391
248 1481
248 1657
248 1794
248 1848
249 262
249 576
249 679
249 820
249 922
249 1154
249 1156
249 1167
249 1269
249 1308
249 1464
249 1649
249 1859
250 361
250 378
250 651
250 695
250 709
250 761
250 774
250 1020
250 1154
250 1203
250 1341
250 1554
250 1592
250 1626
250 1734
250 1776
251 697
251 732
251 793
251 1383
251 1959
252 494
252 543
252 1019
252 1303
252 1580
252 1586
252 1771
252 1917
252 1993
253 422
253 638
253 886
253 917
253 1023
253 1473
254 453
254 1135
254 1272
254 1319
254 1395
254 1653
254 1825
254 1988
255 514
255 795
255 972
255 1014
255 1062
255 1125
255 1598
255 1820
256 538
256 663
256 664
256 916
256 1406
256 1617
256 1659
256 1661
256 1689
256 1766
257 467
257 514
257 675
257 817
257 1477
257 1763
258 362
258 451
258 453
258 514
258 931
258 1001
258 1263
258 1396
258 1694
258 1814
258 1955
259 421
259 1067
259 1702
259 1800
259 1811
260 270
260 349
260 407
260 413
260 621
260 716
260 771
260 857
260 1072
260 1479
260 1563
260 1882
261 319
261 648
261 684
261 1137
261 1458
261 1653
261 1889
262 332
262 521
262 600
262 1010
262 1088
262 1156
262 1207
262 1596
262 1625
262 1872
262 1956
263 595
263 659
263 970
263 1146
263 1536
263 1676
263 1813
263 1915
263 1927
264 330
264 597
264 735
264 878
264 883
264 1651
265 855
265 897
265 996
265 1226
265 1570
265 1611
265 1707
265 1948
266 558
266 850
266 944
266 1016
266 1208
266 1341
266 1460
266 1514
266 1576
267 349
267 593
267 638
267 1115
267 1134
267 1396
267 1474
267 1529
267 1601
268 320
268 666
268 678
268 706
268 740
268 985
268 1586
269 392
269 429
269 471
269 1114
269 1503
269 1535
269 1731
269 1832
269 1955
270 321
270 357
270 439
270 453
270 685
270 973
270 1028
270 1314
270 1485
271 515
271 785
271 903
271 1104
271 1332
271 1341
272 596
272 603
272 643
272 1172
272 1370
272 1582
272 1614
273 524
273 586
273 798
273 1107
273 1528
273 1628
274 403
274 434
274 673
274 703
274 1276
274 1351
274 1652
275 355
275 556
275 692
275 1208
275 1296
275 1505
275 1622
275 1753
276 486
276 737
276 946
276 1347
276 1408
276 1517
276 1847
276 1873
276 1875
277 338
277 346
277 431
277 659
277 1260
277 1979
278 414
278 426
278 481
278 617
278 866
278 980
278 1017
278 1069
278 1598
278 1630
279 719
279 1279
279 1410
279 1593
279 1798
279 1838
279 1847
279 1995
280 480
280 573
280 623
280 808
280 970
280 988
280 993
280 1010
280 1367
280 1437
280 1495
281 367
281 423
281 478
281 1396
281 1461
281 1517
281 1629
281 1825
281 1841
281 1843
282 608
282 829
282 1014
282 1516
282 1560
282 1683
282 1818
282 1968
282 1969
283 374
283 472
283 500
283 750
283 1078
283 1125
283 1217
283 1229
283 1683
283 1787
284 650
284 876
284 969
284 1125
284 1148
284 1245
284 1276
284 1287
284 1939
284 1954
285 394
285 782
285 994
285 1193
285 1274
285 1491
285 1618
286 529
286 736
286 890
286 1104
286 1880
286 1994
287 430
287 537
287 628
287 744
287 909
287 1137
287 1389
287 1737
287 1837
288 391
288 484
288 540
288 660
288 829
288 959
288 1284
288 1489
288 1584
288 1705
288 1920
289 514
289 850
289 1191
289 1785
289 1953
290 320
290 1492
290 1493
290 1528
290 1537
290 1947
291 790
291 876
291 881
291 1149
291 1590
291 1955
292 845
292 1013
292 1136
292 1163
292 1215
292 1477
292 1733
293 650
293 902
293 1361
294 356
294 379
294 637
294 690
294 946
294 1135
294 1139
294 1257
294 1407
294 1584
294 1638
294 1920
295 720
295 1533
295 1554
295 1683
295 1730
295 1865
296 421
296 463
296 474
296 626
296 654
296 757
296 831
296 937
296 1124
296 1814
297 490
297 656
297 662
297 727
297 782
297 1228
297 1350
297 1507
297 1594
298 382
298 843
298 1285
298 1420
298 1583
298 1844
299 483
299 908
299 1102
299 1245
299 1934
299 1980
299 1994
300 429
300 663
300 1283
300 1354
300 1436
300 1468
300 1713
300 1838
301 494
301 568
301 710
301 863
301 865
301 866
301 1144
301 1368
301 1397
301 1462
301 1661
301 1766
301 1824
301 1835
301 1991
302 525
302 759
302 968
302 979
302 1018
302 1078
302 1157
302 1298
302 1553
302 1560
302 1682
303 476
303 519
303 699
303 727
303 843
303 963
303 1052
303 1129
303 1276
303 1911
304 701
304 1035
304 1117
304 1194
304 1659
304 1859
305 407
305 453
305 482
305 545
305 850
305 887
305 1013
305 1038
305 1134
305 1519
305 1544
305 1693
305 1778
305 1892
305 1983
306 424
306 758
306 789
306 1981
307 494
307 636
307 708
307 1162
307 1208
307 1217
307 1442
307 1786
307 1924
308 528
308 531
308 589
308 869
308 913
308 1060
308 1128
309 367
309 586
309 765
309 841
309 1096
309 1171
309 1851
310 506
310 813
310 1376
310 1387
310 1550
310 1855
310 1939
310 1960
311 366
311 489
311 963
311 1038
311 1376
311 1728
312 328
312 712
312 1117
312 1237
312 1479
312 1565
313 523
313 537
313 557
313 612
313 737
313 877
313 994
313 1497
313 1615
314 448
314 470
314 502
314 600
314 1471
315 498
315 669
315 789
315 816
315 857
315 913
315 1070
315 1098
315 1190
315 1420
315 1752
316 329
316 374
316 1193
316 1259
316 1344
316 1406
316 1813
317 332
317 844
317 1001
317 1002
317 1268
317 1279
317 1832
318 397
318 1310
318 1324
318 1751
319 321
319 535
319 578
319 981
319 1352
319 1630
319 1799
319 1878
320 1049
320 1206
320 1240
320 1436
320 1665
320 1994
321 475
321 725
321 837
321 1358
321 1374
321 1566
321 1976
322 601
322 854
322 880
322 1053
322 1286
322 1623
322 1672
322 1822
322 1841
322 1922
323 676
323 955
323 1398
323 1677
324 960
324 1266
324 1302
324 1574
324 1620
324 1766
324 1843
325 386
325 768
325 806
325 827
325 888
325 959
325 1182
325 1234
325 1483
325 1583
325 1825
325 1938
325 1952
326 857
326 953
326 1018
326 1468
326 1981
327 402
327 462
327 647
327 1834
328 493
328 704
328 981
328 1320
328 1343
328 1474
328 1644
329 463
329 600
329 657
329 942
329 1423
329 1628
330 1065
330 1337
330 1434
331 576
331 641
331 642
331 904
331 1071
331 1183
331 1436
332 507
332 815
332 826
332 1103
332 1826
332 1878
332 1993
333 538
333 875
333 1393
333 1615
333 1637
333 1646
333 1847
333 1955
333 1979
334 377
334 777
334 954
334 983
334 1108
334 1111
334 1288
334 1399
334 1819
335 439
335 626
335 889
335 1059
335 1196
335 1567
335 1606
335 1747
335 1885
335 1910
336 589
336 604
336 724
336 761
336 1125
336 1145
336 1253
336 1577
336 1867
337 444
337 638
337 739
337 1002
337 1198
337 1529
337 1771
337 1824
338 394
338 411
338 611
338 653
338 1186
338 1339
338 1681
339 611
339 989
339 1406
339 1533
339 1640
339 1795
339 1845
339 1938
340 517
340 1352
340 1518
340 1837
341 729
341 773
341 798
341 1150
341 1564
341 1580
341 1947
342 382
342 656
342 733
342 753
342 1238
342 1240
342 1286
342 1309
342 1352
342 1361
342 1555
342 1712
342 1741
342 1881
343 749
343 776
343 854
343 944
343 1041
343 1185
343 1436
343 1473
343 1633
343 1931
344 528
344 543
344 772
344 851
344 1013
344 1126
344 1248
344 1285
344 1460
344 1661
344 1876
345 462
345 975
345 1234
345 1254
345 1525
345 1569
345 1795
345 1933
346 354
346 727
346 914
346 1228
346 1448
346 1503
346 1786
346 1906
347 735
347 756
347 913
347 1107
347 1252
347 1454
347 1628
347 1738
347 1849
347 1869
348 379
348 609
348 900
348 1171
348 1384
348 1514
348 1744
348 1857
348 1858
349 421
349 523
349 1090
349 1127
349 1279
349 1396
349 1665
349 1856
350 1092
350 1269
350 1392
350 1552
350 1567
351 453
351 667
351 1012
351 1057
351 1364
351 1378
352 652
352 1820
353 601
353 976
353 1411
353 1545
353 1858
354 405
354 775
354 827
354 995
354 1027
354 1169
354 1418
354 1439
354 1646
354 1992
355 614
355 723
355 885
355 1041
355 1158
355 1395
355 1430
355 1666
355 1772
355 1925
355 1977
356 559
356 569
356 804
356 1192
356 1367
356 1379
356 1441
356 1462
356 1499
356 1546
356 1576
356 1753
356 1882
356 1902
356 1946
357 434
357 948
357 1179
357 1389
358 767
358 985
358 1472
358 1497
358 1773
358 1928
358 1933
358 1935
358 1993
359 392
359 424
359 450
359 669
359 875
359 951
359 1153
359 1902
360 469
360 510
360 925
360 947
360 1041
360 1120
360 1629
360 1710
361 428
361 601
361 1327
361 1459
361 1464
361 1494
362 371
362 644
362 1200
362 1250
362 1414
362 1610
362 1681
362 1849
362 1888
363 744
363 1233
363 1494
363 1622
363 1754
363 1879
364 470
364 801
364 1144
364 1232
364 1242
364 1450
364 1752
364 1906
364 1933
365 369
365 663
365 924
365 1252
365 1254
365 1356
365 1380
365 1425
365 1483
365 1571
365 1797
365 1911
365 1971
366 695
366 1509
366 1844
367 770
367 815
367 845
367 1172
367 1312
367 1318
367 1475
367 1584
367 1626
367 1640
368 823
368 867
368 988
368 1090
368 1164
368 1947
368 1960
369 370
369 642
369 840
369 860
369 867
369 1128
369 1296
369 1352
369 1502
369 1782
370 497
370 732
370 1084
370 1303
370 1489
370 1612
371 473
371 748
371 1145
371 1395
371 1424
371 1660
371 1934
371 1996
372 571
372 605
372 616
372 634
372 739
372 873
372 1000
372 1292
372 1406
372 1638
373 1045
373 1171
373 1371
373 1564
373 1945
374 466
374 718
374 798
374 939
374 1855
375 614
375 791
375 821
375 878
375 1171
375 1312
375 1718
375 1749
375 1780
376 458
376 554
376 1086
376 1473
376 1484
376 1494
376 1499
376 1754
376 1861
377 501
377 1018
377 1249
377 1289
377 1372
378 454
378 742
378 865
378 909
378 1118
378 1176
378 1476
378 1611
378 1868
378 1992
379 601
379 820
379 1290
379 1510
380 506
380 558
380 1642
380 1975
381 400
381 735
381 736
381 1127
381 1175
381 1327
381 1533
381 1707
381 1879
381 1976
382 497
382 650
382 917
382 933
382 1551
382 1927
383 786
383 900
383 1356
383 1387
383 1487
383 1740
384 414
384 1178
384 1198
384 1275
384 1353
384 1783
385 646
385 737
385 976
385 1031
385 1205
385 1428
385 1471
385 1478
385 1567
386 523
386 603
386 692
386 704
386 762
386 825
386 862
386 1012
386 1127
386 1235
386 1759
386 1786
386 1905
386 1931
387 454
387 607
387 611
387 1198
387 1297
387 1351
387 1542
387 1555
387 1693
388 391
388 410
388 445
388 565
388 660
388 672
388 680
388 697
388 895
388 1355
388 1688
389 392
389 653
389 736
389 751
389 774
389 800
389 808
389 834
389 1419
389 1466
390 412
390 481
390 806
390 831
390 1061
390 1220
390 1628
390 1629
390 1862
391 547
391 561
391 720
391 795
391 994
391 1024
391 1225
391 1239
391 1289
391 1364
391 1666
391 1900
391 1901
392 525
392 1064
392 1206
392 1342
392 1900
393 455
393 534
393 597
393 1088
393 1255
393 1511
393 1814
394 418
394 1000
395 613
395 696
395 962
395 1122
395 1220
395 1359
395 1361
395 1704
395 1817
396 441
396 1470
396 1572
396 1705
397 523
397 843
397 892
397 998
397 1027
397 1124
397 1215
397 1304
397 1480
398 420
398 436
398 717
398 738
398 919
398 995
398 1127
398 1452
398 1541
399 441
399 490
399 505
399 1088
399 1239
399 1330
399 1475
399 1537
399 1587
399 1622
399 1703
399 1805
399 1824
400 475
400 504
400 561
400 572
400 593
400 845
400 865
400 870
400 1117
400 1185
400 1342
400 1380
400 1449
400 1503
400 1525
400 1598
400 1937
401 514
401 924
401 1065
401 1107
401 1126
401 1149
401 1651
402 606
402 783
402 1392
402 1663
402 1687
402 1980
402 1988
403 597
403 1008
403 1355
403 1440
403 1518
403 1721
403 1792
403 1803
404 727
404 927
404 1761
405 557
405 600
405 1148
405 1169
405 1231
405 1450
405 1480
405 1784
406 514
406 577
406 821
406 1023
406 1167
406 1568
406 1766
406 1855
406 1952
407 445
407 456
407 647
407 653
407 1527
407 1806
408 749
408 929
408 1083
408 1128
408 1317
408 1517
408 1553
408 1845
408 1974
409 513
409 944
409 965
409 974
409 1331
409 1643
409 1735
409 1881
409 1966
410 450
410 720
410 1171
410 1320
410 1389
410 1441
411 538
411 692
411 888
411 951
411 1006
411 1246
411 1314
411 1923
411 1935
412 975
412 1078
412 1163
412 1164
412 1223
412 1295
412 1328
412 1977
413 919
413 985
413 1465
414 457
414 555
414 952
414 971
414 994
414 1462
414 1663
414 1826
414 1963
415 431
415 723
415 932
415 1012
415 1066
415 1104
415 1124
415 1140
415 1268
415 1270
415 1630
415 1905
415 1980
416 560
416 571
416 609
416 738
416 805
416 1003
416 1384
416 1559
416 1663
416 1801
417 740
417 803
417 869
417 1030
417 1216
417 1420
417 1612
417 1628
418 975
418 999
418 1809
418 1915
418 1925
419 457
419 584
419 769
419 1182
419 1359
419 1386
419 1392
419 1436
419 1609
419 1768
420 498
420 741
420 925
420 958
420 1108
420 1114
420 1304
420 1355
420 1573
420 1669
420 1780
420 1800
421 432
421 539
421 858
421 891
421 1631
421 1640
421 1961
422 565
422 658
422 843
422 887
422 1333
422 1464
422 1560
422 1617
423 515
423 708
423 813
423 1171
423 1335
423 1839
424 790
424 875
424 1109
424 1159
424 1396
424 1590
424 1594
424 1781
424 1828
424 1937
424 1977
425 571
425 1360
426 780
426 1102
426 1637
426 1700
426 1754
426 1931
427 497
427 663
427 827
427 895
427 1142
427 1345
427 1624
428 864
428 939
428 1055
428 1680
428 1734
428 1951
428 1966
429 833
429 1130
430 575
430 631
430 847
430 883
430 923
430 1008
430 1114
430 1196
430 1479
431 843
431 914
431 980
431 994
431 1007
431 1103
431 1342
431 1560
431 1612
432 763
432 833
432 1165
432 1288
432 1416
432 1626
432 1683
432 1775
432 1880
433 464
433 494
433 782
433 927
433 991
433 1091
433 1248
433 1576
433 1966
434 462
434 510
434 698
434 800
434 805
434 1311
434 1430
434 1559
434 1694
434 1788
434 1860
435 622
435 635
435 683
435 815
435 1021
435 1560
436 469
436 701
436 1330
437 617
437 704
437 859
437 1044
437 1510
437 1735
437 1824
438 445
438 529
438 622
438 703
438 1045
438 1314
438 1334
438 1472
438 1579
438 1705
439 667
439 993
439 1041
439 1092
439 1201
439 1514
439 1533
439 1669
439 1699
440 671
440 788
440 813
440 1108
440 1120
440 1184
440 1589
440 1649
440 1707
440 1959
440 1997
441 731
441 999
441 1442
441 1468
442 569
442 573
442 893
442 1436
442 1471
442 1678
442 1870
443 464
443 762
443 884
443 1077
443 1121
443 1283
443 1496
443 1498
443 1569
443 1672
443 1700
443 1928
444 631
444 1106
444 1334
444 1501
444 1603
444 1785
445 494
445 577
445 899
445 1010
445 1032
445 1438
446 447
446 638
446 1156
446 1436
446 1472
446 1771
447 509
447 677
447 758
447 826
447 837
447 1179
447 1272
447 1505
447 1822
447 1995
448 555
448 562
448 993
448 1509
448 1671
449 930
449 1010
449 1030
449 1098
449 1294
449 1364
449 1478
449 1891
449 1950
450 534
450 550
450 609
450 610
450 627
450 1046
450 1128
450 1422
450 1515
450 1675
450 1700
450 1902
451 746
451 770
451 893
451 1028
451 1033
451 1268
451 1626
451 1694
451 1930
451 1974
452 576
452 743
452 1190
452 1204
452 1429
452 1516
452 1767
452 1887
452 1964
453 648
453 666
453 768
453 1243
453 1548
453 1628
453 1635
453 1835
453 1964
454 545
454 1220
454 1521
454 1928
455 705
455 745
455 964
455 973
455 1256
455 1378
455 1391
455 1461
455 1920
456 744
456 855
456 1197
456 1238
456 1423
456 1485
456 1630
456 1962
457 629
457 712
457 966
457 1231
457 1476
457 1505
457 1510
457 1527
457 1963
458 494
458 1026
458 1029
458 1120
458 1662
458 1807
458 1844
459 1068
459 1299
459 1423
459 1577
459 1715
459 1940
460 720
460 926
460 1411
460 1809
461 760
461 802
461 1035
461 1111
461 1156
461 1168
461 1376
461 1377
461 1474
461 1507
461 1642
461 1735
462 482
462 515
462 649
462 702
462 1101
462 1188
462 1476
462 1483
462 1609
462 1856
462 1940
463 741
463 771
463 1124
463 1603
463 1922
464 570
464 698
464 1264
465 847
465 849
465 1037
465 1077
465 1243
465 1364
465 1414
465 1582
465 1664
466 529
466 619
466 655
466 774
466 914
466 1390
466 1394
466 1398
466 1434
466 1618
466 1985
467 886
467 966
467 1063
467 1486
467 1729
467 1748
468 817
468 920
468 1200
468 1288
468 1483
468 1504
468 1848
469 700
469 939
469 1025
469 1044
469 1199
469 1860
469 1940
470 496
470 928
470 1037
470 1133
470 1235
470 1499
470 1749
470 1857
471 632
471 847
471 1201
471 1231
471 1569
471 1618
471 1795
471 1902
472 508
472 641
472 1637
472 1876
473 656
473 791
473 1159
473 1274
473 1300
473 1566
473 1814
474 496
474 787
474 1004
474 1161
474 1169
474 1170
474 1494
474 1611
474 1886
475 689
475 741
475 790
475 1026
475 1037
475 1595
475 1857
476 884
476 887
476 1506
476 1553
476 1980
477 1288
477 1794
477 1944
478 1401
478 1460
478 1466
478 1732
479 1618
479 1667
479 1767
480 651
480 695
480 826
480 1277
480 1333
480 1482
481 528
481 658
481 809
481 1101
481 1151
481 1419
481 1434
481 1455
481 1683
481 1852
481 1861
481 1894
482 629
482 1030
482 1184
482 1230
482 1264
482 1569
482 1807
482 1935
482 1947
483 512
483 672
483 876
483 1209
483 1312
483 1475
483 1506
483 1531
483 1563
483 1593
483 1742
483 1785
484 706
484 806
484 1209
484 1421
484 1712
485 533
485 955
485 1123
485 1380
485 1410
485 1447
485 1464
485 1533
485 1537
486 596
486 775
486 1086
486 1627
486 1743
486 1821
486 1912
487 586
487 694
487 819
487 926
487 1075
487 1077
487 1456
487 1970
488 783
488 1297
488 1717
488 1825
489 1016
489 1660
489 1859
490 538
490 560
490 681
490 845
490 874
490 1944
491 496
491 1300
491 1323
491 1516
491 1807
491 1957
492 511
492 822
492 832
492 1151
492 1443
492 1505
492 1812
492 1862
492 1970
493 584
493 614
493 723
493 950
493 997
493 1004
493 1224
493 1302
493 1715
494 677
494 717
494 946
494 1250
494 1614
494 1634
494 1837
495 733
495 871
495 1318
495 1642
495 1780
495 1865
496 748
496 1162
496 1343
496 1348
496 1997
497 638
497 849
497 902
497 970
497 1137
497 1469
497 1724
497 1768
497 1871
497 1971
498 545
498 637
498 650
498 812
498 1061
498 1255
498 1645
499 566
499 833
499 1540
499 1816
499 1895
500 934
500 1101
500 1381
500 1525
500 2000
501 685
501 1220
501 1420
501 1519
501 1634
501 1695
501 1719
502 535
502 772
502 1107
502 1167
502 1715
502 1792
502 1801
502 1921
503 938
503 1186
503 1218
503 1569
503 1620
504 506
504 508
504 779
504 1233
504 1252
504 1298
504 1308
504 1534
504 1727
504 1933
505 1195
505 1996
506 538
506 620
506 895
506 1358
506 1439
507 764
507 1327
507 1536
507 1569
507 1780
508 543
508 585
508 1044
508 1433
508 1469
508 1775
508 1945
509 559
509 631
509 653
509 1172
509 1321
509 1390
509 1427
509 1599
509 1604
509 1682
509 1750
509 1819
509 1880
510 517
510 658
510 673
510 762
510 799
510 1141
510 1419
510 1702
510 1971
511 516
511 675
511 956
511 1497
512 521
512 756
512 982
512 1247
512 1688
512 1724
512 1788
512 1943
513 776
513 919
513 1301
513 1624
514 655
514 670
514 877
514 1060
514 1093
514 1146
514 1348
514 1896
515 548
515 558
515 716
515 870
515 964
515 965
515 1017
515 1099
515 1111
515 1572
516 621
516 670
516 837
516 856
516 1217
516 1252
516 1400
516 1452
516 1468
516 1471
516 1583
516 2000
517 1079
517 1085
517 1173
517 1283
517 1471
517 1503
517 1581
518 725
518 734
518 772
518 843
518 953
518 1257
518 1350
518 1477
518 1681
518 1699
518 1760
518 1876
519 781
519 788
519 860
519 949
519 1497
519 1632
519 1714
519 1774
519 1794
519 1828
519 1909
519 1947
520 571
520 616
520 727
520 913
520 1140
520 1345
520 1832
520 1835
520 1965
521 593
521 599
521 619
521 639
521 813
521 973
521 1160
522 594
522 1290
522 1831
522 1982
523 673
523 816
523 1027
523 1057
523 1123
523 1173
523 1484
523 1737
523 1743
523 1769
523 1885
524 547
524 617
524 985
524 1234
524 1404
524 1442
524 1630
524 1818
524 1969
525 872
525 1135
525 1345
525 1522
525 1644
525 1824
526 627
526 783
526 1096
526 1762
527 1087
527 1531
527 1972
528 651
528 726
528 1146
528 1203
528 1454
528 1481
528 1561
528 1631
528 1792
528 1968
528 1987
529 576
529 773
529 930
529 999
529 1515
530 1155
530 1338
530 1485
530 1683
530 1725
530 1991
531 664
531 714
531 849
531 1162
531 1321
531 1339
531 1357
531 1409
531 1422
531 1431
531 1755
531 1845
532 686
532 1031
532 1036
532 1151
532 1270
532 1581
532 1928
532 1986
533 741
533 843
533 1165
533 1515
533 1547
533 1615
533 1624
533 1735
533 1776
534 612
534 675
534 738
534 746
534 782
534 933
534 1006
534 1099
534 1428
534 1494
534 1502
534 1721
534 1826
535 896
535 923
535 1016
535 1028
535 1158
535 1479
535 1691
535 1731
535 1763
535 1873
535 1924
536 638
536 749
536 980
536 1040
536 1297
536 1480
536 1489
536 1631
536 1820
537 820
537 988
537 1256
537 1805
537 1819
538 686
538 719
538 766
538 806
538 907
538 1234
538 1511
538 1523
538 1640
539 591
539 1049
539 1427
539 1662
539 1701
539 1855
540 1048
540 1208
540 1552
540 1998
541 793
541 837
541 852
541 992
541 1481
541 1744
541 1764
542 747
542 792
542 818
542 969
542 1001
542 1164
542 1229
542 1481
542 1492
542 1657
542 1673
542 1930
542 1945
542 1983
543 634
543 808
543 907
543 930
543 1047
543 1436
543 1591
544 658
544 678
544 940
544 1006
544 1103
544 1316
544 1416
544 1504
544 1607
544 1750
544 1775
545 598
545 673
545 878
545 925
545 952
545 1060
545 1227
545 1232
545 1337
545 1425
545 1529
545 1598
546 606
546 1250
546 1544
546 1593
546 1679
546 1706
546 1907
547 804
547 1119
547 1488
547 1757
547 1838
547 1849
547 1903
548 584
548 639
548 785
548 881
548 902
548 1112
548 1316
548 1355
548 1776
548 1796
548 1858
548 1915
549 779
549 868
549 1160
549 1375
549 1438
549 1617
550 658
550 674
550 711
550 1175
550 1611
550 1689
550 1712
551 623
551 707
551 1021
551 1099
551 1189
551 1291
551 1488
551 1711
552 813
552 966
552 1167
552 1672
553 844
553 904
553 1311
553 1575
553 1624
553 1680
553 1908
554 700
554 872
554 956
554 1194
554 1874
554 1966
555 787
555 973
555 1013
555 1022
555 1043
555 1073
555 1115
555 1407
555 1631
555 1672
555 1675
556 734
556 1154
556 1919
556 1924
557 803
557 1130
557 1293
557 1748
557 1832
558 564
558 858
558 1264
558 1441
558 1731
559 927
559 980
559 1342
559 1560
559 1849
560 1734
560 1790
560 1956
561 1032
561 1209
561 1226
561 1356
561 1479
561 1673
562 1326
562 1506
562 1655
562 1929
562 1993
563 708
563 722
563 1240
563 1529
563 1599
563 1609
563 1831
563 1973
564 700
564 849
564 931
564 1372
564 1838
564 1904
564 1989
565 608
565 851
565 1094
565 1294
565 1317
565 1345
566 919
566 1048
566 1193
566 1427
566 1526
566 1715
566 1778
566 1978
567 827
567 875
567 994
567 1031
567 1220
567 1253
567 1513
567 1763
568 703
568 758
568 778
568 1311
568 1554
568 1587
568 1632
568 1928
569 573
569 670
569 1588
569 1641
569 1769
569 1798
569 1869
569 1883
570 856
570 949
570 1192
570 1327
570 1434
570 1756
570 1973
571 857
571 987
571 1044
571 1211
571 1524
571 1651
571 1694
571 1813
571 1837
571 1894
571 1905
571 1937
571 1965
572 647
572 876
572 1754
572 1779
573 1045
573 1071
573 1379
573 1388
573 1524
573 1726
573 1785
573 1931
574 580
574 1006
574 1098
574 1374
574 1474
575 780
575 1053
575 1313
575 1726
575 1727
575 1872
576 1284
576 1385
576 1575
577 736
577 892
577 1499
577 1593
578 629
578 656
578 712
578 1069
578 1217
578 1252
578 1628
578 1688
579 600
579 880
579 1022
579 1341
579 1474
579 1510
579 1863
580 665
580 670
580 781
580 958
580 1025
580 1290
580 1604
580 1685
580 1855
581 838
581 877
581 926
581 1461
581 1764
581 1986
582 979
582 1070
582 1231
582 1285
582 1476
582 1642
583 693
583 830
583 1000
583 1239
583 1700
583 1761
583 1784
583 1798
584 642
584 950
584 991
584 1004
584 1396
584 1677
584 1906
585 959
585 1158
585 1638
585 1694
585 1806
586 699
586 1408
586 1480
586 1511
586 1784
586 1924
587 786
587 868
587 1120
587 1175
587 1460
588 628
588 702
588 715
588 1246
588 1797
588 1852
588 1872
589 832
589 869
589 945
589 1434
589 1455
589 1511
589 1571
590 755
590 898
590 1160
590 1235
590 1331
590 1529
590 1667
590 1773
590 1781
591 614
591 745
591 1529
591 1570
592 663
592 867
592 943
592 1144
592 1367
592 1698
592 1713
592 1861
592 1913
593 1215
593 1388
594 1134
594 1992
595 663
595 665
595 953
595 1039
595 1191
595 1218
595 1277
595 1472
595 1889
596 1140
596 1141
596 1269
596 1330
596 1691
596 1703
596 1984
597 756
597 863
597 1285
597 1325
597 1499
597 1500
597 1752
597 1758
597 1921
598 731
598 748
598 774
598 891
598 901
598 1153
598 1258
598 1415
598 1486
598 1889
598 1902
599 1655
599 1893
600 794
600 1418
600 1754
600 1803
601 633
601 713
601 912
601 962
601 973
601 1242
601 1340
601 1375
601 1658
601 1763
601 1798
601 1809
602 622
602 659
602 1013
602 1051
602 1078
602 1155
602 1212
602 1286
602 1339
602 1513
602 1626
602 1844
602 1845
603 777
603 867
603 935
604 626
604 656
604 1062
604 1259
604 1268
604 1282
604 1308
604 1524
604 1609
604 1612
604 1780
604 1837
604 1988
605 606
605 668
605 729
605 1159
605 1485
605 1558
605 1803
605 1869
605 1940
606 734
606 800
606 925
606 1045
606 1118
606 1174
606 1187
606 1265
606 1424
606 1560
606 1666
606 1678
606 1849
606 1953
607 841
607 1382
607 1462
607 1644
607 1715
608 756
608 873
608 897
608 1294
608 1543
608 1845
609 888
609 979
609 996
609 1214
609 1250
609 1344
609 1435
610 770
610 1051
610 1080
610 1254
610 1723
611 922
611 1209
611 1551
611 1684
611 1992
612 735
612 863
612 899
612 980
612 1075
612 1480
613 679
613 741
613 842
613 1071
613 1125
613 1460
613 1631
614 700
614 790
614 818
614 951
614 1023
614 1051
614 1057
614 1132
614 1331
614 1561
614 1729
614 1761
614 1797
614 1831
614 1986
615 974
615 1120
615 1673
616 669
616 1310
616 1374
616 1516
616 1576
616 1666
616 1804
617 1182
617 1688
617 1704
618 1099
618 1177
618 1423
618 1590
618 1616
618 1637
618 1719
618 1742
619 674
619 1157
619 1361
619 1432
619 1744
619 1760
619 1851
620 1246
620 1288
620 1443
620 1491
620 1499
620 1544
620 1645
620 1677
620 1790
620 1863
620 1894
621 777
621 847
621 1253
621 1542
621 1576
622 691
622 958
622 1565
623 669
623 720
623 1109
623 1138
623 1151
623 1339
623 1451
623 1465
623 1677
623 1783
623 1925
623 1997
624 979
624 1344
624 1384
624 1846
625 748
625 930
625 1064
625 1626
625 1797
625 1843
626 834
626 1082
626 1211
626 1436
627 729
627 882
627 1217
627 1313
627 1655
627 1713
627 1759
627 1810
628 701
628 795
628 924
628 940
628 1162
628 1276
628 1376
628 1490
628 1627
628 1776
628 1917
629 730
629 880
629 1178
629 1544
629 1744
629 1961
630 923
630 1116
630 1211
630 1260
630 1432
630 1472
630 1509
630 1511
630 1553
630 1763
631 1763
632 643
632 697
632 868
632 1151
632 1370
632 1507
632 1508
632 1584
632 1607
632 1620
632 1819
633 769
633 1017
633 1125
633 1196
633 1206
633 1241
633 1294
633 1514
633 1515
633 1565
633 1592
633 1595
633 1613
633 1637
633 1934
634 754
634 798
634 847
634 967
634 1127
634 1152
634 1208
634 1316
634 1362
634 1374
634 1407
634 1419
634 1522
634 1835
634 1940
635 1204
635 1256
635 1591
635 1668
635 1782
635 1810
636 665
636 733
636 842
636 849
636 971
636 1057
636 1118
636 1694
637 657
637 727
637 1174
637 1361
637 1407
637 1967
638 705
638 963
638 1086
638 1450
638 1486
638 1520
638 1542
638 1581
638 1637
638 1711
638 1965
639 793
639 1367
639 1447
639 1462
639 1642
640 669
640 1442
640 1487
640 1611
640 1650
640 1905
641 813
641 1059
641 1120
641 1351
641 1524
641 1628
641 1631
641 1770
641 1854
642 667
642 1893
642 1928
642 1984
643 1288
643 1370
643 1428
643 1573
643 1735
643 1837
644 678
644 702
644 870
644 883
644 1000
644 1015
644 1206
644 1238
644 1274
644 1410
644 1875
645 1077
645 1195
645 1285
645 1291
645 1370
645 1482
645 1544
645 1566
645 1730
645 1876
646 657
646 677
646 753
646 824
646 1283
646 1875
647 914
647 945
647 1572
647 1819
648 966
648 1242
648 1628
648 1960
649 853
649 954
649 1039
649 1133
649 1459
649 1469
649 1578
649 1641
649 1691
650 1164
650 1781
650 1852
650 1922
651 760
651 1066
651 1231
651 1268
651 1535
651 1949
652 843
652 911
652 1081
652 1155
652 1169
652 1182
652 1214
652 1254
652 1267
652 1330
652 1457
652 1690
652 1791
653 740
653 961
653 1167
653 1672
653 1693
654 683
654 799
654 937
654 1122
654 1193
655 777
655 1105
655 1342
655 1576
655 1634
655 1952
656 707
656 942
656 1185
656 1555
656 1804
657 791
657 1186
657 1349
657 1376
657 1528
657 1562
657 1628
657 1699
658 1222
658 1270
658 1271
658 1291
658 1331
658 1375
658 1548
658 1578
658 1715
658 1784
658 1856
659 697
659 965
659 973
659 1010
659 1710
659 1897
659 1936
660 1069
660 1240
660 1342
660 1377
660 1568
660 1682
661 817
661 953
661 956
661 990
661 1018
661 1081
661 1140
661 1386
661 1847
661 1910
661 1955
661 1960
662 665
662 1102
662 1132
662 1277
662 1344
662 1376
662 1535
662 1669
662 1993
663 847
663 1038
663 1447
663 1476
663 1935
663 1973
664 764
664 859
664 926
664 980
664 1087
664 1123
664 1126
664 1131
664 1141
664 1343
664 1500
664 1793
664 1932
664 1973
665 680
665 871
665 1021
665 1170
665 1208
665 1452
665 1633
665 1650
665 1676
665 1738
665 1805
665 1812
666 689
666 781
666 882
666 1644
666 1683
666 1808
666 1812
667 932
667 1253
667 1318
667 1343
667 1680
668 952
668 1026
668 1211
668 1281
668 1727
668 1882
669 1089
669 1391
669 1678
669 1914
670 1346
670 1441
670 1620
670 1641
670 1983
671 693
671 706
671 866
671 1027
671 1238
671 1388
671 1476
671 1552
671 1791
671 1815
672 787
672 815
672 985
672 1014
672 1125
672 1518
672 1570
672 1640
672 1816
672 1902
672 1988
673 1047
673 1133
673 1846
673 1927
674 739
674 1115
674 1271
674 1564
674 1571
674 1573
674 1891
674 1988
674 2000
675 746
675 758
675 778
675 808
675 824
675 826
675 1184
675 1207
675 1380
675 1428
675 1647
675 1695
675 1756
675 1761
676 686
676 1220
676 1237
676 1239
676 1622
676 1665
676 1862
677 1152
678 716
678 719
678 1175
678 1674
678 1705
678 1761
678 1818
678 1952
678 1999
679 766
679 908
680 1023
680 1183
680 1521
680 1545
680 1740
680 1994
681 880
681 917
681 1026
681 1318
681 1381
681 1502
681 1879
682 780
682 1280
682 1486
682 1519
682 1567
682 1670
682 1834
682 1974
683 944
683 1141
683 1294
683 1308
683 1315
684 830
684 1228
684 1457
684 1734
685 1740
685 1829
686 853
686 1144
686 1319
686 1320
687 853
687 867
687 1140
687 1163
687 1875
688 1368
688 1370
688 1669
688 1820
688 1877
689 857
689 945
689 1037
689 1462
689 1504
689 1718
689 1790
689 1841
689 1910
690 831
690 1025
690 1207
690 1220
690 1228
690 1479
690 1537
690 1863
690 1909
691 871
691 875
691 928
691 934
691 1001
691 1282
691 1432
691 1500
691 1519
691 1740
691 1775
691 1911
692 1076
692 1086
692 1116
692 1184
692 1274
692 1430
693 1132
693 1667
693 1680
693 1704
693 1736
693 1758
693 1827
693 1893
694 1715
694 1890
694 1970
695 712
695 898
695 1348
695 1376
695 1552
695 1944
696 890
696 1003
696 1075
696 1136
696 1691
697 1234
697 1508
697 1696
697 1706
697 1721
697 1841
697 1997
698 1375
698 1737
698 1810
698 1906
698 1946
698 1991
699 915
699 988
699 1467
699 1530
699 1583
699 1638
699 1968
700 857
700 1007
700 1014
700 1369
700 1450
700 1500
700 1538
700 1674
700 1706
700 1909
701 723
701 783
701 1493
702 902
702 916
702 1210
702 1298
702 1385
702 1494
702 1529
702 1630
702 1934
702 1981
703 728
703 933
703 955
703 1070
703 1097
703 1107
703 1133
703 1355
703 1403
703 1909
703 1941
704 892
704 1502
704 1573
704 1584
704 1654
704 1893
704 1985
705 747
705 786
705 1402
705 1478
705 1769
706 919
706 954
706 1912
707 756
707 770
707 1013
707 1480
707 1938
707 1961
708 843
708 913
708 946
709 1547
709 1554
709 1652
709 1697
709 1847
709 1879
710 775
710 906
710 1092
710 1111
710 1220
710 1367
710 1450
710 1533
710 1558
710 1778
710 1827
711 713
711 875
711 1176
711 1185
711 1263
711 1552
711 1610
712 747
712 1105
712 1283
712 1530
712 1814
713 724
713 921
713 996
713 1017
713 1227
713 1335
713 1581
713 1592
713 1751
713 1879
714 730
714 1041
714 1129
714 1655
714 1804
715 886
715 1063
715 1077
715 1114
715 1159
715 1666
715 1722
716 948
716 1299
716 1574
716 1828
716 1833
716 2000
717 740
717 743
717 866
717 1063
717 1159
717 1180
717 1232
717 1277
717 1286
717 1304
717 1349
717 1424
718 919
718 1108
718 1297
718 1357
718 1383
718 1642
719 753
719 964
719 1236
719 1265
719 1892
719 1922
720 1021
720 1193
720 1323
720 1365
720 1580
721 1631
722 882
722 1196
722 1666
722 1800
722 1843
723 809
723 1213
723 1461
723 1719
723 1889
723 1945
723 1974
724 1410
724 1632
724 1713
724 1799
724 1812
725 741
725 847
725 1229
725 1265
725 1373
725 1538
725 1806
725 1890
726 926
726 1063
726 1082
726 1600
726 1755
726 1831
726 1920
727 729
727 1060
727 1271
727 1660
727 1766
727 1989
728 1162
728 1447
728 1662
728 1720
728 1867
728 1934
729 1299
729 1349
729 1488
729 1553
729 1592
729 1598
729 1945
730 1168
730 1296
730 1668
730 1981
731 776
731 1405
731 1579
731 1705
731 1964
731 1966
732 794
732 810
732 1251
732 1478
732 1683
732 1856
732 1983
733 1156
733 1580
733 1837
733 1885
733 1887
733 1900
733 1996
734 776
734 863
734 1299
734 1626
734 1782
734 1851
734 1868
735 762
735 948
735 1278
735 1611
735 1968
736 844
736 1106
736 1170
736 1338
736 1388
736 1529
736 1917
737 847
737 925
737 1097
737 1734
737 1822
737 1926
738 975
738 1181
738 1258
738 1292
738 1607
738 1781
738 1881
739 867
739 1585
739 1867
740 810
740 986
740 1105
740 1342
740 1410
740 1620
741 860
741 893
741 1015
741 1193
741 1567
741 1585
741 1591
741 1662
741 1672
741 1740
741 1873
742 1114
742 1126
742 1208
742 1323
742 1895
743 936
743 1011
743 1121
743 1799
743 1883
744 825
744 1169
745 1157
745 1229
745 1333
745 1703
745 1704
745 1934
746 1186
746 1510
746 1519
747 755
747 838
747 866
747 1376
747 1870
747 1942
748 1109
748 1332
748 1765
749 842
749 1126
749 1277
749 1387
749 1590
749 1665
749 1678
749 1708
749 1979
750 868
750 1518
750 1923
751 979
751 1156
751 1234
752 995
752 1555
752 1646
752 1862
752 1918
752 1947
752 1997
753 774
753 957
753 980
753 1104
753 1213
753 1745
753 1833
754 834
754 887
754 899
754 923
754 947
754 1517
754 1546
754 1604
754 1713
754 1917
754 1973
755 777
755 843
755 989
755 1156
755 1575
756 890
756 1055
756 1466
756 1623
757 1018
757 1206
757 1536
757 1822
757 1865
758 908
758 1141
758 1998
759 890
759 913
759 984
759 1049
759 1187
759 1453
759 1606
759 1979
760 919
760 1059
760 1065
760 1070
760 1168
760 1209
760 1300
760 1565
760 1593
760 1776
760 1873
760 1960
761 929
761 1128
761 1172
761 1378
761 1603
761 1820
761 1845
762 823
762 1358
762 1411
762 1420
762 1581
762 1585
762 1989
762 1991
763 837
763 1221
763 1687
764 886
764 1203
764 1288
764 1330
764 1820
765 1168
765 1453
765 1591
765 1652
765 1743
766 989
766 1059
766 1598
766 1610
766 1917
767 903
767 1254
767 1265
767 1773
767 1797
767 1858
768 844
768 990
768 1041
768 1249
768 1297
768 1346
768 1466
768 1483
768 1821
769 919
769 998
769 1154
769 1747
770 1041
770 1712
771 816
771 1930
771 1933
771 1942
772 774
772 792
772 872
772 1004
772 1368
772 1378
772 1516
772 1737
772 1749
772 1863
772 1958
773 899
773 999
773 1059
773 1130
773 1181
773 1360
773 1704
773 1754
774 941
774 945
774 1069
774 1245
774 1329
774 1436
774 1448
774 1473
774 1523
775 877
775 1030
775 1037
776 1253
776 1365
776 1436
776 1703
776 1809
776 1925
777 1224
777 1699
778 1220
778 1450
778 1720
779 924
779 1295
779 1776
779 1904
780 788
780 992
780 1341
780 1466
781 995
781 1050
781 1383
781 1494
781 1587
781 1600
781 1900
781 1990
782 1325
782 1458
783 1480
783 1488
784 1291
784 1362
784 1493
784 1630
784 1911
785 1021
785 1076
785 1084
785 1460
785 1888
785 1956
786 819
786 986
786 1318
786 1353
786 1733
786 1800
787 1002
787 1110
787 1255
787 1262
787 1798
787 1955
787 1972
788 1774
789 947
789 1274
789 1441
789 1619
789 1694
789 1800
789 1851
790 871
790 888
790 890
790 1064
790 1598
790 1629
790 1651
790 1653
790 1707
790 1808
791 1010
791 1367
791 1671
791 1744
791 1768
792 829
792 838
792 1008
792 1049
792 1590
792 1902
793 1150
793 1257
793 1399
793 1539
793 1796
793 1837
793 1952
794 911
794 937
794 958
794 1118
794 1150
794 1557
794 1793
795 879
795 932
795 1482
795 1783
795 1839
796 1045
796 1325
796 1485
797 1043
797 1099
797 1454
797 1464
797 1700
798 865
798 1436
798 1651
798 1683
798 1949
799 975
799 987
800 1078
800 1129
800 1167
800 1216
800 1266
800 1328
800 1588
800 1817
800 1967
801 1197
801 1390
801 1432
801 1476
801 1629
801 1704
801 1854
802 894
802 1673
802 1874
802 1996
803 864
803 936
803 1192
803 1311
803 1782
804 1080
804 1272
804 1569
805 810
805 896
805 1384
805 1393
805 1399
805 1466
805 1839
806 961
806 1275
806 1792
806 1967
807 833
807 904
807 987
807 1192
807 1450
807 1546
807 1570
807 1774
808 1473
808 1525
808 1976
809 846
809 895
809 1200
809 1354
809 1355
809 1410
809 1418
809 1481
809 1534
809 1772
809 1833
810 940
811 916
811 1001
811 1200
811 1386
811 1860
811 1926
812 951
812 1030
812 1220
812 1657
812 1837
813 970
813 1173
813 1248
813 1423
813 1532
814 892
814 1104
814 1523
814 1570
814 1670
814 1702
815 927
815 1074
815 1296
815 1325
815 1853
816 893
816 1051
816 1418
816 1428
817 912
817 915
817 1089
817 1417
817 1427
817 1478
817 1694
817 1860
818 970
818 1208
818 1430
818 1649
819 925
819 1073
819 1278
819 1325
819 1379
819 1639
819 1743
819 1810
819 1900
820 1030
820 1070
820 1197
820 1379
820 1452
821 1044
821 1063
821 1090
821 1197
821 1407
821 1560
821 1584
821 1629
821 1764
822 1268
822 1923
823 838
823 1247
823 1271
823 1398
823 1402
823 1824
823 1831
824 1230
824 1551
824 1817
824 1897
825 850
825 1026
825 1055
825 1056
825 1105
825 1169
825 1289
825 1313
825 1760
826 1155
826 1337
826 1749
827 1029
827 1037
827 1220
827 1693
827 1780
827 1968
827 1979
828 875
828 1008
828 1009
828 1841
829 1117
829 1164
829 1349
829 1409
829 1564
829 1689
829 1770
829 1842
830 853
830 870
830 1109
830 1463
830 1596
831 879
831 1267
831 1378
831 1417
831 1641
831 1794
831 1957
832 1005
832 1461
833 1076
833 1310
833 1544
833 1602
833 1705
833 1792
834 1075
834 1078
834 1188
834 1217
834 1505
834 1564
834 1724
835 878
835 935
835 1141
835 1300
835 1560
835 1777
835 1843
835 1879
836 845
836 860
836 1092
836 1216
836 1560
836 1772
837 1404
837 1419
837 1600
837 1624
837 1626
837 1734
837 1928
838 898
838 1274
838 1343
838 1532
838 1550
839 850
839 1056
839 1340
839 1365
839 1767
840 910
840 1165
840 1212
840 1850
840 1982
841 955
841 1223
841 1590
841 1659
841 1851
841 1910
841 1995
842 1178
842 1210
842 1401
842 1560
843 850
843 1103
843 1478
843 1557
843 1732
843 1877
844 1077
844 1082
844 1302
844 1345
844 1446
844 1579
844 1753
844 1940
845 904
845 1087
845 1265
845 1440
845 1728
845 1767
845 1939
846 1173
846 1486
846 1760
847 1090
847 1377
847 1689
848 923
848 1561
848 1715
848 1858
848 1942
849 1139
849 1202
849 1237
849 1259
849 1889
849 1913
850 851
850 968
850 1208
850 1885
851 926
851 1138
851 1280
851 1575
851 1745
851 1982
852 1562
852 1730
852 1790
853 920
853 1118
853 1214
853 1406
853 1746
854 894
854 1163
854 1271
854 1525
854 1550
854 1757
854 1868
855 1233
855 1246
855 1547
855 1823
855 1947
855 1955
856 875
856 951
856 1366
856 1457
856 1564
856 1653
856 1916
857 1054
857 1098
857 1138
857 1194
857 1433
857 1456
857 1507
857 1702
857 1830
857 1886
857 1952
858 961
858 1524
858 1780
858 1933
859 1090
859 1091
859 1205
859 1564
859 1752
859 1760
859 1887
860 945
860 1110
860 1256
860 1513
860 1601
860 1653
860 1663
860 1905
861 942
861 1356
861 1664
861 1666
861 1941
862 1135
862 1142
862 1243
862 1360
862 1529
862 1728
862 1765
862 1797
862 1974
863 1334
863 1343
863 1540
863 1579
863 1893
863 1936
864 1428
864 1458
864 1614
864 1715
864 1793
864 1954
865 883
865 1502
865 1710
865 1895
865 1954
866 951
866 1365
866 1488
866 1601
866 1674
867 1010
867 1159
867 1337
867 1738
867 1984
868 884
868 1140
868 1207
868 1326
868 1504
868 1665
868 1808
868 1937
868 1966
869 919
869 1183
869 1394
869 1624
869 1949
870 1055
870 1893
870 1986
871 1284
871 1286
871 1792
872 933
872 976
872 1088
872 1148
872 1194
872 1224
873 1212
873 1366
874 1893
874 1943
875 1799
876 881
876 1139
876 1240
876 1299
876 1339
876 1496
876 1857
876 1885
876 1925
876 1959
877 899
877 939
877 1070
877 1131
877 1194
877 1352
877 1546
877 1664
877 1961
878 913
878 1651
878 1657
879 963
879 1096
879 1102
879 1224
879 1737
879 1758
880 993
880 1261
880 1383
880 1524
880 1651
880 1838
881 1171
881 1288
881 1471
881 1570
881 1692
881 1814
882 1084
882 1143
882 1232
882 1295
882 1401
882 1580
882 1895
882 1939
882 1978
883 1118
883 1505
883 1601
884 923
884 1311
884 1974
885 1207
885 1438
885 1516
885 1821
886 1351
886 1394
886 1794
886 1838
886 1933
886 1961
887 934
887 977
887 1043
887 1071
887 1143
887 1317
887 1318
887 1367
887 1739
888 1043
888 1355
888 1405
888 1491
888 1769
889 894
889 1113
889 1258
889 1259
889 1312
889 1373
889 1730
889 1937
890 915
890 1681
890 1841
890 1966
891 966
891 1015
891 1245
891 1260
891 1268
891 1484
891 1745
892 1059
892 1171
892 1178
892 1260
892 1411
892 1983
893 1248
893 1589
893 1961
894 984
894 1056
894 1172
894 1297
894 1327
894 1556
895 1279
895 1618
895 1880
896 1072
896 1373
896 1696
896 1744
897 919
897 932
897 996
897 1097
897 1197
897 1267
897 1326
897 1445
897 1471
898 1376
898 1523
899 1351
899 1540
900 970
900 1007
900 1326
900 1945
901 1762
901 1883
901 1892
901 1939
902 949
902 1549
902 1571
903 1016
903 1035
903 1232
903 1280
903 1574
903 1823
904 1036
904 1287
904 1484
904 1668
904 1812
905 1157
905 1210
905 1740
906 924
906 955
906 957
906 1184
906 1708
906 1981
907 932
907 991
908 1225
908 1262
908 1336
908 1519
908 1694
908 1904
908 1941
909 996
909 1430
909 1556
909 1818
909 1929
909 1942
910 1957
911 1021
911 1040
911 1146
911 1418
911 1427
911 1474
911 1497
911 1788
911 1904
911 1985
912 945
912 1024
912 1126
912 1190
912 1224
912 1422
912 1552
912 1620
912 1626
913 1067
913 1078
913 1197
913 1233
913 1413
913 1552
913 1923
914 1000
914 1231
914 1468
914 1544
914 1700
915 981
915 1108
915 1523
915 1905
915 1993
916 1153
916 1262
916 1589
916 1691
916 1841
916 1890
917 1384
917 1499
917 1589
917 1774
917 1890
918 1006
918 1145
918 1291
918 1300
918 1401
918 1491
918 1777
918 1859
919 983
919 1020
919 1025
919 1412
919 1560
919 1656
920 1170
920 1448
920 1933
921 955
921 1210
922 1234
922 1735
923 1102
923 1895
924 954
924 1004
924 1096
924 1284
924 1555
924 1690
924 1889
925 1229
925 1248
925 1639
925 1644
925 1654
925 1841
926 1275
926 1433
926 1682
926 1874
927 1038
927 1529
927 1564
927 1796
927 1922
927 1965
928 933
928 983
928 1417
928 1556
928 1746
928 1968
929 1343
929 1480
929 1559
929 1815
929 1863
929 1979
930 1028
930 1116
930 1208
930 1697
930 1762
930 1807
931 1215
931 1304
931 1460
931 1529
931 1580
931 1891
931 1983
932 960
932 975
932 986
932 1188
932 1752
932 1926
933 977
933 1260
933 1303
933 1334
933 1401
933 1706
934 1748
935 963
935 1128
935 1335
935 1787
935 1992
936 1092
936 1250
937 952
937 1025
937 1481
937 1843
938 1264
938 1304
938 1336
938 1483
938 1691
939 1481
940 999
940 1136
940 1148
940 1171
940 1457
940 1665
940 1714
940 1721
940 1906
941 977
941 1253
941 1494
941 1527
941 1758
941 1870
942 963
942 1031
942 1162
942 1310
942 1362
942 1600
942 1642
942 1649
942 1876
942 1987
943 1417
943 1642
944 952
944 1049
944 1997
945 1876
946 1017
946 1160
946 1297
946 1438
946 1613
946 1727
947 988
947 1190
947 1783
947 1905
948 1196
948 1226
948 1493
948 1823
949 1487
949 1672
949 1724
949 1735
949 1745
950 1064
950 1257
950 1351
950 1978
951 1028
951 1214
951 1391
951 1942
952 981
952 1557
952 1654
953 1177
953 1278
953 1541
953 1592
953 1629
953 1847
954 1149
954 1206
954 1449
954 1591
954 1774
955 1153
955 1345
955 1441
955 1804
955 1806
955 1815
955 1818
956 1028
956 1563
956 1851
956 1964
957 1164
957 1229
957 1390
957 1467
957 1519
957 1657
957 1955
958 966
958 1024
958 1098
958 1111
958 1350
958 1369
958 1477
958 1720
958 1900
959 1061
959 1365
959 1403
959 1738
959 1943
959 1949
959 1951
959 1954
960 1032
960 1242
960 1402
960 1710
961 972
961 1160
961 1185
961 1223
961 1311
961 1389
961 1709
961 1818
961 1828
962 1207
962 1334
962 1406
962 1635
962 1833
962 1866
963 1313
963 1833
963 1909
964 1104
964 1250
964 1470
964 1699
965 1006
965 1422
966 1243
966 1388
966 1451
966 1890
967 1056
967 1114
967 1219
967 1271
967 1542
967 1595
967 1711
967 1860
968 1073
968 1250
968 1269
968 1577
968 1624
968 1858
969 1026
969 1301
969 1562
969 1869
969 1931
970 1305
970 1378
970 1527
970 1634
970 1935
971 1622
972 1100
972 1144
972 1257
972 1316
972 1348
972 1517
973 1139
973 1606
973 1638
973 1741
973 1871
974 1292
974 1518
974 1548
974 1554
974 1615
974 1689
975 1423
975 1846
976 1425
976 1454
976 1647
976 1796
976 1991
977 1183
977 1210
977 1261
977 1314
977 1521
977 1578
977 1712
977 1724
977 1788
978 1404
978 1423
978 1555
978 1723
978 1840
979 1161
979 1226
979 1744
979 1845
979 1995
980 1217
980 1432
980 1449
980 1555
980 1688
980 1797
980 1804
980 1888
980 1934
981 1001
981 1050
981 1707
981 1759
982 1007
982 1179
982 1347
982 1481
982 1720
982 1771
982 1840
983 1365
983 1535
983 1734
983 1879
984 1056
984 1470
984 1685
985 1013
985 1491
985 1565
985 1814
985 1893
986 1031
986 1309
986 1465
986 1557
986 1710
986 1733
986 1767
986 1776
987 1137
987 1207
987 1228
987 1258
987 1637
987 1969
988 1063
988 1098
988 1331
988 1446
988 1510
988 1810
988 1950
988 1962
989 1107
989 1627
989 1893
989 1914
990 1013
990 1115
990 1179
990 1318
990 1321
990 1917
991 1124
991 1273
991 1501
991 1964
992 1440
992 1760
993 1202
993 1949
994 1106
994 1902
995 1201
995 1361
995 1603
995 1608
995 1839
995 1871
995 1948
995 1974
996 1015
996 1069
996 1106
996 1252
996 1316
996 1623
996 1721
996 1722
996 1967
997 1519
997 1702
998 1265
998 1274
998 1590
998 1686
998 1731
998 1959
999 1081
999 1200
999 1279
999 1438
999 1586
999 1591
1000 1530
1000 1635
1000 1835
1001 1027
1001 1056
1001 1158
1001 1336
1001 1604
1001 1929
1001 1946
1002 1193
1002 1290
1002 1334
1002 1356
1002 1566
1002 1806
1002 1914
1002 1966
1003 1428
1003 1841
1003 1951
1004 1119
1004 1167
1004 1450
1004 1702
1004 1955
1005 1018
1005 1493
1005 1500
1005 1688
1005 1871
1006 1252
1006 1527
1006 1612
1006 1729
1006 1736
1007 1068
1007 1299
1007 1401
1007 1495
1007 1645
1007 1868
1008 1033
1008 1173
1008 1609
1008 1810
1008 1833
1009 1021
1009 1149
1009 1443
1009 1462
1009 1581
1009 1788
1009 1813
1009 1839
1010 1152
1010 1189
1010 1580
1010 1603
1011 1146
1011 1390
1011 1420
1011 1504
1011 1799
1012 1374
1012 1464
1012 1497
1012 1969
1013 1022
1013 1214
1013 1718
1013 1826
1013 1840
1013 1913
1013 1973
1014 1129
1014 1355
1014 1367
1014 1569
1014 1721
1014 1879
1015 1334
1015 1415
1015 1567
1015 1585
1015 1926
1015 1965
1016 1274
1016 1338
1016 1745
1016 1823
1017 1242
1017 1604
1017 1649
1018 1045
1018 1064
1018 1185
1018 1283
1018 1585
1019 1060
1019 1289
1019 1930
1020 1055
1020 1432
1020 1443
1020 1735
1020 1808
1020 1981
1021 1637
1021 1770
1021 1928
1021 1936
1022 1091
1022 1472
1022 1575
1022 1648
1022 1783
1022 1848
1023 1158
1023 1219
1023 1373
1023 1739
1024 1032
1024 1340
1024 1448
1024 1548
1024 1607
1024 1661
1024 1664
1024 1701
1025 1122
1025 1281
1025 1564
1026 1032
1026 1321
1026 1649
1026 1820
1026 1860
1027 1644
1027 1647
1027 1759
1028 1153
1028 1195
1028 1228
1028 1337
1028 1511
1028 1651
1028 1714
1028 1736
1028 1869
1028 1954
1028 1961
1029 1124
1029 1776
1029 1974
1030 1746
1031 1388
1031 1598
1031 1809
1031 1895
1032 1246
1032 1362
1032 1379
1032 1515
1032 1915
1033 1111
1033 1185
1034 1131
1034 1218
1034 1260
1034 1540
1034 1806
1035 1053
1035 1187
1035 1322
1035 1550
1036 1161
1036 1254
1036 1372
1036 1497
1037 1198
1037 1233
1037 1393
1037 1415
1037 1524
1037 1530
1037 1799
1038 1091
1038 1141
1038 1204
1038 1540
1038 1755
1038 1766
1038 1879
1038 1961
1039 1082
1039 1484
1039 1874
1040 1167
1040 1221
1040 1807
1040 1858
1041 1210
1041 1249
1041 1408
1041 1486
1041 1513
1041 1673
1041 1703
1041 1757
1041 1883
1042 1398
1042 1494
1042 1745
1042 1806
1042 1941
1043 1328
1043 1352
1043 1842
1044 1283
1044 1284
1044 1898
1045 1144
1045 1452
1045 1489
1045 1507
1045 1590
1045 1703
1046 1143
1046 1241
1046 1432
1046 1486
1046 1747
1046 1815
1046 1945
1047 1375
1047 1562
1047 1624
1048 1101
1048 1236
1048 1351
1048 1366
1048 1704
1049 1121
1049 1276
1049 1642
1049 1742
1049 1789
1049 1973
1050 1128
1050 1134
1050 1213
1050 1335
1050 1530
1050 1730
1050 1855
1050 1932
1051 1058
1051 1477
1051 1638
1052 1458
1052 1634
1052 1941
1053 1057
1053 1080
1053 1509
1053 1825
1053 1857
1054 1182
1054 1254
1054 1511
1054 1538
1054 1940
1055 1084
1055 1363
1055 1438
1055 1511
1055 1666
1055 1830
1056 1136
1056 1214
1056 1290
1056 1539
1056 1899
1056 1974
1057 1099
1057 1101
1057 1326
1057 1868
1058 1146
1058 1274
1058 1845
1058 1930
1059 1194
1059 1200
1059 1423
1059 1510
1059 1617
1059 1856
1059 1895
1060 1190
1061 1085
1061 1105
1061 1370
1061 1663
1061 1991
1062 1703
1063 1662
1064 1495
1064 1559
1064 1670
1064 1879
1064 1907
1064 1997
1065 1342
1065 1423
1065 1487
1065 1576
1065 1601
1065 1697
1066 1161
1066 1214
1066 1240
1066 1610
1067 1335
1067 1485
1067 1571
1067 1665
1068 1743
1068 1886
1068 1936
1068 1956
1069 1155
1069 1213
1069 1438
1069 1496
1070 1220
1070 1357
1070 1584
1070 1718
1070 1763
1071 1449
1071 1479
1071 1498
1072 1164
1072 1534
1072 1626
1073 1260
1074 1297
1074 1371
1074 1388
1075 1316
1075 1402
1075 1448
1075 1742
1075 1847
1075 1921
1076 1082
1076 1510
1076 1524
1076 1604
1076 1737
1076 1749
1076 1969
1077 1308
1077 1862
1077 1902
1077 1988
1078 1438
1078 1548
1078 1702
1078 1907
1079 1507
1079 1526
1079 1788
1080 1210
1080 1832
1081 1119
1081 1202
1081 1254
1081 1377
1081 1486
1081 1512
1081 1517
1081 1736
1081 1777
1081 1831
1081 1837
1082 1263
1082 1334
1082 1428
1082 1490
1082 1647
1082 1819
1083 1156
1083 1419
1083 1456
1083 1890
1084 1174
1084 1188
1084 1500
1084 1779
1084 1785
1084 1944
1085 1134
1085 1249
1085 1506
1085 1654
1085 1692
1085 1847
1086 1282
1086 1735
1087 1211
1087 1374
1087 1398
1087 1702
1087 1741
1087 1899
1088 1664
1088 1755
1088 1963
1089 1238
1089 1564
1090 1206
1090 1271
1090 1509
1090 1563
1090 1699
1090 1739
1090 1836
1090 1997
1091 1128
1091 1211
1091 1627
1092 1540
1092 1565
1092 1624
1092 1993
1093 1133
1093 1178
1093 1190
1094 1138
1094 1226
1094 1499
1094 1711
1094 1777
1094 1823
1094 1862
1094 1877
1095 1142
1095 1320
1095 1407
1095 1543
1095 1610
1095 1661
1095 1700
1095 1795
1096 1293
1096 1313
1096 1606
1096 1638
1097 1451
1097 1512
1098 1151
1098 1154
1098 1195
1098 1619
1098 1690
1099 1125
1099 1235
1099 1488
1099 1599
1099 1616
1099 1783
1099 1886
1100 1109
1100 1177
1100 1259
1100 1270
1100 1344
1100 1354
1100 1653
1100 1761
1100 1948
1101 1118
1101 1175
1101 1563
1101 1892
1101 1945
1102 1500
1102 1702
1102 1785
1103 1242
1103 1277
1103 1432
1103 1494
1103 1537
1103 1638
1103 1642
1103 1771
1104 1156
1104 1219
1104 1300
1104 1733
1105 1147
1105 1158
1105 1159
1105 1253
1105 1268
1105 1391
1105 1777
1105 1987
1106 1275
1107 1312
1107 1398
1107 1469
1107 1560
1107 1671
1108 1126
1108 1429
1108 1469
1108 1695
1108 1923
1108 1956
1109 1255
1109 1611
1110 1149
1110 1152
1110 1261
1110 1404
1110 1684
1111 1271
1111 1368
1111 1564
1111 1705
1111 1765
1111 1821
1112 1373
1112 1465
1112 1489
1112 1573
1112 1886
1112 1941
1113 1432
1113 1589
1113 1599
1114 1554
1114 1598
1114 1690
1114 1692
1114 1750
1114 1902
1115 1368
1115 1868
1116 1210
1116 1272
1116 1320
1116 1342
1116 1616
1116 1784
1116 1835
1116 1893
1117 1241
1117 1258
1117 1420
1117 1628
1117 1669
1117 1835
1117 1847
1117 1893
1118 1366
1118 1998
1119 1290
1119 1321
1119 1535
1120 1199
1120 1220
1120 1277
1120 1327
1120 1489
1120 1515
1120 1609
1121 1281
1121 1324
1121 1750
1121 1801
1121 1865
1121 1930
1122 1166
1122 1171
1122 1532
1122 1556
1122 1667
1122 1725
1122 1819
1122 1928
1123 1250
1123 1553
1123 1677
1123 1712
1123 1814
1123 1880
1124 1203
1124 1398
1124 1431
1124 1928
1125 1229
1125 1230
1125 1261
1125 1585
1125 1992
1126 1209
1126 1402
1127 1162
1127 1363
1127 1421
1127 1500
1127 1537
1127 1691
1128 1130
1128 1597
1129 1195
1129 1390
1129 1620
1129 1852
1130 1160
1130 1196
1130 1565
1131 1199
1131 1522
1131 1620
1131 1837
1131 1902
1132 1214
1132 1342
1132 1375
1132 1518
1132 1727
1132 1729
1132 1865
1132 1926
1133 1608
1134 1341
1134 1749
1134 1771
1134 1937
1135 1401
1135 1557
1135 1736
1135 1946
1136 1142
1136 1332
1136 1361
1136 1388
1136 1728
1136 1993
1137 1255
1137 1535
1137 1781
1138 1252
1138 1515
1138 1715
1138 1885
1139 1290
1139 1621
1139 1727
1139 1924
1139 1964
1140 1253
1140 1391
1140 1888
1141 1483
1141 1557
1141 1584
1141 1600
1141 1603
1141 1961
1142 1228
1142 1430
1143 1292
1143 1678
1143 1794
1143 1887
1144 1247
1144 1452
1144 1760
1144 1897
1144 1920
1144 1926
1144 1933
1145 1239
1145 1330
1145 1444
1145 1534
1145 1719
1145 1944
1146 1213
1146 1322
1146 1768
1147 1252
1147 1660
1148 1585
1148 1664
1148 1732
1148 1835
1149 1236
1149 1238
1149 1305
1149 1797
1149 1917
1150 1186
1151 1368
1151 1387
1151 1450
1151 1594
1151 1632
1151 1704
1152 1227
1152 1286
1152 1472
1152 1581
1152 1645
1152 1660
1152 1781
1152 1926
1153 1474
1153 1644
1153 1776
1154 1200
1154 1285
1155 1425
1155 1463
1155 1705
1156 1246
1156 1408
1156 1415
1156 1422
1156 1621
1156 1710
1156 1730
1156 1860
1157 1199
1157 1402
1157 1763
1157 1813
1157 1915
1158 1218
1158 1552
1158 1581
1158 1748
1159 1262
1159 1589
1159 1949
1159 1997
1160 1384
1160 1550
1160 1679
1161 1269
1161 1754
1162 1180
1162 1188
1162 1219
1162 1471
1162 1541
1163 1191
1163 1268
1163 1623
1163 1877
1163 1981
1164 1280
1164 1465
1164 1489
1164 1580
1164 1665
1164 1819
1164 1885
1165 1166
1165 1557
1165 1858
1165 1887
1166 1592
1166 1779
1166 1796
1167 1232
1167 1503
1167 1557
1167 1628
1167 1676
1168 1480
1168 1584
1168 1610
1168 1786
1168 1996
1169 1204
1169 1259
1169 1570
1170 1437
1171 1293
1171 1363
1171 1508
1171 1933
1172 1407
1172 1553
1172 1646
1172 1777
1172 1866
1173 1363
1173 1546
1173 1659
1173 1718
1173 1727
1174 1237
1174 1418
1174 1658
1174 1898
1174 1948
1175 1252
1175 1308
1175 1422
1175 1866
1176 1230
1176 1407
1176 1518
1176 1580
1176 1733
1176 1877
1176 1908
1177 1677
1178 1399
1178 1417
1178 1453
1178 1483
1178 1690
1178 1869
1179 1408
1179 1583
1179 1754
1180 1380
1180 1599
1180 1832
1181 1239
1181 1377
1181 1905
1182 1480
1182 1699
1182 1763
1183 1565
1183 1592
1183 1608
1183 1637
1183 1754
1183 1781
1183 1784
1183 1848
1184 1269
1184 1342
1184 1383
1184 1399
1185 1538
1185 1539
1185 1600
1185 1970
1188 1202
1188 1272
1189 1751
1190 1522
1190 1534
1191 1398
1191 1505
1191 1518
1192 1359
1192 1439
1192 1679
1192 1723
1192 1813
1193 1245
1193 1372
1193 1567
1193 1824
1193 1825
1193 1876
1193 1915
1194 1479
1195 1294
1195 1613
1195 1787
1196 1413
1196 1595
1196 1802
1196 1986
1197 1383
1197 1662
1198 1302
1198 1360
1198 1386
1198 1398
1198 1737
1198 1897
1199 1296
1199 1300
1199 1495
1199 1544
1199 1982
1200 1245
1200 1453
1200 1458
1200 1872
1200 1955
1201 1228
1201 1918
1202 1737
1202 1836
1202 1864
1202 1892
1202 1965
1203 1296
1204 1255
1204 1362
1204 1441
1204 1807
1204 1917
1205 1438
1205 1459
1205 1491
1206 1452
1206 1639
1206 1665
1206 1681
1206 1711
1207 1388
1207 1598
1207 1643
1207 1868
1208 1352
1208 1576
1208 1665
1208 1695
1209 1231
1209 1452
1209 1473
1209 1605
1210 1345
1210 1566
1210 1788
1210 1831
1211 1216
1211 1539
1211 1659
1211 1682
1211 1983
1212 1522
1213 1475
1213 1506
1213 1608
1213 1624
1213 1815
1213 1877
1214 1421
1216 1557
1217 1339
1217 1439
1217 1772
1217 1821
1218 1311
1218 1320
1218 1353
1218 1499
1218 1572
1218 1735
1218 1767
1218 1774
1218 1870
1218 1941
1218 2000
1219 1279
1220 1534
1220 1981
1221 1268
1221 1517
1221 1556
1221 1659
1221 1751
1221 1898
1222 1453
1222 1559
1222 1590
1222 1741
1222 1893
1223 1337
1223 1622
1224 1238
1224 1506
1224 1714
1224 1733
1225 1274
1225 1361
1225 1569
1225 1688
1225 1845
1226 1703
1226 1714
1226 1792
1227 1545
1227 1773
1227 1838
1227 1923
1228 1304
1228 1771
1229 1796
1229 1979
1230 1562
1230 1567
1230 1638
1231 1297
1231 1676
1231 1801
1231 1894
1232 1656
1232 1694
1232 1798
1232 1899
1233 1408
1233 1428
1233 1463
1233 1661
1233 1870
1234 1263
1234 1274
1234 1322
1234 1670
1234 1924
1235 1286
1235 1480
1235 1597
1235 1623
1235 1666
1236 1263
1236 1354
1236 1421
1236 1450
1236 1537
1236 1624
1236 1689
1236 1756
1236 1769
1236 1882
1237 1455
1237 1600
1237 1743
1237 1801
1238 1300
1238 1638
1238 1720
1239 1276
1239 1445
1239 1613
1239 1640
1240 1424
1240 1429
1240 1552
1240 1980
1241 1314
1241 1487
1241 1597
1241 1662
1242 1296
1242 1736
1242 1984
1243 1264
1243 1317
1243 1576
1244 1930
1245 1401
1245 1589
1245 1771
1245 1802
1245 1806
1246 1437
1246 1550
1246 1583
1246 1825
1246 1882
1246 1896
1246 1931
1247 1345
1247 1358
1247 1503
1247 1716
1247 1898
1247 1920
1248 1357
1248 1505
1248 1747
1248 1787
1248 1917
1249 1332
1249 1621
1249 1653
1249 1810
1249 1852
1249 1942
1249 1997
1250 1896
1251 1409
1251 1493
1251 1841
1252 1567
1252 1816
1253 1424
1253 1511
1253 1544
1253 1652
1253 1924
1254 1373
1254 1557
1254 1713
1254 1940
1255 1573
1255 1641
1255 1912
1256 1456
1256 1474
1256 1649
1256 1877
1257 1317
1257 1736
1257 1771
1257 1989
1258 1502
1258 1891
1259 1464
1259 1706
1259 1851
1259 1945
1260 1577
1260 1661
1260 1771
1261 1380
1261 1459
1262 1507
1262 1567
1262 1682
1262 1692
1262 1870
1263 1611
1263 1628
1263 1734
1264 1691
1265 1363
1265 1801
1266 1733
1266 1808
1266 1864
1267 1803
1268 1438
1268 1683
1269 1403
1269 1686
1269 1895
1269 1920
1270 1457
1270 1474
1270 1627
1270 1632
1270 1748
1271 1314
1271 1542
1271 1547
1271 1925
1272 1304
1272 1330
1272 1343
1272 1387
1272 1462
1272 1521
1272 1638
1272 1669
1272 1872
1273 1396
1273 1526
1273 1663
1273 1743
1273 1949
1274 1339
1274 1366
1274 1932
1274 1981
1276 1288
1277 1787
1277 1883
1278 1329
1278 1396
1278 1483
1278 1717
1279 1422
1279 1428
1280 1789
1280 1907
1280 1951
1281 1355
1281 1431
1281 1578
1282 1384
1282 1387
1282 1559
1282 1632
1282 1716
1282 1787
1282 1909
1282 1920
1283 1313
1283 1621
1284 1289
1284 1470
1284 1477
1284 1538
1284 1691
1284 1701
1284 1808
1285 1299
1285 1699
1285 1806
1286 1618
1286 1742
1287 1538
1287 1609
1287 1802
1287 1945
1287 1972
1288 1312
1289 1340
1289 1384
1289 1801
1289 1822
1290 1315
1290 1595
1290 1876
1291 1319
1291 1428
1291 1454
1291 1558
1291 1871
1291 1986
1292 1625
1292 1780
1293 1419
1293 1493
1293 1567
1293 1698
1294 1319
1294 1337
1294 1362
1294 1769
1295 1330
1295 1545
1295 1711
1295 1779
1295 1933
1295 1960
1296 1380
1296 1623
1296 1685
1296 1703
1296 1748
1296 1988
1297 1932
1298 1614
1298 1719
1298 1787
1298 1888
1299 1321
1299 1381
1299 1460
1299 1512
1299 1696
1299 1732
1299 1977
1300 1568
1300 1875
1302 1393
1302 1662
1302 1684
1302 1797
1302 1941
1303 1758
1303 1770
1303 1825
1303 1859
1304 1504
1304 1691
1304 1967
1305 1480
1305 1856
1305 1956
1306 1364
1306 1373
1306 1526
1306 1636
1306 1999
1307 1359
1307 1562
1307 1773
1308 1401
1308 1755
1308 1964
1309 1582
1309 1974
1309 1988
1310 1350
1310 1786
1311 1320
1311 1919
1311 1927
1312 1326
1312 1830
1313 1377
1313 1479
1313 1496
1313 1679
1314 1545
1314 1852
1314 1986
1315 1486
1315 1828
1315 1998
1316 1419
1316 1542
1317 1967
1318 1582
1318 1613
1318 1896
1318 1982
1319 1505
1319 1986
1320 1495
1320 1794
1320 1902
1320 1963
1321 1337
1321 1512
1321 1539
1321 1941
1321 1959
1321 1968
1321 1970
1322 1508
1322 1572
1322 1622
1322 1749
1322 1828
1322 1862
1322 1929
1323 1583
1323 1767
1324 1432
1324 1652
1324 1734
1325 1489
1325 1700
1325 1858
1325 1948
1325 1955
1326 1443
1326 1454
1326 1476
1327 1337
1327 1506
1327 1805
1327 1830
1327 1916
1327 1964
1328 1773
1328 1828
1328 1929
1328 1981
1329 1425
1329 1451
1329 1532
1329 1645
1329 1834
1330 1399
1330 1810
1330 1906
1330 1909
1330 1956
1331 1396
1331 1482
1331 1569
1331 1684
1331 1834
1331 1859
1332 1626
1333 1466
1333 1976
1334 1400
1334 1769
1334 1800
1334 1839
1334 1900
1335 1413
1335 1422
1335 1573
1335 1822
1336 1354
1336 1667
1336 1986
1337 1588
1337 1720
1337 1785
1338 1434
1338 1481
1338 1862
1339 1358
1339 1796
1339 1799
1340 1343
1340 1380
1341 1421
1341 1471
1341 1751
1341 1851
1341 1948
1342 1345
1342 1641
1342 1752
1342 1785
1342 1834
1342 1852
1343 1500
1343 1571
1343 1855
1344 1422
1344 1564
1344 1615
1345 1488
1345 1711
1345 1847
1346 1532
1346 1746
1348 1419
1348 1966
1349 1414
1349 1677
1349 1889
1351 1728
1351 1843
1352 1808
1353 1399
1353 1423
1353 1612
1353 1693
1353 1981
1354 1355
1354 1875
1355 1407
1355 1443
1355 1602
1355 1760
1355 1849
1356 1648
1357 1654
1357 1888
1357 1895
1357 1951
1358 1398
1358 1546
1358 1757
1358 1783
1358 1857
1358 1939
1358 1940
1359 1713
1360 1369
1360 1905
1361 1644
1362 1379
1362 1461
1362 1533
1362 1601
1362 1913
1362 1917
1363 1801
1364 1597
1364 1861
1365 1542
1365 1778
1366 1437
1366 1650
1366 1680
1367 1479
1367 1809
1367 1836
1368 1710
1368 1781
1368 1971
1369 1499
1369 1565
1369 1566
1369 1818
1369 1916
1370 1375
1370 1432
1370 1751
1370 1928
1371 1970
1372 1406
1372 1584
1372 1717
1372 1727
1373 1488
1373 1499
1373 1527
1374 1493
1374 1828
1375 1403
1375 1507
1375 1717
1375 1834
1375 1853
1376 1460
1376 1582
1377 1392
1377 1734
1377 1968
1377 1997
1378 1399
1379 1490
1379 1519
1379 1530
1379 1590
1379 1683
1379 1749
1380 1486
1380 1570
1381 1569
1381 1634
1381 1780
1381 1841
1381 1906
1382 1575
1382 1901
1382 1943
1383 1752
1384 1759
1384 1924
1385 1471
1385 1915
1386 1431
1386 1467
1388 1532
1388 1916
1389 1749
1389 1817
1390 1737
1391 1468
1391 1672
1391 1686
1391 1908
1392 1888
1393 1598
1393 1611
1394 1518
1394 1846
1395 1514
1395 1549
1395 1584
1395 1697
1395 1805
1395 1953
1396 1440
1396 1687
1396 1744
1396 1816
1396 1952
1397 1543
1397 1602
1397 1768
1397 1845
1398 1529
1398 1559
1398 1844
1398 1889
1399 1640
1399 1848
1399 1891
1400 1552
1400 1983
1401 1443
1401 1530
1401 1625
1401 1828
1402 1675
1402 1834
1402 1879
1402 1918
1403 1635
1403 1697
1403 1889
1404 1427
1404 1429
1404 1921
1405 1479
1406 1527
1406 1591
1406 1779
1406 1836
1406 1854
1408 1595
1408 1622
1409 1433
1409 1726
1410 1453
1410 1741
1410 1755
1412 1503
1413 1457
1413 1848
1413 1948
1414 1456
1414 1932
1415 1488
1415 1830
1415 1879
1415 1955
1416 1723
1416 1734
1417 1584
1417 1801
1417 1910
1417 1992
1418 1522
1418 1751
1418 1972
1418 1973
1419 1574
1419 1894
1421 1478
1421 1903
1422 1493
1422 1566
1422 1907
1423 1459
1423 1767
1423 1966
1424 1493
1424 1543
1424 1701
1424 1870
1424 1968
1425 1551
1425 1895
1426 1479
1426 1496
1426 1613
1426 1643
1426 1763
1427 1534
1427 1729
1427 1860
1428 1432
1428 1586
1428 1595
1428 1635
1428 1720
1428 1744
1429 1570
1429 1598
1430 1862
1431 1574
1431 1951
1432 1893
1433 1806
1433 1894
1433 1942
1433 1978
1434 1635
1434 1883
1435 1767
1435 1987
1436 1456
1436 1535
1436 1561
1436 1802
1437 1541
1437 1688
1437 1913
1438 1923
1439 1442
1439 1719
1440 1560
1440 1589
1440 1813
1441 1890
1442 1885
1443 1887
1444 1806
1445 1560
1445 1661
1445 1670
1445 1722
1445 1999
1446 1469
1446 1478
1446 1500
1446 1614
1446 1644
1446 1929
1447 1451
1447 1604
1447 1887
1447 1970
1448 1511
1448 1643
1448 1938
1448 1995
1449 1740
1449 1911
1450 1748
1450 1791
1451 1608
1451 1675
1451 1756
1451 1913
1452 1472
1452 1791
1452 1908
1452 1943
1452 1963
1453 1696
1453 1732
1453 1761
1453 1804
1453 1908
1454 1806
1454 1865
1454 1995
1455 1510
1455 1674
1456 1780
1456 1839
1457 1601
1457 1602
1457 1678
1457 1783
1457 1833
1458 1515
1458 1590
1458 1653
1458 1806
1459 1477
1459 1821
1459 1950
1461 1474
1461 1582
1461 1771
1463 1515
1463 1927
1464 1832
1464 1988
1464 1989
1465 1474
1465 1978
1466 1657
1466 1661
1466 1746
1466 1748
1466 1857
1467 1508
1467 1625
1467 1635
1467 1730
1467 1793
1467 1855
1467 1907
1467 1914
1468 1698
1468 1946
1468 1972
1469 1635
1469 1765
1469 1908
1470 1705
1470 1726
1470 1739
1471 1627
1471 1948
1471 1971
1472 1585
1472 1750
1472 1923
1473 1517
1473 1575
1474 1480
1474 1537
1474 1638
1474 1680
1474 1707
1474 1715
1474 1973
1474 1990
1475 1526
1475 1726
1475 1839
1476 1586
1476 1925
1477 1535
1477 1563
1477 1564
1478 1518
1478 1545
1478 1676
1478 1837
1479 1493
1480 1552
1480 1842
1481 1653
1482 1680
1482 1699
1482 1930
1482 1940
1483 1846
1483 1866
1483 1952
1484 1741
1484 1788
1485 1678
1485 1826
1485 1864
1485 1972
1486 1512
1486 1726
1486 1864
1486 1973
1487 1538
1487 1559
1487 1751
1487 1813
1487 1883
1488 1836
1488 1870
1488 1909
1489 1592
1489 1801
1489 1907
1489 1953
1490 1653
1490 1679
1490 1758
1490 1763
1490 1790
1490 1926
1491 1749
1493 1590
1493 1610
1493 1747
1494 1533
1494 1818
1495 1679
1495 1786
1495 1979
1496 1801
1496 1833
1496 1843
1497 1824
1497 1887
1498 1522
1498 1584
1498 1674
1499 1812
1499 1905
1499 1923
1500 1936
1502 1597
1503 1684
1503 1746
1503 1809
1503 1921
1503 1968
1504 1595
1504 1688
1505 1658
1505 1755
1505 1840
1506 1955
1507 1923
1507 1964
1508 1533
1508 1888
1509 1540
1509 1640
1509 1789
1510 1947
1511 1652
1511 1780
1512 1643
1512 1827
1513 1549
1514 1523
1515 1652
1516 1706
1516 1882
1517 1624
1517 1673
1517 1879
1518 1589
1519 1601
1519 1757
1519 1804
1520 1670
1520 1695
1520 1773
1521 1661
1522 1691
1522 1711
1522 1867
1523 1609
1524 1710
1524 1821
1524 1903
1526 1762
1527 1866
1527 1993
1527 1994
1529 1640
1529 1705
1529 1732
1529 1735
1529 1958
1530 1779
1530 1789
1530 1828
1531 1894
1531 1958
1532 1581
1533 1557
1533 1928
1535 1577
1535 1850
1535 1886
1536 1602
1537 1583
1539 1835
1540 1561
1541 1770
1541 1886
1541 1960
1541 1967
1542 1599
1542 1732
1542 1751
1542 1785
1542 1911
1542 1975
1543 1773
1543 1942
1544 1624
1545 1637
1547 1646
1547 1826
1548 1601
1548 1955
1548 1980
1549 1555
1549 1772
1549 1824
1549 1909
1549 1914
1550 1623
1550 1677
1550 1849
1550 1851
1550 1927
1550 1939
1551 1557
1551 1582
1552 1660
1552 1832
1553 1765
1554 1655
1554 1729
1554 1837
1554 1860
1555 1829
1555 1866
1555 1946
1556 1637
1556 1916
1557 1599
1557 1623
1557 1762
1557 1803
1557 1938
1557 1991
1558 1685
1559 1633
1559 1779
1559 1809
1560 1651
1560 1909
1561 1969
1562 1709
1563 1599
1563 1693
1563 1934
1564 1670
1564 1874
1565 1806
1565 1808
1566 1606
1566 1618
1566 1694
1566 1824
1566 1878
1566 1938
1566 1947
1567 1617
1567 1951
1568 1640
1568 1868
1568 1900
1568 1979
1569 1832
1570 1764
1570 1979
1572 1606
1572 1699
1572 1721
1572 1822
1572 1831
1572 1863
1573 1612
1573 1735
1573 1848
1574 1979
1575 1687
1575 1792
1575 1834
1575 1955
1576 1751
1576 1843
1576 1894
1576 1930
1577 1623
1577 1755
1577 1848
1577 1857
1579 1613
1579 1626
1579 1791
1579 1919
1579 1971
1580 1791
1581 1670
1581 1758
1582 1714
1582 1759
1582 1813
1582 1849
1583 1846
1584 1734
1584 1803
1584 1920
1585 1705
1585 1749
1585 1916
1586 1635
1586 1963
1587 1628
1587 1672
1587 1782
1587 1828
1587 1882
1590 1642
1590 1744
1590 1916
1591 1983
1592 1761
1594 1970
1596 1604
1598 1921
1599 1614
1599 1721
1599 1916
1599 1925
1601 1919
1602 1718
1602 1811
1603 1740
1603 1945
1603 1997
1604 1940
1604 1990
1605 1759
1605 1899
1610 1743
1611 1729
1611 1918
1612 1767
1612 1866
1613 1623
1613 1708
1613 1757
1613 1885
1615 1764
1615 1802
1615 1917
1616 1832
1617 1818
1617 1879
1618 1680
1619 1835
1620 1789
1620 1992
1621 1687
1621 1764
1621 1852
1622 1874
1623 1733
1623 1831
1623 1837
1624 1629
1624 1650
1624 1758
1624 1792
1624 1842
1624 1900
1624 1956
1626 1674
1626 1691
1627 1687
1627 1778
1627 1788
1628 1811
1628 1976
1629 1792
1629 1965
1630 1686
1631 1696
1631 1700
1632 1667
1632 1805
1632 1883
1633 1746
1633 1760
1634 1728
1634 1781
1634 1801
1634 1932
1636 1760
1636 1788
1636 1928
1637 1842
1638 1712
1638 1924
1639 1656
1640 1669
1640 1764
1640 1772
1640 1844
1641 1667
1642 1650
1642 1960
1643 1659
1643 1763
1645 1917
1646 1763
1646 1861
1648 1826
1648 1929
1649 1856
1649 1923
1650 1655
1653 1659
1653 1865
1653 1955
1653 2000
1654 1664
1654 1736
1654 1788
1654 1862
1657 1704
1657 1766
1658 1732
1658 1897
1658 1967
1659 1749
1660 1968
1661 1826
1661 1976
1662 1846
1662 1859
1663 1731
1664 1907
1664 1926
1665 1944
1667 1741
1667 1906
1667 1915
1668 1746
1668 1796
1669 1835
1669 1895
1669 1900
1671 1814
1671 1909
1671 1990
1672 1716
1672 1809
1673 1700
1674 1949
1675 1731
1675 1837
1676 1784
1678 1790
1678 1926
1679 1698
1679 1876
1680 1795
1681 1848
1681 1965
1682 1827
1682 1893
1683 1735
1683 1750
1683 1752
1683 1783
1683 1895
1686 1898
1686 1972
1686 1989
1687 1792
1687 1887
1689 1959
1690 1835
1690 1890
1690 1918
1691 1695
1691 1771
1691 1794
1691 1841
1692 1764
1693 1811
1693 1850
1697 1909
1697 1935
1698 1725
1698 1917
1700 1777
1703 1900
1703 1914
1704 1755
1705 1905
1706 1760
1706 1880
1706 1933
1707 1851
1708 1744
1708 1812
1708 1998
1710 1712
1710 1832
1710 1932
1710 1968
1711 1716
1711 1828
1711 1954
1713 1806
1713 1978
1714 1899
1715 1825
1715 1895
1716 1990
1717 1936
1718 1854
1721 1955
1722 1825
1722 1928
1722 1981
1724 1995
1725 1849
1725 1923
1725 1970
1726 1912
1727 1783
1727 1891
1728 1783
1728 1810
1729 1967
1730 1978
1731 1903
1731 1950
1731 1995
1732 1766
1733 1960
1735 1812
1735 1913
1737 1828
1737 1909
1740 1946
1742 1903
1743 1881
1744 1776
1745 1856
1745 1887
1746 1804
1749 1810
1750 1772
1750 1897
1751 1843
1752 1880
1753 1767
1753 1826
1753 1932
1754 1928
1755 1774
1755 1790
1756 1798
1756 1856
1756 1988
1758 1818
1758 1953
1762 1949
1763 1845
1763 1857
1764 1952
1765 1874
1765 1885
1768 1895
1769 1962
1771 1988
1772 1861
1772 1880
1772 1962
1774 1903
1775 1830
1776 1866
1776 1939
1777 1786
1777 1787
1777 1972
1778 1883
1778 1975
1779 1786
1779 1928
1780 1964
1781 1947
1781 1985
1784 1853
1784 1911
1784 1933
1784 1957
1784 1973
1785 1872
1785 1907
1786 1837
1787 1910
1788 1936
1789 1821
1790 1799
1791 1843
1791 1973
1792 1805
1793 1953
1794 1909
1795 1846
1796 1922
1796 1972
1797 1856
1799 1946
1802 1806
1804 1961
1805 1838
1805 1885
1806 1980
1807 1911
1807 1994
1808 1873
1809 1817
1812 1889
1814 1916
1816 1839
1816 1841
1816 1916
1818 1860
1818 1865
1819 1859
1820 1943
1821 1903
1821 1982
1822 1823
1822 1854
1823 1993
1826 1942
1830 1885
1835 1859
1836 1981
1836 1984
1838 1917
1838 1956
1839 1904
1839 1943
1841 1876
1842 1866
1843 1923
1843 1990
1845 1974
1846 1928
1846 1974
1847 1888
1849 1927
1850 1874
1850 1962
1850 1984
1858 1891
1859 1910
1861 1944
1862 1866
1864 1883
1864 1997
1869 1916
1873 1930
1877 1987
1887 1985
1889 2000
1890 1942
1895 1933
1899 1964
1903 1975
1903 1988
1904 1947
1905 1908
1905 1965
1909 1938
1910 1912
1910 1984
1911 2000
1914 1999
1915 1935
1917 1932
1918 1963
1919 1950
1920 1978
1920 1989
1928 1959
1928 1960
1928 1962
1929 1979
1930 1995
1932 1988
1934 1952
1937 1981
1947 1962
1951 1987
1957 1983
1959 1970
1968 1997
