2000
10 1576
11 592
23 471
24 1690
29 201
35 1846
42 134
52 1049
53 521
55 495
57 1739
59 494
59 1097
71 1711
77 1821
80 1654
83 1831
91 1893
94 341
98 1497
106 1334
125 858
126 1685
131 1385
134 938
145 1999
155 803
183 963
188 1710
192 1765
193 663
196 779
197 358
200 780
202 1203
202 1744
207 707
211 958
218 619
219 243
226 1728
229 1507
232 241
233 1899
240 366
241 1965
245 1275
248 496
249 551
257 1332
260 1499
261 416
264 533
265 1188
269 377
269 1940
274 1503
280 742
282 1264
301 725
302 540
305 1485
320 361
323 1394
324 1438
327 425
330 772
334 835
343 583
349 1656
351 1234
351 1816
354 933
357 838
359 1634
391 1543
392 1026
397 1728
399 1386
422 645
423 1048
423 1501
425 870
441 460
449 1721
476 1168
478 496
492 1927
498 1447
500 542
501 1652
507 1768
518 1408
521 617
523 1778
537 1829
560 1808
564 1507
567 1205
576 1508
580 1301
603 1596
603 1886
605 1998
613 994
631 822
634 1928
653 1199
657 1559
658 1046
666 1922
668 1211
674 1836
687 1767
697 1305
711 1117
712 1379
713 1730
714 1020
718 1778
722 876
744 985
745 1842
747 1825
751 760
755 1455
761 1725
762 1689
775 1211
778 1571
790 1638
804 1905
812 964
822 1118
852 1588
865 1115
881 1151
888 1264
891 1508
932 1534
933 955
939 1900
940 1175
940 1451
967 1972
985 1657
1020 1228
1020 1786
1027 1202
1034 1095
1036 1234
1050 1927
1052 1114
1077 1185
1077 1987
1082 1268
1094 1253
1106 1383
1112 1530
1119 1240
1146 1199
1150 1665
1150 1887
1151 1695
1161 1382
1169 1264
1175 1337
1196 1330
1208 1645
1230 1548
1253 1607
1291 1531
1308 1743
1336 1722
1343 1459
1353 1827
1388 1716
1404 1966
1425 1966
1432 1453
1438 1556
1439 1441
1443 1645
1471 1800
1473 1777
1480 1885
1490 1656
1511 1896
1514 1961
1551 1831
1557 1905
1560 1842
1608 1754
1701 1966
1708 1814
1861 1966
