2000
1 60
1 161
1 285
1 454
1 455
1 583
1 590
1 858
1 1325
1 1472
1 1643
2 538
2 859
2 1258
2 1765
3 25
3 79
3 131
3 187
3 219
3 758
3 837
3 1679
3 1727
3 1770
4 353
4 651
4 778
4 1574
4 1666
5 108
5 133
5 456
5 1032
5 1216
5 1368
5 1522
6 422
6 437
6 559
6 768
6 804
6 904
6 1356
6 1389
6 1501
6 1654
6 1873
6 1956
7 63
7 137
7 227
7 361
7 376
7 383
7 473
7 1036
7 1171
7 1601
7 1628
7 1774
7 1789
8 116
8 136
8 418
8 480
8 533
8 1151
9 1019
9 1163
9 1369
9 1586
10 223
10 496
10 1608
10 1753
11 347
11 533
11 990
11 1546
11 1620
11 1858
12 300
12 587
12 783
12 807
12 1031
12 1102
12 1300
12 1447
12 1485
12 1586
12 1956
13 115
13 257
13 863
13 901
13 1369
13 1474
13 1719
13 1776
13 1836
14 23
14 78
14 602
14 649
14 687
14 920
14 1221
14 1513
14 1639
14 1757
15 40
15 271
15 760
15 873
15 1439
15 1695
16 471
16 541
16 668
16 1053
16 1515
16 1817
16 1850
16 1878
16 1934
17 132
17 758
17 861
17 968
17 1021
17 1029
17 1200
17 1227
17 1492
17 1542
17 1570
17 1805
17 1877
18 387
18 554
18 1033
18 1200
18 1434
18 1614
18 1632
18 1752
18 1810
19 288
19 886
19 966
19 1268
19 1332
19 1338
19 1353
19 1657
19 1681
19 1772
20 239
20 337
20 380
20 551
20 657
20 820
20 857
20 1027
20 1174
20 1202
20 1236
20 1365
20 1472
21 153
21 289
21 425
21 658
21 830
21 1060
21 1231
21 1335
21 1514
22 97
22 296
22 380
22 422
22 1172
22 1489
22 1775
23 575
23 787
23 1118
23 1209
23 1296
23 1641
23 1708
23 1842
24 141
24 230
24 352
24 460
24 609
24 637
24 866
24 887
24 983
24 1387
24 1484
24 1725
24 1954
25 640
25 701
25 1267
25 1318
26 29
26 37
26 65
26 298
26 311
26 1014
26 1053
26 1105
26 1293
26 1315
26 1898
26 1929
26 1987
27 260
27 264
27 305
27 382
27 923
27 1050
27 1091
27 1623
27 1799
28 56
28 607
28 727
28 729
28 869
28 978
28 1242
28 1721
28 1765
28 1875
28 1912
29 267
29 441
29 668
29 1013
29 1397
29 1590
29 1876
29 1923
30 946
30 1212
30 1237
30 1344
30 1417
30 1679
31 50
31 62
31 729
31 898
31 1074
31 1126
31 1226
31 1410
31 1451
32 308
32 360
32 415
32 440
32 729
32 907
32 1090
32 1232
32 1433
32 1458
32 1489
32 1532
32 1771
32 1937
33 189
33 212
33 237
33 311
33 352
33 353
33 498
33 505
33 1393
33 1462
33 1503
33 1531
33 1587
34 212
34 405
34 459
34 464
34 557
34 563
34 1052
34 1063
34 1127
34 1755
35 233
35 514
35 529
35 802
35 973
35 1021
35 1747
36 305
36 1240
36 1381
36 1820
36 1842
37 293
37 294
37 308
37 544
37 661
37 760
37 792
37 970
37 1095
37 1123
37 1414
37 1951
38 338
38 581
38 863
38 868
38 1019
38 1022
38 1097
38 1198
38 1246
38 1467
38 1506
38 1554
39 227
39 392
39 1086
39 1292
39 1329
39 1717
39 1903
40 203
40 513
40 571
40 689
40 1053
40 1414
40 1453
40 1786
41 213
41 225
41 470
41 588
41 676
41 975
41 1193
41 1419
41 1443
41 1559
41 1667
42 90
42 332
42 394
42 626
42 724
42 758
42 929
42 1371
42 1386
42 1693
42 1752
42 1942
43 109
43 191
43 344
43 425
43 643
43 878
43 1385
43 1665
43 1914
43 1999
44 51
44 56
44 230
44 666
44 699
44 986
44 1086
44 1289
44 1356
44 1391
44 1821
44 1980
45 144
45 162
45 239
45 270
45 271
45 285
45 302
45 798
45 1361
45 1544
45 1573
45 1966
46 496
46 575
46 607
46 789
46 875
46 1019
46 1035
46 1177
46 1353
46 1499
46 1582
46 1708
46 1934
47 596
47 787
47 945
47 960
47 1107
47 1325
48 175
48 319
48 696
48 720
48 922
48 1477
48 1542
48 1980
49 392
49 522
49 712
49 751
49 1392
49 1402
49 1612
49 1929
50 99
50 177
50 294
50 364
50 1122
50 1185
50 2000
51 388
51 562
51 899
51 1083
51 1086
51 1288
51 1377
51 1579
51 1920
52 154
52 355
52 649
52 864
52 897
52 981
52 984
52 1410
52 1450
53 354
53 606
53 681
53 826
53 1449
53 1737
54 175
54 767
54 1203
54 1423
54 1537
54 1752
54 1869
55 77
55 163
55 1033
55 1121
55 1474
56 463
56 569
56 642
56 1220
56 1457
57 254
57 283
57 305
57 403
57 1046
57 1118
57 1137
57 1220
57 1443
57 1634
57 1742
57 1855
58 163
58 305
58 523
58 939
58 1091
58 1132
58 1252
58 1741
58 1766
58 1854
58 1984
59 406
59 873
59 982
59 1023
59 1209
59 1864
60 457
60 817
60 868
60 1065
60 1174
60 1517
61 562
61 1301
62 185
62 190
62 271
62 314
62 479
62 575
62 850
62 1401
62 1431
62 1612
62 1754
62 1780
62 1813
63 67
63 153
63 668
63 677
63 727
63 886
63 910
63 1385
63 1414
63 1520
63 1663
63 1698
63 1878
63 1974
63 1981
64 78
64 92
64 752
64 834
64 1136
64 1155
64 1335
64 1439
64 1582
65 78
65 225
65 249
65 271
65 323
65 355
65 621
65 659
65 946
65 1273
65 1278
65 1750
65 1759
65 1783
66 105
66 212
66 293
66 567
66 630
66 774
66 1294
66 1376
67 385
67 432
67 532
67 579
67 1020
67 1066
67 1357
67 1370
67 1681
67 1715
68 422
68 587
68 696
68 970
68 1343
68 1632
68 1637
68 1726
69 298
69 465
69 708
69 877
69 901
69 904
69 966
69 1703
69 1959
70 201
70 509
70 661
70 771
70 874
70 985
70 1201
70 1356
70 1918
71 232
71 277
71 517
71 648
72 372
72 415
72 470
72 539
72 579
72 705
72 1668
72 1729
72 1758
72 1839
73 720
73 822
73 1269
73 1397
73 1517
73 1632
73 1773
73 1831
74 261
74 372
74 490
74 945
74 1387
74 1401
74 1448
74 1760
75 254
75 361
75 458
75 851
75 907
75 1007
75 1771
75 1998
76 796
76 972
76 1024
76 1492
76 1595
76 1839
76 1888
77 143
77 396
77 1049
77 1190
77 1570
77 1971
78 411
78 600
78 629
78 833
78 838
78 1084
78 1258
78 1298
78 1827
78 1937
79 110
79 162
79 224
79 340
79 387
79 596
79 736
79 979
79 1084
79 1430
79 1613
79 1852
79 1927
79 1947
80 138
80 175
80 312
80 660
80 851
80 1299
80 1565
80 1642
81 90
81 378
81 589
81 886
81 997
81 1066
81 1694
81 1747
81 1803
82 87
82 246
82 851
82 999
82 1297
82 1301
82 1381
82 1780
82 1974
83 113
83 360
83 472
83 1198
83 1280
83 1344
83 1480
84 322
84 368
84 675
84 1006
84 1225
84 1387
84 1440
84 1602
84 1838
84 1964
85 117
85 368
85 415
85 466
85 900
85 1009
85 1267
85 1440
85 1714
85 1947
86 387
86 876
86 1053
86 1175
86 1307
86 1748
87 431
87 462
87 565
87 743
87 910
87 1375
87 1854
88 490
88 621
88 813
88 1163
89 261
89 518
89 835
89 884
89 1008
89 1647
90 207
90 504
90 1153
90 1439
90 1512
90 1727
90 1878
91 175
91 285
91 569
91 884
91 912
91 1217
91 1614
91 1704
92 337
92 562
92 567
92 671
92 684
92 984
92 1430
92 1544
92 1763
93 294
93 368
93 416
93 760
93 970
93 1036
93 1435
93 1557
93 1864
93 1983
94 327
94 519
94 586
94 879
94 962
94 1343
94 1700
95 219
95 254
95 817
95 930
95 1133
95 1256
95 1800
95 1939
96 125
96 656
96 689
96 865
96 899
96 900
96 938
96 1145
96 1513
96 1541
97 166
97 577
97 730
97 734
97 806
97 903
97 1094
97 1258
97 1483
97 1504
97 1641
97 1773
97 1778
98 300
98 553
98 1051
98 1118
98 1308
98 1310
98 1418
98 1593
99 284
99 318
99 699
99 1085
99 1166
99 1187
99 1414
99 1494
99 1526
99 1704
99 1724
100 513
100 1545
100 1665
100 1784
100 1794
100 1879
100 1934
101 255
101 631
101 787
101 840
101 1394
101 1533
101 1663
101 1843
101 1872
101 1924
102 386
102 413
102 850
102 970
102 1350
102 1464
102 1692
102 1737
103 123
103 193
103 213
103 375
103 475
103 530
103 566
103 722
103 741
103 1043
103 1167
103 1253
103 1749
103 1878
104 431
104 688
104 778
104 916
104 1083
104 1151
104 1172
104 1738
105 124
105 138
105 301
105 302
105 584
105 652
105 1055
105 1150
105 1234
105 1254
105 1355
105 1427
105 1738
105 1950
106 134
106 197
106 402
106 606
106 1039
106 1066
106 1166
106 1649
106 1657
106 1729
107 196
107 363
107 1084
107 1149
107 1155
107 1696
107 1837
108 127
108 428
108 886
108 972
109 266
109 272
109 416
109 498
109 753
109 892
109 1261
110 347
110 613
110 620
110 1232
110 1454
110 1965
111 216
111 325
111 529
111 652
111 852
111 1020
111 1081
111 1398
111 1661
111 1851
112 274
112 657
112 852
112 1263
112 1285
112 1431
112 1596
112 1947
112 1950
113 344
113 653
113 708
113 769
113 906
113 1050
113 1460
113 1799
113 1886
114 493
114 836
114 1144
114 1194
114 1360
115 220
115 345
115 818
115 822
115 887
115 954
115 1056
115 1097
115 1443
115 1503
115 1545
115 1699
115 1758
116 211
116 747
116 1274
116 1408
116 1453
116 1693
116 1769
116 1954
117 510
117 731
117 785
117 916
117 1051
117 1113
117 1230
117 1272
117 1303
117 1497
117 1692
117 1693
117 1796
117 1848
118 127
118 621
118 748
118 782
118 949
118 1015
118 1032
118 1205
118 1550
118 1906
118 1976
119 314
119 340
119 503
119 705
119 818
119 957
119 1038
119 1069
119 1446
119 1501
119 1794
120 608
120 827
120 906
120 1104
121 363
121 423
121 816
121 1138
121 1176
121 1567
121 1666
122 373
122 585
122 842
122 864
122 1085
122 1376
122 1402
122 1424
122 1814
123 491
123 547
123 717
123 829
123 883
123 928
123 1069
123 1200
123 1680
123 1949
124 202
124 258
124 876
124 1351
124 1770
125 480
125 502
125 1048
125 1450
126 330
126 417
126 524
126 566
126 949
126 1265
126 1522
127 155
127 439
127 605
127 881
127 903
127 1107
127 1189
127 1578
127 1830
128 558
128 628
128 716
128 717
128 1133
128 1212
128 1303
128 1367
128 1608
128 1983
129 254
129 285
129 308
129 504
129 574
129 779
129 791
129 884
129 1170
129 1389
129 1497
129 1541
130 187
130 627
130 775
130 866
130 1160
130 1587
130 1588
130 1686
130 1812
130 1937
131 207
131 264
131 352
131 764
131 931
131 1663
131 1875
132 335
132 355
132 566
132 598
132 964
132 1030
132 1861
132 1981
133 496
133 740
133 791
133 892
133 894
133 920
133 1012
133 1405
133 1574
133 1590
133 1725
133 1738
133 1914
134 178
134 308
134 349
134 392
134 482
134 649
134 821
134 873
134 950
134 965
134 974
134 1466
134 1574
134 1924
135 529
135 834
135 1023
135 1027
135 1232
135 1260
136 246
136 369
136 601
136 1327
136 1525
136 1860
137 198
137 316
137 1164
137 1502
137 1743
137 1802
137 1953
138 587
138 868
138 890
138 920
138 1360
138 1363
139 236
139 877
139 949
139 956
139 1081
139 1153
139 1929
140 219
140 422
140 485
140 695
140 850
140 1842
141 569
141 654
141 977
141 1486
141 1812
142 631
142 747
142 1419
143 412
143 419
143 860
143 938
143 988
143 1676
143 1925
143 1991
144 209
144 345
144 660
144 717
144 1408
144 1443
144 1852
144 1943
145 160
145 542
145 620
145 633
145 746
145 1061
145 1131
145 1263
145 1265
145 1811
145 1867
146 335
146 766
146 850
146 1157
146 1548
146 1673
146 1802
147 154
147 284
147 675
147 1041
147 1346
147 1354
147 1603
147 1846
148 152
148 578
148 582
148 1036
148 1182
148 1224
148 1268
148 1377
148 1430
148 1530
148 1671
148 1685
149 730
149 1029
149 1037
149 1057
149 1569
150 196
150 381
150 798
150 811
150 948
150 1318
150 1386
150 1480
150 1939
151 335
151 780
151 921
151 1046
151 1296
151 1347
151 1452
151 1756
152 904
152 1679
152 1745
153 464
153 603
153 1706
154 157
154 622
154 697
154 1458
154 1674
154 1703
154 1776
154 1796
155 750
155 1187
155 1895
155 1947
156 193
156 650
156 776
156 870
156 940
156 1031
156 1034
156 1072
156 1147
156 1274
156 1548
156 1660
156 1939
157 502
157 1218
157 1529
157 1779
157 1875
158 295
158 678
158 751
158 818
158 1528
158 1597
158 1812
159 618
159 673
159 770
159 804
159 1041
159 1637
159 1816
160 456
160 592
160 666
160 752
160 1454
160 1624
160 1753
161 162
161 175
161 425
161 449
161 562
161 578
161 709
161 758
161 1293
161 1491
161 1668
162 191
162 350
162 391
162 442
162 615
162 631
162 632
162 768
162 870
162 1110
162 1154
162 1533
162 1711
162 1826
163 188
163 730
163 786
163 976
163 1067
163 1338
163 1429
163 1455
163 1605
163 1834
163 1992
164 828
164 1250
164 1480
164 1784
165 423
165 656
165 723
165 735
165 779
165 976
165 1318
165 1321
165 1496
166 224
166 280
166 345
166 405
166 613
166 1227
166 1280
166 1448
166 1514
166 1572
166 1916
167 271
167 281
167 411
167 447
167 598
167 1204
167 1313
167 1483
167 1501
167 1508
167 1511
167 1696
167 1790
168 224
168 246
168 334
168 418
168 455
168 915
168 916
168 1062
168 1192
168 1389
168 1667
168 1679
169 185
169 215
169 1378
169 1475
169 1951
170 202
170 426
170 524
170 989
170 1049
170 1118
170 1290
170 1729
170 1809
170 1828
170 1840
170 1854
171 299
171 914
171 1111
171 1506
171 1659
171 1756
171 1995
172 315
172 531
172 693
172 1670
173 846
173 907
173 1119
173 1242
173 1379
173 1684
173 1715
173 1763
174 256
174 275
174 496
174 497
174 581
174 870
174 974
174 1350
174 1510
174 1535
174 1546
174 1702
174 1732
174 1875
174 1981
174 1996
175 200
175 402
175 593
175 631
175 784
175 919
175 930
175 1175
175 1471
175 1578
175 1595
176 369
176 578
176 668
176 715
176 1059
176 1394
176 1910
177 284
177 382
177 690
177 749
177 1210
177 1758
178 218
178 343
178 467
178 665
178 709
178 940
178 1073
178 1119
178 1234
178 1607
179 258
179 271
179 361
179 422
179 525
179 740
179 773
179 828
179 991
179 1032
179 1034
179 1338
179 1361
179 1607
179 1878
179 1925
179 1992
180 249
180 469
180 504
180 688
180 721
180 1127
180 1159
180 1273
180 1512
180 1770
181 256
181 438
181 875
181 880
181 951
181 1050
181 1412
181 1418
181 1428
181 1754
181 1995
182 336
182 550
182 860
182 1241
182 1303
182 1330
182 1356
182 1684
182 1709
182 1846
182 1974
183 223
183 269
183 505
183 527
183 864
183 1019
183 1134
183 1330
183 1464
183 1501
183 1712
183 1863
183 1871
183 1941
184 687
184 981
184 1306
184 1400
184 1833
184 1962
185 891
185 940
185 1183
185 1198
185 1333
185 1771
185 1947
185 1987
186 215
186 559
186 610
186 780
186 785
186 957
186 989
186 1057
186 1279
186 1440
187 934
187 1463
187 1740
188 862
188 1481
188 1524
188 1587
188 1736
188 1786
189 381
189 407
189 521
189 602
189 659
189 899
189 906
189 1262
189 1304
190 630
190 703
190 896
190 1142
190 1468
190 1473
190 1486
190 1567
190 1664
190 1857
191 295
191 525
191 571
191 709
191 712
191 906
191 1039
191 1224
191 1265
191 1964
192 449
192 497
192 682
192 927
192 1126
192 1251
192 1421
192 1425
192 1497
192 1635
192 1693
192 1937
192 1945
192 1992
193 803
193 1052
193 1079
193 1219
193 1251
193 1463
193 1966
194 461
194 714
194 774
194 908
194 1257
194 1366
194 1641
194 1703
194 1813
194 1898
195 519
195 898
195 949
195 1132
195 1189
195 1265
195 1455
195 1467
196 279
196 292
196 377
196 406
196 438
196 780
196 876
196 937
196 1203
196 1475
196 1638
196 1766
196 1784
196 1853
197 252
197 374
197 782
197 955
197 1143
197 1761
197 1805
198 467
198 522
198 537
198 997
198 1040
198 1316
198 1427
198 1608
198 1665
198 1909
199 777
199 927
199 1044
199 1207
199 1320
199 1687
199 1694
199 1784
199 1785
199 1788
199 1964
199 1984
199 1995
200 682
200 1057
200 1144
200 1490
200 1526
201 340
201 428
201 544
201 831
201 941
201 954
201 1034
201 1318
201 1644
201 1688
201 1895
201 1988
202 377
202 473
202 532
202 654
202 1040
202 1125
202 1147
202 1322
203 501
203 544
203 639
203 725
203 1274
203 1286
203 1774
203 1809
204 1556
204 1975
205 280
205 309
205 400
205 437
205 596
205 946
205 1211
205 1289
205 1705
205 1771
205 1910
206 235
206 612
206 844
206 1095
206 1143
206 1319
206 1393
206 1514
206 1601
206 1628
206 1713
206 1781
206 1859
207 647
207 687
207 941
207 1010
207 1113
207 1524
207 1543
208 324
208 895
208 1277
208 1303
208 1326
208 1357
208 1503
208 1775
208 1965
209 254
209 349
209 442
209 585
209 826
209 909
209 1004
209 1114
209 1177
209 1675
209 1962
210 638
210 681
210 887
210 976
210 1383
210 1715
210 1717
210 1851
210 1890
210 1919
211 451
211 594
211 763
211 909
211 980
211 1245
211 1248
211 1295
211 1760
211 1802
211 1835
212 370
212 868
212 902
212 1424
213 243
213 435
213 480
213 802
213 841
213 1115
213 1823
214 392
214 408
214 472
214 489
214 772
214 1352
214 1369
214 1388
214 1737
214 1975
215 658
215 811
215 1123
215 1501
215 1617
215 1741
216 499
216 585
216 628
216 699
216 962
216 992
216 1426
216 1752
217 241
217 280
217 655
217 788
217 1092
217 1736
217 1831
218 996
218 1027
218 1047
218 1092
218 1375
218 1435
218 1460
218 1488
218 1513
218 1883
219 241
219 293
219 399
219 605
219 1602
219 1749
220 470
220 584
220 1044
220 1057
220 1097
220 1355
220 1535
220 1546
220 1583
220 1687
220 1846
221 633
221 763
221 1071
221 1085
221 1412
221 1472
222 442
222 567
222 878
222 1254
222 1313
222 1464
222 1976
223 227
223 295
223 836
223 1043
223 1133
223 1550
223 1768
224 338
224 358
224 388
224 989
224 1254
224 1364
224 1579
224 1757
224 1895
225 428
225 499
225 841
225 1047
225 1180
225 1185
225 1616
225 1663
226 314
226 927
226 1175
226 1653
226 1692
226 1730
226 1815
226 1853
227 401
227 560
227 649
227 1024
227 1530
227 1768
228 304
228 358
228 391
228 1143
228 1380
228 1503
228 1638
228 1797
229 274
229 505
229 577
229 607
229 678
229 826
229 1128
229 1745
229 1908
230 275
230 381
230 433
230 453
230 645
230 646
230 775
230 1019
230 1025
230 1380
230 1697
230 1770
231 732
231 757
231 761
231 1037
231 1070
231 1418
231 1600
231 1691
232 553
232 660
232 1301
232 1460
233 296
233 340
233 523
233 694
233 1292
233 1346
233 1617
234 765
234 1162
234 1268
234 1359
234 1777
235 427
235 485
235 1083
235 1789
235 1904
236 466
236 545
236 936
236 1447
236 1847
236 1886
236 1959
237 362
237 497
237 609
237 614
237 698
237 768
237 1314
237 1443
237 1899
238 284
238 371
238 448
238 898
238 1194
238 1368
238 1486
238 1721
238 1773
239 331
239 465
239 717
239 1100
239 1273
239 1485
239 1649
239 1837
240 535
240 912
240 1049
240 1200
240 1217
240 1535
241 336
241 590
241 1014
241 1071
241 1236
241 1683
241 1915
242 295
242 334
242 339
242 453
242 488
242 1572
242 1700
242 1779
243 301
243 601
243 840
243 1317
243 1546
243 1695
243 1828
244 278
244 301
244 432
244 568
244 613
244 780
244 956
244 1471
244 1516
244 1790
245 355
245 384
245 463
245 490
245 597
245 651
245 911
245 1082
245 1115
245 1750
246 270
246 385
246 900
246 963
246 1276
246 1659
246 1665
246 1830
246 1862
247 319
247 374
247 387
247 585
247 722
247 798
247 907
247 1036
247 1350
247 1791
247 1910
248 411
248 1112
248 1232
248 1488
248 1510
248 1537
248 1640
249 403
249 427
249 848
249 890
249 1033
249 1443
250 265
250 460
250 496
250 934
250 1124
250 1362
250 1435
250 1535
251 293
251 378
251 390
251 406
251 600
251 1025
251 1138
251 1616
251 1807
252 327
252 535
252 556
252 649
252 1028
252 1251
252 1995
254 587
254 641
254 809
254 974
254 1011
254 1350
254 1641
254 1784
254 1894
255 288
255 821
255 1006
255 1010
255 1052
255 1148
255 1151
255 1414
255 1535
255 1628
256 379
256 765
256 1231
256 1562
256 1586
256 1834
257 519
257 919
257 981
257 1005
257 1227
257 1229
257 1405
257 1426
257 1626
257 1759
257 1785
257 1884
257 1951
258 701
258 915
258 974
258 1330
258 1656
259 288
259 783
259 1297
259 1700
260 269
260 866
260 1460
261 431
261 752
261 1108
261 1136
261 1412
261 1444
261 1547
261 1662
261 1795
262 322
262 682
262 1164
262 1584
262 1652
262 1712
263 391
263 393
263 749
263 1157
263 1370
263 1633
263 1706
264 380
264 425
264 508
264 565
264 904
264 1127
264 1352
264 1825
265 433
265 470
265 489
265 1127
265 1345
265 1846
265 1987
266 278
266 329
266 812
266 825
266 1130
266 1343
266 1359
266 1447
266 1724
266 1859
266 1931
267 538
267 550
267 671
267 1123
267 1384
267 1416
267 1554
267 1799
267 1842
268 631
268 864
268 888
269 290
269 393
269 571
269 587
269 712
269 943
269 1285
269 1498
269 1556
269 1670
269 1708
269 1820
270 280
270 426
270 515
270 864
270 942
270 1339
270 1484
270 1825
270 1995
271 406
271 431
271 620
271 686
271 796
271 882
271 1122
271 1469
271 1625
271 1746
271 1877
272 351
272 371
272 566
272 795
272 809
272 1033
272 1448
272 1590
272 1730
272 1837
272 1953
273 313
273 680
273 857
273 1444
273 1742
274 1100
274 1138
274 1607
275 1259
275 1407
276 386
276 786
276 794
277 683
277 810
277 898
277 972
277 993
277 1044
277 1064
277 1694
277 1774
277 1889
278 340
278 419
278 475
278 499
278 697
278 776
278 916
278 1691
278 1738
278 1910
279 618
279 678
279 793
279 796
279 815
279 918
279 1478
279 1615
280 335
280 404
280 479
280 488
280 533
280 686
280 1409
281 544
281 827
281 988
281 1087
281 1181
281 1330
281 1466
281 1539
281 1630
281 1869
281 1990
282 297
282 574
282 1131
282 1278
282 1364
282 1564
282 1680
282 1926
283 558
283 1142
283 1568
284 730
284 900
284 1016
284 1200
284 1375
284 1406
284 1430
284 1795
284 1908
285 443
285 1085
285 1090
285 1636
285 1767
285 1933
285 1951
286 576
286 1046
286 1728
287 660
287 770
287 1113
287 1130
287 1207
287 1429
287 1527
287 1626
287 1793
287 1834
287 1985
287 1989
288 389
288 506
288 632
288 1068
288 1218
288 1379
289 377
289 444
289 510
289 934
289 1124
289 1925
290 762
290 991
290 1211
290 1312
290 1323
290 1367
290 1537
290 1687
291 508
291 758
291 765
291 1226
291 1861
291 1946
292 825
292 831
292 1180
292 1209
292 1731
292 1875
292 1909
293 734
293 953
293 1982
294 307
294 394
294 755
294 902
294 1152
294 1924
295 327
295 380
295 664
295 722
295 915
295 1199
295 1287
295 1407
295 1411
295 1809
295 1925
296 1153
296 1619
296 1904
296 1976
297 314
297 335
297 694
297 1353
297 1361
297 1370
297 1554
297 1858
297 1927
298 340
298 360
298 588
298 1317
298 1548
298 1582
299 351
299 476
299 533
299 548
299 674
299 912
299 1408
300 413
300 439
300 1093
300 1138
300 1331
300 1381
300 1390
300 1408
300 1642
301 321
301 408
301 932
301 936
301 945
301 1801
302 496
302 525
302 719
302 793
302 1020
302 1120
302 1462
302 1485
302 1516
302 1554
302 1717
302 1945
303 508
303 951
303 1197
303 1212
303 1283
303 1408
304 1295
304 1347
304 1830
305 501
305 559
306 335
306 462
306 541
306 583
306 718
306 1366
306 1413
306 1436
306 1540
306 1933
307 603
307 1392
307 1416
307 1545
307 1583
307 1736
307 1966
308 457
308 506
308 808
308 954
308 1432
309 1142
309 1402
309 1418
309 1668
309 1797
310 427
310 442
310 454
310 737
310 1023
310 1095
310 1618
310 1898
311 410
311 435
311 574
311 652
311 743
311 1240
311 1534
311 1724
311 1737
312 857
312 897
312 904
312 1296
312 1508
312 1589
312 1918
313 834
313 930
313 1002
313 1375
313 1644
313 1836
314 1045
314 1120
314 1296
314 1400
315 541
315 553
315 586
315 776
315 1263
315 1294
315 1452
316 999
316 1109
316 1935
317 969
317 1210
317 1354
317 1785
317 1871
317 1958
318 953
318 976
318 1323
319 579
319 738
319 744
319 911
319 1001
319 1013
319 1277
319 1296
319 1880
319 1922
320 454
320 494
320 500
320 612
320 771
320 888
320 951
320 1066
320 1411
320 1718
320 1765
320 1850
321 422
321 444
321 465
321 668
321 1062
321 1111
321 1334
321 1930
322 355
322 957
322 1015
322 1107
322 1187
322 1374
322 1624
322 1874
322 1981
323 354
323 671
323 850
323 1423
323 1611
323 1690
323 1801
324 739
324 1898
325 330
325 478
325 508
325 559
325 1159
325 1611
326 734
326 738
326 857
326 1027
326 1122
326 1127
326 1560
327 403
327 640
327 836
327 840
327 952
327 1161
327 1716
327 1739
328 467
328 564
328 822
328 1259
328 1294
328 1591
328 1927
328 1941
329 510
329 1055
329 1145
329 1480
329 1603
329 1730
330 387
330 517
330 690
330 892
330 949
330 1087
330 1397
330 1835
330 1872
330 1943
331 427
331 562
331 882
331 949
331 1341
331 1511
331 1610
331 1738
332 520
332 607
332 859
332 884
332 1421
332 1509
332 1783
333 608
333 786
333 828
333 909
333 1003
333 1069
334 1110
334 1119
334 1217
334 1228
334 1427
334 1557
334 1832
334 1846
335 484
335 629
335 640
335 1447
335 1875
336 347
336 398
336 457
336 506
336 657
336 822
336 1360
337 501
337 617
337 961
337 1086
337 1164
337 1382
337 1479
337 1633
337 1879
337 1931
338 681
338 726
338 906
338 939
338 967
338 1221
338 1304
338 1385
338 1417
338 1572
338 1715
338 1988
339 938
339 1292
339 1658
339 1686
340 488
340 540
340 958
340 1143
340 1252
340 1353
340 1363
340 1382
340 1574
340 1689
341 558
341 1123
341 1196
341 1770
341 1953
342 662
342 945
342 965
342 1141
342 1225
342 1710
343 453
343 585
343 1658
344 431
344 577
344 652
344 713
344 728
344 913
344 948
344 1177
345 346
345 423
345 668
345 828
345 923
345 1222
345 1770
345 1871
346 566
346 989
346 1050
346 1052
346 1076
346 1159
346 1342
346 1384
346 1422
346 1968
347 398
347 409
347 604
347 636
347 666
347 838
347 913
347 1035
347 1059
347 1141
347 1142
347 1334
347 1381
347 1456
347 1472
347 1595
347 1676
348 472
348 536
348 694
348 755
348 783
348 1147
348 1409
348 1569
348 1605
348 1704
348 1732
348 1738
349 438
349 599
349 794
349 884
349 955
349 1235
349 1266
349 1538
349 1714
349 1802
350 612
350 795
350 891
350 960
350 972
350 1153
350 1161
350 1478
350 1681
350 1708
350 1994
351 359
351 404
351 640
351 663
351 720
351 728
351 1403
351 1827
351 1897
352 434
352 535
352 757
352 812
352 891
352 1566
352 1613
352 1722
352 1725
353 434
353 708
353 851
353 1296
353 1362
353 1592
353 1667
353 1815
353 1873
354 386
354 490
354 801
354 1147
354 1222
354 1284
354 1491
354 1500
354 1822
355 402
355 495
355 838
355 963
355 1387
355 1396
355 1457
355 1460
355 1766
355 1971
356 719
356 755
356 1194
356 1355
356 1536
356 1571
356 1772
357 376
357 475
357 641
357 765
357 1294
357 1602
358 362
358 634
358 945
358 957
358 1469
358 1528
359 439
359 920
359 1087
359 1263
359 1673
359 1689
359 1752
359 1929
360 945
360 1267
360 1598
361 525
361 548
361 798
361 893
361 904
361 906
361 909
361 1416
361 1450
361 1822
361 1872
361 1888
362 1053
362 1826
362 1843
363 773
363 880
363 1056
363 1400
363 1436
363 1677
364 631
364 750
364 862
364 928
364 1409
364 1567
364 1687
364 1990
365 387
365 442
366 547
366 601
366 789
366 991
366 1041
366 1148
366 1251
366 1588
366 1726
366 1840
366 1979
367 390
367 719
367 729
367 827
367 844
367 1092
367 1229
367 1261
367 1397
367 1400
367 1549
368 567
368 655
368 853
368 930
368 945
368 1348
368 1480
368 1905
369 641
369 658
369 805
369 1017
369 1092
369 1459
369 1482
369 1763
370 481
370 639
370 958
370 1014
370 1372
370 1786
371 393
371 1019
371 1382
371 1404
371 1768
371 1938
372 496
372 915
372 922
372 1042
372 1234
372 1658
372 1776
373 808
373 843
373 877
373 1101
373 1108
373 1127
373 1187
373 1242
373 1498
373 1502
373 1893
374 481
374 1135
374 1207
374 1310
374 1513
375 574
375 1010
375 1278
375 1282
375 1290
375 1641
375 1724
375 1957
375 1959
376 476
376 514
376 955
376 1573
376 1632
376 1735
377 1000
377 1019
377 1341
377 1900
378 986
378 1828
378 1919
379 604
379 626
379 671
379 697
379 906
379 923
380 435
380 486
380 894
380 1239
380 1264
380 1993
381 762
381 944
381 1113
381 1518
381 1544
382 433
382 699
382 1028
382 1127
382 1610
382 1625
382 1755
383 654
383 864
383 1101
383 1110
383 1147
383 1208
383 1241
383 1294
383 1582
383 1760
384 643
384 782
384 846
384 1838
384 1948
384 1974
385 484
385 536
385 776
385 1041
385 1056
385 1218
385 1332
385 1621
386 644
386 665
386 901
386 1257
386 1276
386 1304
386 1438
387 785
387 830
387 1292
387 1300
387 1391
388 470
388 478
388 734
388 788
388 883
388 994
388 1131
388 1866
388 1894
389 718
389 755
389 850
389 1076
389 1310
389 1335
389 1479
389 1537
389 1623
389 1641
389 1664
389 1787
390 394
390 918
390 1202
390 1207
390 1212
390 1309
390 1360
390 1519
390 1791
390 1858
391 456
391 1038
391 1110
391 1196
391 1267
391 1294
391 1548
391 1819
392 681
392 814
392 914
392 1078
392 1125
392 1140
392 1204
392 1549
392 1892
393 885
393 1017
394 1032
394 1477
395 500
395 1072
395 1447
395 1547
395 1795
395 1839
395 1852
396 816
396 1202
396 1204
396 1255
396 1857
396 1920
396 1934
397 652
397 655
397 837
397 1231
397 1600
397 1708
398 413
398 809
398 1184
398 1875
399 588
399 783
399 890
399 900
399 1092
399 1296
399 1739
399 1932
400 737
400 752
400 946
400 1013
400 1025
400 1060
400 1977
401 429
401 560
401 921
401 977
401 1306
401 1707
401 1790
402 545
402 691
402 764
402 1030
402 1146
402 1252
402 1398
402 1431
402 1617
402 1664
402 1697
402 1742
402 1882
403 572
403 798
404 811
404 1700
404 1771
405 612
405 790
405 889
405 971
405 1253
405 1530
406 614
406 874
406 1056
406 1689
406 1873
407 1089
407 1503
407 1798
407 1852
408 1037
408 1060
408 1182
408 1425
409 589
409 849
409 1261
409 1383
409 1486
409 1634
409 1646
410 886
410 1603
411 1087
411 1272
411 1393
411 1496
412 431
412 671
412 693
412 700
412 710
412 1275
412 1297
412 1377
412 1391
412 1427
412 1469
412 1551
412 1994
413 679
413 936
413 1270
413 1374
413 1506
413 1615
413 1675
414 608
414 870
414 1135
414 1266
414 1478
414 1680
414 1775
414 1835
414 1937
415 864
415 1009
415 1104
415 1246
415 1713
415 1811
416 1109
416 1200
416 1372
416 1653
417 1226
417 1336
417 1921
417 1968
418 431
418 590
418 798
418 871
418 1145
418 1617
419 450
419 493
419 909
419 1273
419 1286
419 1392
419 1559
419 1927
420 460
420 504
420 510
420 523
420 986
420 1074
420 1567
420 1729
421 473
421 658
421 719
421 765
421 947
421 1447
421 1539
421 1957
422 468
422 724
422 752
422 758
422 800
422 892
422 941
422 1349
422 1771
423 524
423 569
423 764
423 1174
423 1210
423 1520
423 1540
423 1546
423 1908
424 1034
424 1226
424 1246
424 1593
424 1656
424 1726
425 445
425 606
425 749
425 1363
425 1383
425 1500
425 1800
425 1829
425 1918
425 1947
426 579
426 672
426 859
426 948
426 1238
426 1677
427 489
427 536
427 580
427 776
427 889
427 1069
427 1085
427 1298
427 1561
427 1673
427 1757
428 993
428 1433
428 1587
428 1625
428 1789
429 556
429 753
429 1248
429 1291
429 1680
430 955
430 1010
430 1027
430 1344
430 1348
430 1496
430 1648
430 1897
431 512
431 795
431 1083
431 1853
432 1170
432 1400
432 1954
433 438
433 500
433 746
433 819
433 947
433 1054
433 1201
433 1369
433 1597
433 1607
434 739
434 822
434 880
434 1187
434 1332
434 1381
434 1447
434 1535
434 1536
434 1844
434 1861
434 1865
435 541
435 888
435 899
435 911
435 1068
435 1102
435 1157
435 1463
435 1827
436 540
436 1005
436 1263
436 1389
436 1646
436 1953
437 622
437 1228
437 1473
437 1951
438 634
438 1042
438 1873
439 507
439 701
439 886
439 1028
439 1038
440 909
440 1076
440 1413
440 1474
440 1622
440 1672
440 1744
440 1820
440 1998
441 547
441 615
441 624
441 951
441 1031
441 1091
441 1370
441 1669
442 829
442 1173
442 1229
442 1552
442 1943
443 454
443 556
443 788
443 918
443 1081
443 1149
443 1197
443 1275
443 1282
443 1757
444 674
444 767
444 781
444 801
444 904
444 918
444 1001
444 1797
444 1943
444 1958
445 486
445 940
445 1279
445 1484
445 1487
445 1509
445 1854
446 838
446 954
446 1325
446 1697
446 1759
446 1915
446 1976
447 1030
447 1068
447 1315
447 1439
447 1637
447 1659
447 1913
447 1973
448 487
448 604
448 757
448 1006
448 1132
448 1180
448 1615
448 1644
448 1688
449 505
449 737
449 813
449 835
449 884
449 1031
449 1275
449 1398
449 1415
449 1602
449 1775
449 1802
449 1947
450 1202
450 1381
450 1394
450 1399
450 1785
450 1900
451 547
451 602
451 1012
451 1308
451 1337
451 1863
452 676
452 712
452 813
452 1097
452 1355
452 1747
453 848
453 1172
453 1651
453 1999
454 931
454 1055
454 1208
454 1226
454 1399
455 719
455 854
455 911
455 1356
455 1467
455 1474
455 1651
455 1737
455 1781
456 574
456 785
456 891
456 1473
457 469
457 523
457 592
457 671
457 753
457 857
457 1254
457 1272
457 1587
457 1778
458 566
458 833
458 1163
458 1275
458 1547
458 1550
458 1736
458 1950
459 861
459 1028
459 1471
459 1538
459 1770
460 1200
460 1398
460 1751
460 1789
461 631
461 981
461 1261
461 1414
461 1516
462 579
462 768
462 875
462 933
462 941
462 1481
462 1899
463 617
463 712
463 1112
463 1249
463 1508
463 1763
463 1922
464 685
464 726
464 806
464 828
464 922
464 1078
464 1674
465 579
465 583
465 595
465 616
465 736
465 918
465 1077
465 1242
465 1397
465 1520
465 1538
465 1630
465 1631
465 1721
465 1788
465 1951
466 640
466 706
466 1144
466 1570
466 1658
466 1942
467 729
467 736
467 772
467 1021
467 1195
467 1422
467 1913
468 1064
468 1069
468 1626
468 1647
469 561
469 712
469 740
469 1208
469 1351
469 1382
469 1531
469 1947
469 1994
470 582
470 803
470 891
470 1156
470 1303
470 1602
470 1729
470 1758
471 582
471 827
471 886
471 889
471 1318
471 1602
471 1767
471 1982
472 577
472 873
472 961
473 778
473 1082
473 1260
473 1313
473 1445
473 1502
473 1522
473 1692
474 626
474 635
474 658
474 1798
474 1957
475 518
475 614
475 840
475 861
475 917
475 960
475 1121
475 1258
475 1536
475 1797
476 516
476 690
476 1360
476 1370
476 1449
476 1603
477 814
477 1085
477 1205
477 1215
477 1284
477 1295
477 1341
477 1887
479 676
479 1120
479 1235
479 1923
480 493
480 545
480 549
480 830
480 1329
480 1366
480 1527
481 717
481 1031
481 1342
481 1855
482 606
482 647
482 901
482 1029
482 1176
482 1369
482 1425
482 1730
483 625
483 695
483 698
483 1000
483 1292
483 1751
484 597
484 713
484 1017
484 1088
484 1107
484 1569
484 1795
484 1959
484 2000
485 685
485 1108
485 1301
485 1331
485 1428
485 1593
485 1765
485 1954
485 1964
485 1970
485 1995
486 697
486 1058
486 1236
486 1270
486 1638
487 1128
487 1343
487 1429
487 1689
487 1898
488 751
488 933
488 1081
488 1152
488 1278
488 1417
488 1433
488 1659
489 782
489 1598
489 1616
489 1958
489 1988
490 649
490 762
490 839
490 861
490 963
490 977
490 1221
490 1307
490 1369
490 1628
490 1804
490 1809
491 766
491 1102
491 1255
491 1329
491 1475
491 1526
491 1679
491 1746
492 537
492 984
492 1368
492 1637
493 545
493 553
493 795
493 1593
493 1801
493 1952
494 546
494 558
494 914
494 974
494 1112
494 1215
494 1361
494 1642
495 619
495 951
495 1194
495 1202
495 1321
495 1369
495 1397
495 1544
495 1560
495 1586
495 1851
495 1870
496 656
496 834
497 541
497 565
497 787
497 861
497 914
497 987
497 1027
497 1159
497 1305
497 1540
497 1771
497 1852
497 1853
497 1874
497 1893
498 939
498 1148
498 1567
499 593
499 666
499 1035
499 1063
499 1359
499 1659
499 1729
500 553
500 693
500 1017
500 1050
500 1170
500 1185
500 1703
500 1769
500 1791
501 602
501 678
501 1111
501 1275
501 1295
501 1333
501 1494
501 1685
501 1917
502 741
502 779
502 798
502 917
502 1166
502 1465
503 760
503 879
503 1068
503 1253
503 1285
503 1520
503 1568
503 1671
503 1805
504 528
504 925
504 1412
504 1758
504 1816
505 755
505 914
505 1145
505 1292
505 1305
505 1363
505 1448
505 1455
505 1493
505 1564
505 1866
506 703
506 966
506 1353
506 1629
506 1861
507 876
507 996
507 1162
507 1829
508 776
508 1086
508 1103
508 1226
508 1232
508 1334
508 1378
508 1681
508 1830
509 895
509 905
509 1084
509 1087
509 1823
510 515
510 710
510 946
510 1064
510 1117
510 1151
510 1349
510 1396
510 1619
511 888
511 1008
511 1116
511 1351
511 1375
511 1489
511 1497
511 1850
511 1884
512 582
512 898
512 1172
512 1263
512 1278
512 1598
512 1601
512 1692
512 1986
513 765
513 822
513 1189
513 1419
513 1483
513 1941
513 1951
514 603
514 920
514 1553
514 1658
514 1671
514 1842
514 1948
515 929
515 1013
515 1179
515 1245
515 1498
515 1619
515 1732
515 1960
516 664
516 765
516 1313
516 1985
517 741
517 969
517 1112
517 1175
517 1216
517 1539
517 1665
517 1787
517 1804
518 822
518 1099
518 1104
518 1421
518 1479
518 1782
518 1832
518 1931
519 672
519 688
519 862
519 1043
519 1559
519 1607
519 1788
520 817
520 1028
520 1494
520 1913
521 761
521 1096
521 1493
521 1573
521 1589
521 1723
521 1852
522 775
522 1056
522 1493
522 1521
522 1527
522 1545
522 1658
522 1700
522 1865
522 1973
523 572
523 1276
523 1409
524 593
524 1172
524 1510
525 581
525 710
525 711
525 717
525 1180
525 1243
525 1398
525 1417
525 1474
526 989
526 1230
526 1741
527 542
527 595
527 923
527 1077
527 1627
528 1039
528 1562
528 1626
528 1868
529 548
529 744
529 1040
529 1196
529 1777
529 1915
530 551
530 762
530 933
530 976
530 1930
531 606
531 1009
531 1076
531 1520
531 1535
531 1551
531 1922
531 1925
531 1931
532 914
532 1015
532 1116
532 1145
532 1251
532 1539
532 1761
532 1973
533 537
533 601
533 640
533 847
533 925
533 1017
533 1046
533 1582
533 1920
534 772
534 1023
534 1356
534 1369
534 1884
535 610
535 769
535 924
535 1167
535 1256
535 1650
535 1670
535 1789
536 626
536 770
536 1614
536 1770
536 2000
537 900
537 1047
537 1242
538 637
538 1055
538 1375
538 1589
538 1607
539 670
539 1198
540 1334
541 958
541 1064
541 1087
541 1103
541 1225
541 1543
541 1799
542 594
542 639
542 722
542 763
542 1008
542 1085
542 1112
542 1231
542 1340
542 1663
543 739
543 937
543 968
543 1182
543 1473
543 1743
543 1901
544 831
544 857
544 1213
544 1222
544 1261
544 1407
544 1765
544 1919
545 756
545 798
545 1227
545 1311
545 1714
545 1771
546 804
546 949
546 954
546 991
546 1345
546 1419
546 1450
546 1843
547 728
547 914
547 1500
548 1017
548 1136
549 810
549 1223
549 1300
549 1548
549 1646
549 1817
550 588
550 941
550 963
550 984
550 1413
550 1495
550 1520
551 679
551 944
551 1133
551 1300
551 1553
551 1606
552 899
552 920
552 1301
552 1402
552 1611
552 1702
552 1975
553 1350
553 1847
553 1914
554 681
554 693
554 809
554 927
554 1474
554 1487
554 1605
554 1831
555 661
555 1142
555 1159
555 1216
555 1295
555 1491
555 1581
555 1706
555 1763
556 936
556 969
556 1028
556 1547
556 1607
557 1116
557 1727
558 726
558 903
558 942
558 964
559 621
559 912
559 945
559 992
559 1006
559 1269
559 1741
559 1793
560 616
560 905
560 1057
560 1189
560 1322
560 1520
560 1521
560 1550
560 1736
561 945
561 1003
561 1102
561 1698
561 1709
561 1890
562 923
562 986
562 1088
562 1790
562 1956
563 772
563 877
563 987
563 1250
563 1738
563 1799
564 630
564 658
564 721
564 811
564 912
564 1345
564 1348
564 1678
564 1703
564 1715
564 1940
565 644
565 927
565 1126
565 1209
565 1301
565 1302
565 1321
565 1349
565 1645
565 1814
565 1948
566 1068
566 1528
566 1834
567 663
567 671
567 699
567 1268
567 1445
567 1751
567 1830
567 1860
568 805
568 1104
568 1480
568 1580
568 1630
568 1643
568 1751
568 1773
569 786
569 1139
569 1460
569 1645
569 1725
569 1826
569 1933
570 1298
570 1502
570 1578
570 1662
571 618
571 1325
571 1337
572 612
572 815
572 936
572 1525
572 1854
572 1874
572 1884
572 1909
573 757
573 930
573 1174
573 1200
573 1963
574 707
574 826
574 976
574 1501
574 1624
574 1660
574 1788
574 1928
575 666
575 735
575 839
575 1211
575 1362
575 1419
575 1819
576 658
576 674
576 854
576 1180
576 1283
576 1463
576 1588
576 1722
576 1824
577 753
577 1044
577 1054
577 1170
577 1538
577 1827
577 1942
578 604
578 753
578 844
578 1382
578 1497
578 1579
578 1596
578 1648
578 1875
579 598
579 652
579 724
579 760
579 997
579 1606
579 1785
579 1951
579 1954
580 708
580 1131
580 1244
580 1298
580 1615
581 1255
581 1379
582 629
582 693
582 759
582 1002
582 1241
582 1291
582 1357
582 1955
583 625
583 782
583 1693
584 881
584 917
584 1220
584 1263
584 1588
585 737
585 1900
585 1960
585 1979
586 1313
587 691
587 837
587 842
587 1130
587 1136
587 1556
587 1688
587 1982
588 898
588 1074
588 1167
588 1543
588 1562
588 1982
589 708
589 881
589 1149
589 1287
590 690
590 697
590 917
590 1413
590 1575
590 1635
590 1819
590 1854
590 1857
591 834
591 1023
591 1589
591 1730
592 698
592 1212
592 1342
592 1366
592 1445
592 1486
592 1650
592 1784
592 1786
593 1376
593 1410
593 1533
593 1677
594 728
594 731
594 751
594 1074
594 1121
594 1170
594 1646
594 1660
594 1810
595 829
595 868
595 971
595 1007
595 1623
595 1694
595 1903
596 703
596 811
596 1145
596 1650
596 1741
597 681
597 732
597 765
597 922
597 1119
597 1371
597 1579
597 1694
597 1725
598 625
598 760
598 975
598 992
598 1095
598 1218
598 1469
598 1834
598 1903
599 763
599 1009
599 1770
600 623
600 818
600 1150
600 1324
600 1367
601 615
601 783
601 875
601 1646
601 1998
602 733
602 770
602 814
602 1012
602 1061
602 1281
602 1338
602 1603
602 1658
602 1724
602 1772
602 1861
602 1866
602 1873
603 660
603 769
603 788
603 1308
603 1831
603 1938
604 1464
604 1593
604 1612
604 1633
604 1922
604 2000
605 916
605 1124
606 910
606 1095
606 1363
606 1527
606 1801
606 1915
607 650
607 790
607 1181
607 1240
607 1881
608 841
608 1195
608 1559
608 1626
609 692
609 761
609 1367
609 1719
610 1123
610 1569
611 689
611 738
611 1059
611 1871
611 1958
612 1060
612 1152
612 1556
612 1750
612 1755
613 673
613 892
613 1335
613 1852
613 1919
613 1922
613 1970
614 1006
614 1029
614 1423
614 1455
614 1544
614 1833
614 1971
614 1987
615 769
615 1101
615 1154
615 1215
615 1551
616 730
616 904
616 1289
616 1297
616 1419
616 1513
616 1852
617 803
617 1340
617 1404
617 1496
617 1712
618 619
618 635
618 752
618 777
618 894
618 1226
618 1401
618 1482
619 687
619 1908
620 625
620 719
620 884
620 920
620 931
620 995
620 1062
620 1321
620 1592
620 1838
620 1884
621 964
621 1039
621 1068
621 1203
621 1639
621 1718
621 1902
622 1276
622 1538
622 1607
622 1694
622 1816
622 1906
623 1130
623 1190
623 1283
623 1550
623 1749
623 1803
623 1881
623 1938
624 1305
624 1478
624 1689
624 1830
625 885
625 1077
625 1604
625 1773
625 1845
626 738
626 1020
626 1171
626 1285
626 1329
627 743
627 782
627 807
627 810
627 915
627 998
627 1233
627 1251
627 1526
627 1831
627 1945
627 1967
627 1990
628 887
628 911
629 1111
629 1611
629 1821
630 697
630 709
630 748
630 753
630 852
630 856
630 1102
630 1582
630 1737
630 1805
631 989
631 1678
631 1792
631 1807
632 1118
632 1217
632 1272
632 1278
632 1331
632 1579
632 1639
632 1702
632 1837
633 838
633 1127
633 1556
633 1761
633 1803
633 1950
634 944
634 982
634 1182
634 1444
634 1620
634 1705
634 1772
634 1835
635 844
635 1319
635 1467
635 1548
635 1637
636 887
636 1061
636 1159
636 1484
636 1879
636 1915
637 808
637 870
637 1399
637 1569
637 1673
637 1675
637 1743
638 1656
638 1761
638 1998
639 705
639 1413
639 1721
640 1065
640 1291
640 1441
640 1560
640 1639
640 1783
641 1296
641 1430
641 1680
641 1841
642 669
642 712
642 849
642 873
642 1009
642 1338
642 1503
642 1559
642 1899
643 1795
644 672
644 698
644 752
644 776
644 838
644 1055
644 1310
644 1318
644 1435
644 1883
645 831
645 882
645 884
645 959
645 1028
645 1653
645 1707
645 1741
646 778
646 798
646 821
646 822
646 1001
646 1153
646 1244
646 1262
646 1639
646 1733
646 1855
646 1873
647 736
647 777
647 1028
647 1050
647 1285
647 1773
648 795
648 889
648 955
648 1472
648 1845
649 688
649 1398
650 1009
650 1124
650 1267
650 1327
650 1434
650 1493
650 1799
650 1844
651 690
651 838
651 855
651 1052
651 1618
651 1759
652 831
652 1006
652 1176
652 1446
652 1470
652 1513
652 1660
653 1119
653 1547
653 1780
654 1624
654 1690
654 1773
654 1775
654 1921
655 752
655 1760
655 1820
655 1853
655 1981
656 764
656 1014
656 1083
656 1356
656 1619
656 1661
656 1726
657 731
657 830
657 926
657 1021
657 1141
657 1215
657 1882
658 666
658 678
658 684
659 832
659 909
659 1128
659 1307
659 1336
659 1430
659 1570
659 1816
660 737
660 1380
661 870
661 981
661 984
661 1325
661 1723
661 1801
661 1835
661 1872
661 1915
661 1949
661 1950
661 1974
662 763
662 1096
662 1301
662 1482
663 777
663 895
663 1085
663 1194
663 1454
663 1493
663 1496
663 1509
663 1631
664 728
664 1189
664 1404
664 1677
665 1060
665 1400
665 1566
665 1781
665 1907
666 864
666 1285
666 1519
666 1536
666 1615
666 1720
667 1344
667 1413
667 1684
667 1835
668 821
668 929
668 972
668 1079
668 1599
668 1802
668 1906
668 1935
669 1211
669 1445
669 1457
669 1547
669 1909
670 747
670 810
670 906
670 1220
670 1860
670 1945
670 1953
671 710
671 736
671 837
671 903
671 1306
671 1492
671 1541
671 1556
671 1641
671 1891
672 695
672 724
672 1736
672 1824
673 721
673 1149
673 1165
673 1414
673 1463
673 1784
673 1802
673 1815
674 767
674 1147
674 1167
674 1528
674 1559
674 1577
675 954
675 1112
675 1200
675 1904
676 684
676 689
676 710
676 915
676 1366
676 1602
676 1820
677 926
677 978
677 985
677 1682
677 1934
678 1007
678 1499
678 1652
679 742
679 1158
679 1178
679 1482
679 1986
680 840
680 977
680 1725
680 1820
680 1846
681 966
681 1061
681 1103
681 1152
681 1350
681 1921
682 773
682 812
682 1280
682 1540
682 1682
682 1757
683 1469
683 1510
683 1560
683 1842
684 705
684 897
684 1028
684 1050
684 1115
684 1538
684 1646
685 815
685 1145
685 1253
685 1613
685 1855
686 696
686 741
686 1241
686 1245
686 1598
687 1147
687 1253
687 1254
687 1633
687 1734
688 1002
688 1226
688 1353
688 1558
688 1687
688 1819
688 1982
689 699
689 708
689 790
689 868
689 1087
689 1758
689 1830
690 766
690 880
690 989
690 1576
690 1641
690 1726
690 1761
690 1882
690 1950
691 935
691 1107
691 1136
691 1344
691 1747
691 1785
691 1867
691 1928
691 1953
692 1400
692 1985
693 1032
693 1111
693 1143
693 1144
693 1553
693 1783
694 782
694 817
694 982
694 1218
694 1521
694 1612
694 1807
694 1999
695 721
695 736
695 1530
695 1622
695 1762
696 867
696 1034
696 1081
696 1128
696 1163
696 1991
697 859
697 1046
698 754
698 1111
698 1130
698 1342
698 1502
699 1099
699 1612
699 1655
699 1957
700 701
700 1015
700 1342
700 1863
701 782
701 1108
701 1532
701 1935
702 714
702 969
702 1141
702 1226
702 1315
702 1471
702 1804
703 1189
703 1424
703 1483
703 1546
703 1609
703 1777
704 815
704 913
704 1427
705 969
705 1071
705 1318
705 1456
705 1579
705 1756
706 824
706 989
706 1102
706 1121
706 1134
706 1365
706 1567
706 1785
706 1923
707 744
707 817
707 881
707 1200
707 1397
707 1740
707 1819
707 1839
708 1121
708 1192
708 1204
708 1208
708 1329
708 1491
708 1730
709 855
709 868
709 1101
709 1180
709 1286
709 1299
709 1348
709 1722
709 1903
709 1926
710 775
710 1401
710 1440
710 1746
710 1749
710 1806
711 719
711 776
711 1336
711 1479
711 1583
711 1971
712 913
712 1472
712 1604
712 1608
712 1757
712 1864
712 1869
712 1871
712 1978
713 733
713 1297
713 1402
713 1690
713 1763
714 1126
714 1445
714 1856
714 1991
715 864
715 1092
715 1208
715 1370
715 1431
715 1921
715 1941
716 862
716 1313
716 1393
716 1623
717 835
717 991
717 1407
717 1733
717 1784
718 800
718 870
718 890
718 1279
718 1368
718 1387
719 947
719 1323
719 1389
719 1396
719 1447
719 1526
719 1617
719 1826
719 1846
719 1885
719 1929
720 1423
720 1623
720 1645
720 1915
721 1147
721 1386
721 1407
721 1491
721 1541
721 1544
721 1616
721 1665
722 990
722 1240
722 1315
722 1515
722 1632
722 1730
723 963
723 1165
723 1188
723 1480
723 1947
724 886
724 1032
724 1158
724 1392
724 1438
724 1635
724 1969
725 884
725 978
725 997
725 1163
725 1228
725 1469
725 1716
725 1755
725 1881
726 1637
727 753
727 1271
727 1580
727 1752
727 1872
727 1883
728 771
728 999
728 1081
728 1355
728 1719
729 924
729 985
729 1048
729 1157
729 1814
730 1289
730 1404
730 1571
730 1880
731 926
731 979
731 1358
731 1627
731 1716
731 1762
731 1765
731 1825
732 922
732 1070
732 1088
732 1224
732 1251
732 1460
733 967
733 1123
733 1226
733 1284
733 1500
733 1820
734 739
734 963
734 1065
734 1184
734 1567
734 1913
734 1931
735 953
735 976
735 1489
735 1576
735 1845
735 1894
736 788
736 1050
736 1725
736 1887
737 765
737 1451
737 1465
737 1584
738 817
738 957
738 1126
738 1224
738 1432
738 1504
738 1649
738 1702
738 1721
738 1863
739 878
739 880
739 1508
739 1728
739 1998
741 925
741 1010
741 1027
741 1491
741 1619
741 1997
742 788
742 1060
742 1142
742 1586
742 1717
743 1000
743 1130
743 1216
743 1553
743 1736
743 1809
743 1888
743 1991
744 753
744 1275
744 1441
744 1909
744 1996
745 836
745 1046
745 1328
745 1467
745 1506
745 1556
745 1825
746 980
746 1363
746 1502
746 1707
747 1119
747 1393
747 1723
748 969
748 1173
748 1198
748 1549
748 1666
748 1899
749 972
749 1150
749 1233
749 1437
749 1624
749 1758
749 1777
749 1969
749 1980
750 766
750 806
750 814
750 942
750 969
750 1301
750 1389
750 1533
750 1637
750 1759
750 1813
750 1827
750 1982
751 798
751 968
751 1048
751 1421
751 1654
751 1867
752 809
752 972
752 1252
752 1283
752 1298
752 1576
752 1800
752 1898
753 905
753 1859
754 974
754 1082
754 1236
754 1361
754 1471
754 1718
754 1809
755 1061
755 1578
755 1744
756 1150
756 1155
756 1247
756 1286
756 1336
756 1429
756 1529
756 1686
756 1938
757 1298
757 1709
758 802
758 1021
758 1076
758 1872
759 1072
759 1885
760 802
760 897
760 1105
760 1360
760 1565
760 1694
760 1700
760 1897
761 792
761 950
761 1283
761 1387
761 1555
761 1671
761 1751
762 811
762 819
762 1101
762 1436
762 1755
762 1813
762 1864
763 953
763 959
763 992
763 1275
763 1320
763 1489
763 1677
763 1733
764 1038
764 1336
765 825
765 901
765 1091
765 1268
765 1765
765 1912
766 793
766 1824
766 1860
767 792
767 1115
767 1137
767 1228
767 1356
767 1375
767 1520
767 1639
767 1895
768 940
768 1375
768 1438
768 1742
768 1744
768 1952
769 867
769 876
769 952
769 1037
769 1049
769 1232
769 1354
769 1721
770 993
770 1173
770 1594
770 1605
770 1661
770 1668
770 1996
771 947
771 973
771 1159
771 1395
771 1624
772 878
772 972
772 1117
772 1166
772 1587
772 1862
772 1891
773 1373
773 1396
773 1471
773 1681
774 935
774 1047
774 1085
774 1384
774 1669
774 1863
775 1295
775 1302
775 1703
775 1780
775 1788
776 781
776 1143
776 1257
776 1298
776 1594
776 1598
776 1729
777 876
777 993
777 1180
777 1652
778 782
778 830
778 913
778 1244
778 1752
778 1806
779 825
779 950
779 1322
779 1478
779 1539
779 1813
780 1004
780 1151
780 1437
780 1487
780 1781
780 1916
781 1335
781 1381
781 1699
782 811
782 1039
782 1083
782 1087
782 1568
782 1760
782 1975
783 976
783 1220
783 1356
783 1578
783 1786
783 1854
784 898
784 1084
784 1089
784 1709
784 1809
784 1925
785 1540
785 1790
786 1124
786 1332
786 1335
786 1425
786 1718
787 1149
787 1197
787 1478
787 1596
787 1612
787 1833
788 1263
788 1286
788 1351
788 1623
789 924
789 963
789 987
789 1338
789 1436
789 1894
790 1122
790 1252
790 1782
790 1796
791 927
791 1252
791 1267
791 1862
792 1455
792 1656
793 885
793 972
793 1481
793 1680
793 1801
793 1904
794 1177
794 1213
794 1505
794 1661
795 1185
795 1211
795 1694
796 802
796 983
796 1173
796 1230
796 1402
796 1470
796 1779
796 1907
797 882
797 1244
797 1371
798 922
798 1402
798 1534
798 1723
798 1777
799 1063
799 1686
799 1749
800 827
800 1121
800 1198
800 1370
800 1623
801 944
801 1235
801 1263
801 1552
801 1661
801 1664
801 1895
802 822
802 983
802 992
802 1048
802 1128
802 1608
802 1765
802 1775
803 988
803 1240
803 1337
803 1538
803 1951
804 1264
804 1417
804 1434
804 1463
804 1578
805 979
805 1036
805 1126
805 1393
805 1415
805 1544
805 1677
805 1737
805 1850
806 1258
806 1429
806 1487
806 1931
806 1950
807 878
807 1224
807 1557
807 1588
808 873
808 902
808 1057
808 1072
808 1105
808 1406
808 1548
809 1141
809 1167
809 1431
809 1453
809 1744
809 1853
810 1390
810 1726
810 1790
811 1626
811 1642
811 1680
811 1752
812 847
812 908
812 1309
813 1069
813 1812
813 1987
814 1945
815 1334
815 1545
815 1660
815 1771
815 1830
816 1069
816 1598
816 1665
816 1781
816 1863
817 868
817 1171
817 1288
817 1334
817 1392
818 835
818 1046
818 1190
818 1502
818 1519
818 1737
818 1866
818 1909
819 935
819 1049
819 1110
819 1141
819 1221
819 1390
819 1442
819 1724
819 1775
819 1949
820 971
820 1018
820 1196
821 1072
821 1123
821 1437
821 1916
822 1024
822 1396
822 1456
822 1683
823 1173
823 1351
823 1796
823 1869
824 895
824 1129
824 1330
824 1471
825 1223
825 1442
825 1551
826 851
826 920
826 1520
826 1524
826 1722
827 913
827 1226
827 1672
828 961
828 1121
828 1396
828 1474
828 1503
828 1665
828 1726
829 854
829 1235
829 1606
829 1622
830 847
830 875
830 1309
830 1390
830 1484
830 1515
830 1711
830 1821
830 1955
831 978
831 1287
831 1311
831 1412
832 1430
832 1611
832 1657
832 1795
832 1815
832 1873
833 940
833 1205
833 1220
833 1322
833 1406
833 1709
833 1815
834 1384
834 1422
835 1062
835 1138
835 1235
835 1554
835 1569
835 1725
836 874
836 1219
836 1244
836 1294
836 1310
836 1411
836 1794
837 1072
837 1100
837 1312
837 1443
838 860
838 1434
838 1697
838 1712
838 1779
838 1828
838 1920
839 955
839 960
839 1102
839 1178
839 1202
840 1277
840 1349
840 1356
840 1811
840 1812
840 1938
841 933
841 1220
841 1299
841 1413
841 1548
841 1690
841 1848
842 1706
842 1742
843 1080
843 1234
843 1453
843 1458
843 1584
843 1621
843 1662
844 1124
844 1286
844 1345
844 1425
845 1132
845 1166
845 1353
845 1926
846 876
846 958
846 1520
847 851
847 856
847 890
847 1150
847 1164
847 1908
848 884
848 1249
848 1267
848 1350
849 1075
849 1355
849 1759
849 1933
850 1024
850 1997
851 1653
852 1073
852 1570
852 1927
852 1984
853 936
853 1005
853 1047
853 1296
853 1353
853 1695
853 1719
854 924
854 1190
854 1211
855 1215
855 1399
856 873
856 909
856 958
856 1383
856 1532
856 1544
856 1595
856 1828
857 911
857 1415
857 1832
857 1886
858 1222
858 1339
858 1433
858 1484
859 1337
859 1524
859 1647
859 1963
860 913
860 949
860 1025
860 1298
860 1671
860 1759
860 1973
861 1371
861 1464
861 1480
861 1980
862 979
862 1137
862 1512
862 1529
862 1567
862 1639
862 1747
862 1958
863 944
863 1005
863 1033
863 1066
863 1158
863 1187
863 1591
863 1816
863 1858
864 1021
864 1204
864 1284
864 1765
864 1817
864 1962
864 1985
865 1153
865 1308
865 1487
865 1828
865 1906
865 1933
866 1209
866 1373
866 1493
866 1678
866 1970
866 1991
867 886
867 1302
867 1666
868 978
868 1330
868 1895
868 1945
869 1478
869 1940
870 1463
870 1509
870 1613
870 1646
870 1948
871 1297
871 1395
871 1550
871 1662
872 876
872 1059
872 1063
872 1174
872 1382
872 1392
872 1673
872 1840
873 1024
873 1165
873 1470
873 1751
873 1826
874 1102
874 1212
874 1373
874 1390
874 1412
874 1575
874 1633
874 1709
874 1738
875 1072
875 1586
875 1728
875 1993
876 1345
876 1625
876 1904
876 1952
877 1050
877 1362
877 1680
877 1755
878 1102
878 1123
878 1189
878 1584
878 1711
878 1868
879 988
879 1726
879 1827
879 1996
880 1018
880 1305
880 1579
880 1740
880 1763
881 1207
881 1271
881 1409
882 906
882 1132
882 1150
882 1178
882 1365
882 1368
882 1405
882 1620
882 1744
882 1851
882 1914
883 1176
883 1206
883 1427
883 1578
884 1355
884 1414
885 1204
885 1294
885 1641
885 1722
885 1744
885 1962
886 1287
886 1588
886 1608
887 935
887 1514
887 1538
887 1611
888 1289
888 1718
888 1755
888 1947
889 1244
889 1721
889 1751
889 1847
889 1926
889 1950
890 1451
890 1817
890 1836
890 1910
891 1011
891 1139
891 1260
891 1361
891 1619
891 1956
892 1016
892 1146
892 1384
892 1715
892 1752
893 953
893 1456
893 1478
893 1535
893 1614
894 1386
894 1796
895 904
895 1077
895 1149
895 1254
895 1472
895 1827
896 1207
896 1888
896 1916
896 1934
896 1961
897 1138
897 1173
897 1357
897 1358
897 1437
897 1695
897 1796
897 1814
897 1877
897 1963
897 1972
898 1247
898 1312
898 1450
898 1463
898 1556
898 1724
898 1745
898 1795
898 1877
899 966
899 1023
899 1120
899 1121
899 1197
899 1622
899 1732
900 1432
900 1527
900 1776
901 999
901 1057
901 1157
901 1235
901 1379
901 1494
901 1531
901 1879
903 1001
903 1668
903 1685
903 1771
903 1888
903 1898
903 1990
904 981
904 1146
904 1417
904 1424
904 1480
905 1548
905 1738
905 1809
906 1271
906 1482
906 1615
906 1835
907 1016
907 1157
907 1246
907 1284
907 1919
908 1103
908 1205
908 1393
908 1491
908 1581
908 1841
909 1533
909 1573
910 1207
910 1402
910 1407
910 1510
910 1512
911 1458
912 939
912 975
912 976
912 1568
912 1597
912 1757
912 1807
913 987
913 1075
913 1178
913 1326
913 1392
913 1469
913 1470
914 953
914 1092
914 1160
914 1201
914 1514
914 1848
915 1004
915 1933
916 942
916 1076
916 1274
916 1392
916 1506
916 1740
916 1978
917 1033
917 1195
917 1360
918 1013
918 1607
919 1216
919 1563
920 1381
920 1431
920 1487
920 1860
921 1003
921 1137
922 1897
922 1911
923 1126
923 1593
923 1597
923 1648
924 937
924 1006
924 1375
924 1385
924 1458
925 1132
925 1266
925 1289
925 1842
926 1032
926 1133
926 1258
926 1476
926 1593
926 1768
926 1925
927 1056
927 1081
927 1097
927 1140
927 1194
927 1213
927 1505
927 1554
927 1979
928 1063
928 1202
928 1343
928 1415
928 1556
928 1965
929 1040
929 1237
929 1291
929 1453
929 1685
929 1722
929 1944
929 1952
930 1108
930 1325
930 1684
930 1715
930 1746
931 1263
931 1265
931 1673
932 1436
932 1503
932 1669
932 1828
932 1923
933 1245
933 1587
933 1915
933 1927
934 1187
934 1430
934 1546
934 1603
934 1788
935 954
935 1034
935 1139
935 1485
935 1714
936 1194
936 1300
936 1393
936 1394
936 1488
936 1598
936 1677
936 1844
937 1242
937 1292
937 1500
937 1548
937 1550
937 1573
937 1927
938 1164
938 1305
938 1606
938 1676
938 1763
938 1868
938 1990
939 997
939 1115
939 1230
939 1280
939 1675
939 1805
939 1855
940 1214
940 1524
940 1584
940 1936
940 1947
941 1110
941 1558
941 1825
942 1207
942 1788
943 1414
943 1453
943 1800
943 1911
943 1926
944 1089
944 1441
944 1496
944 1882
945 1167
945 1297
945 1625
945 1829
945 1963
945 1988
946 1295
946 1605
946 1679
946 1999
947 1087
947 1171
947 1283
947 1639
947 1737
947 1770
947 1995
948 1039
948 1315
948 1502
948 1718
949 1006
949 1161
949 1179
949 1441
949 1836
950 1018
950 1083
950 1132
950 1161
950 1830
951 1075
951 1711
951 1839
952 1097
952 1448
952 1487
952 1506
952 1850
953 973
953 1085
953 1270
954 1045
954 1254
954 1271
954 1566
954 1644
955 1318
955 1353
955 1884
956 1400
956 1498
956 1708
956 1886
956 1907
956 1991
957 1090
957 1360
957 1639
957 1924
958 1181
958 1491
958 1972
959 1180
959 1484
959 1842
959 1877
960 1275
960 1546
960 1622
960 1642
960 1849
960 1927
961 1038
961 1771
962 1382
962 1501
962 1674
962 1696
962 1914
962 1985
963 1071
963 1225
963 1529
963 1567
964 1158
964 1283
964 1919
965 1486
966 1000
966 1078
966 1690
966 1719
966 1837
967 975
967 997
967 1016
967 1645
968 1164
968 1719
969 1178
969 1344
969 1580
969 1666
969 1764
970 1265
970 1766
970 1949
970 2000
971 1324
971 1372
971 1391
971 1861
971 1877
972 1114
972 1305
972 1753
973 1057
973 1214
973 1391
973 1470
974 1017
974 1703
975 1265
975 1371
975 1597
976 979
976 1335
976 1510
976 1642
976 1752
976 1915
977 992
977 1384
977 1794
977 1838
978 1089
979 1291
980 1543
980 1992
981 1035
981 1375
981 1442
981 1506
981 1572
982 1983
983 1304
983 1342
983 1388
983 1714
983 1739
983 1769
983 1895
983 1999
984 1098
984 1120
984 1588
984 1692
985 1111
986 987
986 1158
986 1248
986 1336
986 1605
986 1787
986 1940
987 1291
987 1507
987 1544
987 1606
987 1710
988 1130
988 1138
988 1712
988 1900
989 1000
989 1389
989 1392
989 1761
989 1994
990 1072
990 1094
990 1235
991 1152
991 1223
991 1498
991 1565
991 1578
991 1604
991 1752
991 1925
991 1984
992 1262
992 1779
992 1812
993 1114
993 1406
993 1733
994 1474
994 1558
994 1565
994 1802
994 1840
995 1136
995 1307
995 1477
995 1526
995 1528
995 1731
995 1798
995 1922
996 1103
996 1255
996 1331
996 1683
996 1799
996 1988
997 1174
998 1046
998 1306
998 1874
999 1310
1000 1032
1000 1253
1000 1268
1000 1388
1001 1131
1001 1498
1001 1748
1001 1754
1002 1044
1002 1565
1002 1996
1003 1150
1003 1444
1003 1681
1003 1838
1004 1441
1004 1521
1004 1787
1005 1554
1005 1710
1005 1812
1006 1238
1006 1437
1006 1646
1006 1679
1006 1852
1007 1092
1007 1504
1007 1645
1008 1634
1008 1699
1008 1972
1009 1105
1009 1645
1009 1712
1010 1220
1010 1247
1010 1257
1010 1331
1010 1363
1010 1476
1010 1958
1011 1108
1011 1939
1012 1536
1012 1591
1013 1018
1013 1589
1013 1688
1013 1771
1013 1926
1014 1220
1014 1439
1014 1500
1014 1924
1015 1425
1016 1310
1016 1847
1017 1448
1017 1506
1017 1536
1017 1581
1017 1802
1018 1050
1018 1082
1018 1088
1018 1365
1018 1663
1018 1841
1019 1287
1019 1720
1019 1730
1019 1755
1020 1119
1020 1172
1020 1337
1020 1948
1020 1963
1021 1037
1021 1190
1021 1220
1021 1378
1021 1697
1021 1728
1021 1848
1022 1277
1022 1294
1022 1386
1022 1527
1022 1706
1022 1963
1023 1340
1023 1370
1023 1400
1023 1502
1023 1774
1024 1162
1024 1292
1024 1547
1024 1846
1024 1940
1025 1625
1025 1716
1025 1908
1026 1166
1026 1244
1026 1268
1026 1399
1026 1553
1026 1750
1026 1854
1027 1034
1027 1130
1027 1288
1027 1754
1027 1887
1027 1957
1028 1048
1028 1342
1028 1394
1028 1629
1028 1745
1028 1946
1029 1119
1029 1248
1029 1875
1029 1954
1029 1980
1030 1373
1030 1576
1030 1580
1030 1994
1031 1169
1031 1551
1031 1679
1031 1722
1031 1758
1032 1267
1032 1984
1033 1299
1034 1107
1034 1427
1034 1971
1035 1246
1035 1495
1035 1538
1035 1587
1035 1737
1035 1756
1035 1839
1035 1863
1036 1200
1036 1853
1036 1865
1036 1940
1037 1454
1037 1880
1038 1554
1039 1084
1039 1335
1039 1442
1039 1814
1039 1934
1040 1055
1040 1134
1040 1439
1040 1462
1040 1487
1040 1673
1040 1831
1041 1145
1041 1247
1041 1386
1041 1740
1042 1351
1042 1533
1042 1541
1042 1792
1043 1171
1043 1185
1043 1720
1043 1960
1044 1055
1044 1134
1044 1135
1044 1494
1044 1531
1045 1052
1045 1087
1045 1478
1045 1543
1045 1589
1045 1802
1046 1051
1046 1485
1046 1876
1046 1962
1047 1329
1047 1792
1048 1050
1048 1653
1049 1073
1049 1917
1050 1386
1050 1506
1050 1617
1050 1676
1050 1746
1050 1856
1050 1958
1051 1345
1051 1665
1051 1697
1051 1742
1052 1642
1052 1810
1052 1853
1052 1899
1052 1901
1053 1266
1053 1411
1053 1562
1053 1936
1054 1176
1054 1543
1054 1610
1054 1942
1055 1197
1055 1376
1055 1498
1055 1895
1056 1071
1056 1410
1056 1637
1056 1741
1056 1846
1056 1859
1056 1955
1057 1240
1058 1169
1058 1435
1058 1959
1059 1084
1059 1632
1059 1666
1059 1812
1059 1996
1060 1178
1060 1268
1061 1079
1061 1333
1061 1472
1061 1503
1061 1547
1061 1664
1061 1694
1062 1154
1062 1377
1062 1411
1062 1424
1062 1640
1063 1379
1063 1441
1063 1908
1064 1169
1064 1282
1064 1459
1064 1462
1064 1532
1064 1702
1065 1123
1065 1724
1065 1770
1065 1886
1066 1171
1066 1179
1067 1237
1067 1432
1067 1696
1067 1823
1067 1862
1068 1394
1068 1534
1068 1539
1068 1682
1068 1820
1069 1085
1069 1135
1069 1288
1069 1329
1069 1408
1069 1435
1069 1696
1069 1760
1069 1857
1070 1119
1070 1270
1070 1297
1070 1366
1070 1496
1070 1729
1071 1114
1071 1269
1071 1546
1071 1565
1071 1822
1072 1239
1072 1389
1072 1794
1072 1934
1073 1511
1073 1652
1074 1796
1075 1204
1075 1401
1075 1438
1075 1471
1075 1674
1076 1093
1076 1146
1076 1405
1077 1088
1077 1122
1077 1298
1077 1326
1077 1867
1078 1092
1078 1722
1078 1782
1078 1892
1078 1911
1079 1146
1079 1393
1079 1396
1079 1457
1079 1558
1079 1773
1079 1867
1080 1116
1080 1330
1080 1370
1080 1576
1080 1980
1081 1543
1081 1657
1081 1834
1081 1963
1082 1269
1082 1473
1082 1721
1083 1175
1083 1201
1083 1457
1083 1473
1083 1935
1084 1249
1084 1714
1084 1764
1084 1855
1085 1157
1085 1283
1085 1362
1085 1428
1085 1465
1085 1516
1085 1894
1086 1174
1086 1445
1086 1593
1086 1605
1086 1730
1086 1749
1086 1892
1087 1239
1087 1508
1087 1530
1087 1662
1088 1168
1088 1459
1088 1802
1088 1824
1088 1831
1088 1861
1089 1204
1089 1690
1089 1694
1089 1957
1090 1180
1090 1214
1090 1450
1090 1651
1090 1763
1091 1132
1091 1226
1091 1268
1092 1305
1092 1589
1092 1612
1093 1747
1093 1823
1093 1937
1093 1968
1094 1482
1094 1518
1094 1639
1094 1773
1094 1791
1094 1945
1095 1181
1095 1194
1095 1547
1095 1874
1095 1891
1096 1498
1096 1711
1096 1865
1096 1958
1097 1329
1097 1366
1097 1421
1098 1270
1098 1391
1098 1433
1098 1469
1098 1569
1098 1978
1099 1220
1099 1429
1099 1505
1099 1554
1099 1618
1099 1759
1099 1780
1099 1955
1099 1983
1100 1361
1100 1395
1100 1572
1100 1850
1101 1161
1101 1260
1101 1705
1101 1815
1102 1248
1102 1267
1102 1272
1102 1699
1102 1791
1102 1904
1103 1223
1103 1457
1104 1582
1104 1624
1104 1643
1104 1714
1104 1766
1104 1939
1105 1638
1105 1657
1105 1689
1105 1713
1105 1862
1106 1717
1106 1745
1106 1932
1107 1393
1107 1444
1107 1571
1107 1604
1107 1928
1107 1958
1108 1398
1108 1540
1108 1665
1109 1410
1109 1589
1109 1684
1109 1909
1109 1967
1110 1224
1110 1228
1110 1304
1110 1522
1110 1623
1110 1634
1110 1959
1111 1127
1111 1182
1111 1657
1111 1731
1111 1774
1111 1933
1112 1257
1112 1282
1112 1353
1113 1548
1113 1569
1113 1819
1113 1952
1114 1260
1114 1286
1114 1382
1114 1757
1114 1970
1115 1194
1115 1208
1115 1380
1116 1189
1116 1301
1116 1415
1116 1762
1116 1858
1117 1343
1117 1399
1117 1468
1117 1928
1118 1338
1118 1554
1118 1648
1118 1758
1119 1234
1119 1306
1119 1336
1119 1974
1120 1161
1120 1329
1120 1365
1120 1858
1121 1374
1121 1503
1121 1546
1122 1248
1122 1259
1122 1804
1123 1191
1123 1309
1123 1361
1123 1650
1123 1744
1123 1753
1124 1198
1124 1389
1124 1701
1124 1799
1124 1830
1125 1147
1125 1204
1125 1274
1125 1456
1125 1566
1125 1570
1125 1756
1126 1296
1126 1512
1126 1719
1126 1917
1127 1300
1127 1396
1127 1554
1128 1209
1128 1476
1128 1827
1128 1899
1129 1394
1129 1506
1129 1912
1129 1926
1130 1481
1130 1656
1130 1827
1130 1874
1131 1139
1131 1418
1131 1447
1131 1500
1131 1902
1132 1305
1132 1455
1132 1547
1132 1947
1133 1187
1133 1267
1133 1330
1133 1357
1133 1671
1133 1965
1134 1312
1134 1349
1134 1412
1134 1737
1134 1954
1134 1975
1135 1280
1135 1847
1135 1882
1135 1981
1136 1138
1136 1377
1137 1490
1137 1529
1137 1947
1138 1320
1138 1727
1138 1882
1139 1282
1139 1541
1139 1658
1139 1740
1139 1914
1140 1154
1140 1386
1140 1472
1140 1704
1140 1769
1140 1806
1140 2000
1141 1329
1141 1365
1141 1564
1141 1566
1141 1824
1142 1345
1142 1399
1142 1410
1142 1446
1142 1474
1142 1824
1142 1844
1142 1986
1143 1225
1143 1420
1143 1674
1143 1691
1143 1836
1143 1866
1144 1158
1144 1371
1144 1593
1144 1996
1145 1347
1145 1746
1146 1627
1146 1696
1147 1180
1147 1345
1147 1349
1147 1362
1147 1387
1147 1788
1147 1826
1147 1881
1147 1940
1148 1162
1148 1436
1148 1818
1148 1845
1149 1383
1149 1668
1149 1933
1150 1166
1150 1287
1150 1542
1150 1583
1150 1862
1150 1944
1150 1992
1151 1337
1151 1646
1151 1706
1151 1757
1151 1801
1152 1495
1152 1873
1152 1898
1152 1926
1153 1457
1153 1648
1153 1811
1154 1324
1154 1493
1154 1786
1155 1584
1155 1687
1155 1961
1156 1191
1156 1257
1156 1323
1156 1358
1156 1436
1157 1724
1157 1913
1158 1249
1158 1256
1158 1379
1158 1440
1158 1514
1158 1625
1158 1816
1158 1860
1159 1210
1159 1503
1159 1700
1160 1299
1160 1671
1160 1968
1160 1972
1161 1247
1161 1321
1161 1361
1161 1604
1161 1751
1162 1189
1162 1506
1162 1768
1163 1281
1163 1463
1163 1814
1163 1863
1164 1612
1164 1777
1164 1797
1165 1235
1165 1457
1165 1630
1165 1656
1165 1693
1165 1731
1167 1225
1167 1240
1167 1375
1167 1380
1167 1381
1167 1436
1167 1525
1167 1696
1168 1306
1168 1371
1168 1589
1168 1679
1168 1717
1169 1291
1169 1476
1169 1704
1170 1264
1170 1349
1170 1501
1170 1541
1171 1267
1171 1657
1171 1769
1171 1957
1172 1625
1172 1652
1172 1768
1172 1878
1173 1630
1173 1669
1173 1957
1174 1246
1174 1372
1174 1541
1174 1857
1174 1972
1175 1699
1175 1904
1175 1977
1176 1713
1176 1911
1177 1419
1178 1291
1178 1356
1179 1392
1179 1443
1179 1465
1180 1488
1181 1449
1181 1520
1181 1673
1181 1698
1181 1799
1181 1920
1181 1927
1181 1947
1183 1309
1183 1498
1183 1535
1183 1691
1183 1700
1183 1797
1183 1807
1184 1274
1184 1376
1184 1661
1184 1662
1184 1892
1185 1257
1185 1662
1186 1192
1186 1203
1186 1583
1186 1744
1186 1751
1187 1593
1187 1630
1187 1764
1187 1916
1188 1230
1188 1615
1189 1190
1189 1398
1190 1793
1190 1856
1190 1976
1190 1987
1191 1222
1191 1736
1191 1923
1192 1420
1192 1859
1193 1403
1193 1431
1193 1449
1193 1611
1193 1976
1194 1258
1194 1272
1194 1360
1194 1403
1194 1414
1194 1506
1194 1587
1195 1434
1195 1541
1195 1587
1195 1760
1195 1826
1196 1593
1196 1733
1196 1820
1196 1997
1197 1279
1197 1378
1197 1449
1197 1569
1197 1784
1197 1899
1197 1913
1198 1298
1198 1521
1198 1588
1198 1699
1198 1772
1199 1338
1199 1427
1199 1593
1199 1833
1199 1876
1199 1942
1200 1283
1200 1392
1200 1657
1200 1913
1200 1990
1201 1805
1202 1486
1203 1241
1203 1554
1203 1996
1203 1998
1204 1280
1205 1621
1205 1992
1206 1774
1206 1785
1206 1835
1206 1903
1206 1933
1207 1561
1207 1687
1207 1795
1207 1909
1209 1324
1209 1360
1209 1975
1210 1589
1210 1686
1210 1848
1211 1214
1211 1382
1211 1444
1211 1761
1211 1796
1211 1908
1212 1320
1212 1481
1212 1818
1212 1874
1213 1309
1213 1486
1213 1495
1213 1653
1213 1955
1214 1476
1214 1509
1214 1668
1215 1608
1215 1843
1216 1294
1216 1357
1216 1386
1216 1417
1216 1572
1216 1613
1216 1778
1216 1796
1217 1410
1217 1666
1217 1934
1218 1332
1218 1497
1218 1751
1218 1783
1219 1382
1220 1285
1220 1575
1220 1887
1220 1928
1221 1323
1221 1364
1221 1441
1222 1467
1222 1469
1222 1710
1223 1275
1223 1301
1223 1403
1223 1643
1223 1745
1223 1852
1224 1558
1224 1568
1224 1586
1224 1839
1224 1999
1226 1265
1226 1360
1226 1470
1226 1751
1226 1843
1227 1316
1227 1627
1227 1678
1227 1759
1227 1812
1227 1886
1228 1453
1228 1983
1229 1264
1229 1433
1229 1724
1229 1880
1230 1279
1230 1488
1230 1574
1230 1699
1231 1306
1231 1311
1231 1370
1231 1389
1231 1768
1232 1479
1232 1485
1233 1595
1233 1604
1234 1237
1234 1601
1234 1953
1235 1443
1235 1876
1236 1250
1236 1541
1236 1546
1237 1360
1237 1422
1237 1543
1237 1858
1238 1760
1238 1952
1239 1847
1240 1321
1241 1317
1241 1337
1241 1342
1241 1381
1241 1606
1241 1734
1242 1725
1242 1875
1243 1607
1243 1684
1243 1817
1244 1304
1244 1462
1244 1489
1245 1576
1247 1298
1247 1325
1247 1528
1247 1685
1247 1771
1247 1796
1248 1325
1248 1444
1248 1836
1249 1513
1249 1567
1249 1719
1249 1818
1250 1452
1250 1622
1250 1973
1251 1536
1251 1808
1252 1434
1252 1568
1252 1675
1252 1841
1252 1952
1253 1794
1254 1391
1254 1722
1255 1824
1256 1378
1256 1389
1256 1792
1256 1892
1256 1983
1257 1481
1257 1561
1257 1565
1257 1714
1257 1788
1257 1877
1258 1523
1258 1562
1258 1818
1259 1302
1259 1334
1259 1614
1259 1726
1259 1744
1259 1765
1259 1847
1260 1418
1260 1478
1260 1667
1260 1886
1261 1413
1261 1941
1262 1504
1262 1708
1262 1786
1263 1320
1263 1616
1263 1721
1263 1773
1264 1931
1265 1411
1265 1535
1265 1537
1265 1567
1265 1638
1265 1652
1265 1693
1265 1785
1265 1865
1265 1936
1266 1557
1266 1982
1266 1994
1267 1468
1267 1580
1268 1518
1268 1756
1269 1453
1269 1465
1269 1703
1269 1819
1270 1656
1271 1393
1271 1643
1271 1714
1272 1412
1272 1502
1272 1701
1272 1761
1272 1911
1272 1947
1272 1955
1273 1367
1273 1380
1273 1438
1273 1555
1273 1793
1273 1865
1273 1870
1274 1399
1274 1536
1275 1483
1275 1729
1275 1962
1275 1976
1276 1341
1276 1402
1276 1527
1276 1633
1276 1785
1276 1903
1276 1959
1277 1450
1277 1556
1277 1695
1278 1402
1278 1442
1278 1535
1278 1966
1279 1464
1279 1502
1279 1651
1279 1740
1279 1813
1280 1435
1280 1520
1280 1883
1280 1943
1281 1421
1281 1566
1281 1672
1281 1811
1282 1298
1282 1320
1282 1440
1282 1633
1282 1710
1282 1715
1282 1897
1283 1330
1283 1335
1283 1645
1283 1799
1283 1833
1284 1774
1284 1838
1285 1350
1285 1352
1285 1970
1286 1405
1286 1724
1286 1858
1286 1876
1286 1884
1286 1956
1287 1508
1287 1555
1287 1791
1287 1907
1287 1964
1288 1593
1288 1876
1288 1956
1288 1994
1288 2000
1290 1812
1291 1812
1291 1894
1292 1356
1293 1595
1293 1613
1293 1646
1294 1505
1294 1632
1294 1843
1294 1887
1294 1980
1294 1986
1295 1442
1295 1573
1295 1996
1297 1312
1297 1886
1297 1959
1298 1633
1298 1743
1299 1388
1299 1636
1299 1899
1300 1840
1300 1930
1301 1685
1301 1761
1302 1346
1302 1557
1302 1655
1303 1547
1303 1666
1303 1941
1303 1942
1304 1485
1304 1501
1304 1602
1304 1757
1305 1416
1305 1464
1306 1439
1306 1570
1306 1838
1306 1844
1306 1938
1307 1534
1307 1607
1307 1926
1308 1427
1308 1531
1308 1824
1309 1429
1309 1495
1309 1644
1309 1829
1309 1845
1309 1859
1309 1862
1309 1867
1309 1919
1310 1604
1310 1680
1310 1763
1310 1878
1311 1430
1311 1451
1311 1777
1311 1842
1312 1330
1312 1629
1313 1566
1313 1923
1313 1995
1314 1471
1314 1771
1315 1748
1315 1894
1317 1379
1317 1889
1318 1499
1318 1807
1318 1815
1320 1561
1321 1591
1321 1864
1321 1904
1322 1428
1322 1488
1322 1700
1322 1824
1322 1918
1323 1331
1323 1332
1323 1922
1324 1927
1325 1544
1326 1357
1326 1379
1326 1558
1326 1621
1326 1720
1327 1437
1327 1547
1327 1999
1328 1440
1328 1752
1328 1783
1328 1854
1328 1935
1329 1889
1330 1374
1330 1886
1330 1988
1331 1482
1331 1558
1331 1729
1332 1359
1332 1915
1333 1562
1333 1606
1333 1772
1333 1784
1333 1864
1333 1950
1334 1901
1335 1360
1335 1488
1335 1602
1335 1650
1336 1399
1336 1605
1336 1707
1336 1955
1336 1962
1337 1398
1337 1655
1339 1495
1339 1533
1339 1619
1339 1691
1339 1834
1340 1486
1340 1582
1340 1871
1341 1537
1341 1674
1341 1737
1341 1841
1341 1922
1342 1554
1342 1757
1342 1801
1342 1972
1343 1365
1343 1506
1343 1588
1343 1881
1345 1466
1345 1492
1345 1566
1345 1626
1345 1770
1345 1816
1346 1896
1347 1698
1348 1595
1348 1598
1348 1843
1349 1647
1349 1733
1350 1963
1351 1383
1351 1441
1351 1657
1351 1980
1352 1434
1352 1521
1352 1549
1352 1693
1352 1758
1352 1776
1352 1843
1352 1855
1353 1489
1353 1540
1353 1666
1353 1771
1353 1859
1354 1428
1354 1679
1354 1869
1354 1935
1355 1677
1355 1901
1356 1446
1356 1479
1356 1497
1356 1536
1356 1577
1356 1907
1357 1555
1357 1656
1357 1703
1357 1850
1357 1949
1358 1534
1358 1830
1359 1428
1359 1504
1359 1576
1361 1910
1361 1956
1362 1469
1363 1484
1363 1538
1363 1744
1364 1889
1366 1478
1367 1428
1367 1768
1367 1883
1367 1946
1368 1435
1368 1622
1368 1690
1368 1691
1368 1801
1368 1863
1368 1883
1369 1414
1369 1458
1369 1730
1370 1568
1370 1604
1370 1973
1371 1465
1371 1625
1371 1703
1372 1384
1372 1498
1372 1541
1372 1552
1372 1738
1372 1845
1372 1862
1372 1999
1375 1446
1375 1847
1375 1998
1376 1687
1377 1535
1377 1650
1377 1720
1377 1817
1378 1473
1378 1796
1378 1828
1378 1936
1378 1970
1379 1428
1380 1459
1380 1963
1380 1992
1380 1993
1381 1506
1381 1711
1382 1573
1382 1607
1384 1566
1384 1604
1384 1831
1384 1886
1385 1643
1386 1429
1386 1603
1386 1881
1386 1902
1386 1920
1387 1510
1387 1987
1388 1543
1388 1689
1388 1767
1388 1830
1389 1489
1389 1833
1389 1965
1390 1468
1390 1565
1390 1790
1391 1521
1391 1529
1391 1617
1391 1671
1391 1679
1391 1701
1391 1808
1391 1840
1392 1585
1392 1950
1394 1764
1394 1772
1395 1493
1395 1553
1396 1573
1397 1739
1397 1756
1397 1763
1398 1454
1398 1586
1398 1603
1398 1753
1398 1816
1398 1907
1398 1967
1399 1514
1399 1746
1399 1934
1400 1422
1401 1884
1401 1905
1402 1424
1402 1684
1402 1744
1403 1573
1404 1638
1404 1931
1405 1917
1405 1919
1405 1959
1406 1562
1406 1859
1407 1580
1407 1967
1408 1561
1408 1598
1409 1852
1410 1524
1410 1627
1410 1658
1410 1829
1411 1525
1411 1780
1411 1790
1411 1972
1412 1676
1412 1833
1412 1924
1413 1655
1413 1659
1413 1840
1413 1890
1413 1927
1413 1993
1414 1482
1414 1517
1414 1600
1414 1687
1414 1904
1415 1711
1415 1887
1417 1515
1417 1814
1417 1911
1417 1939
1418 1568
1418 1701
1419 1525
1419 1670
1419 1783
1419 1838
1419 1887
1419 1952
1419 1974
1420 1559
1420 1612
1420 1661
1420 1671
1420 1889
1421 1422
1421 1630
1421 1769
1421 1848
1421 1916
1422 1427
1422 1510
1422 1631
1422 1779
1422 1872
1424 1618
1424 1820
1425 1439
1425 1689
1425 1712
1425 1995
1426 1910
1427 1791
1428 1542
1428 1682
1429 1623
1430 1478
1430 1511
1430 1534
1430 1703
1430 1783
1431 1442
1431 1573
1431 1718
1431 1812
1431 1972
1432 1433
1432 1593
1432 1694
1432 1976
1435 1644
1435 1689
1435 1756
1435 1822
1436 1461
1436 1522
1436 1659
1436 1709
1437 1442
1437 1619
1437 1801
1437 1932
1437 2000
1438 1749
1438 1772
1438 1787
1438 1828
1438 1932
1439 1539
1439 1683
1440 1599
1441 1539
1441 1717
1441 1721
1441 1753
1442 1626
1443 1487
1443 1560
1444 1567
1444 1639
1445 1497
1445 1518
1445 1648
1445 1741
1445 1936
1446 1505
1446 1539
1446 1654
1447 1902
1448 1682
1448 1916
1449 1738
1450 1612
1450 1874
1451 1505
1451 1710
1452 1668
1453 1778
1455 1536
1455 1600
1455 1669
1455 1787
1456 1460
1456 1580
1456 1659
1456 1779
1456 1782
1456 1979
1457 1459
1458 1554
1458 1656
1458 1706
1458 1763
1459 1583
1459 1693
1459 1698
1459 1812
1459 1884
1460 1949
1461 1628
1461 1698
1461 1789
1461 1791
1461 1889
1462 1641
1462 1801
1463 1594
1463 1729
1464 1538
1464 1588
1464 1854
1465 1656
1465 1727
1465 1921
1465 1978
1466 1652
1466 1934
1467 1809
1467 1859
1468 1571
1468 1861
1468 1915
1469 1514
1469 2000
1470 1601
1470 1882
1471 1488
1471 1565
1471 1709
1471 1856
1472 1808
1472 1861
1472 2000
1473 1631
1473 1899
1473 1953
1474 1478
1474 1762
1474 1850
1474 1912
1474 2000
1475 1508
1475 1594
1475 1671
1475 1863
1475 1904
1475 1910
1476 1610
1476 1666
1476 1752
1477 1656
1477 1839
1477 1845
1478 1744
1478 1798
1478 1915
1479 1626
1479 1677
1480 1566
1480 1625
1480 1811
1481 1528
1481 1596
1481 1956
1482 1495
1482 1658
1483 1975
1484 1817
1485 1831
1485 1935
1487 1539
1487 1570
1487 1585
1488 1702
1489 1735
1489 1785
1489 1943
1491 1647
1491 1654
1492 1578
1493 1751
1493 1836
1493 1950
1494 1851
1494 1895
1495 1948
1495 1986
1496 1631
1496 1659
1496 1686
1496 1836
1497 1621
1498 1551
1498 1758
1499 1507
1499 1701
1500 1591
1501 1556
1501 1786
1501 1824
1501 1847
1501 1879
1502 1648
1502 1925
1503 1525
1503 1661
1503 1788
1503 1820
1504 1559
1504 1824
1504 1902
1504 1906
1504 1916
1504 1998
1505 1630
1506 1949
1507 1835
1507 1906
1508 1849
1508 1871
1508 1913
1508 1981
1510 1811
1510 1812
1511 1736
1511 1813
1513 1515
1513 1555
1513 1955
1514 1787
1514 1953
1515 1521
1515 1670
1516 1562
1518 1626
1518 1686
1518 1916
1519 1749
1519 1887
1519 1922
1521 1688
1521 1929
1522 1713
1522 1887
1522 1910
1523 1630
1523 1708
1524 1530
1524 1736
1524 1842
1524 1860
1525 1634
1525 1783
1525 1919
1526 1557
1526 1701
1526 1989
1527 1850
1528 1727
1528 1789
1528 1943
1529 1669
1529 1987
1531 1603
1531 1647
1531 1690
1532 1641
1532 1876
1533 1584
1533 1626
1533 1833
1533 1835
1533 1985
1534 1689
1534 1939
1535 1683
1535 1719
1535 1815
1535 1824
1535 1872
1536 1858
1536 1862
1537 1565
1537 1580
1537 1664
1537 1778
1537 1957
1538 1664
1538 1920
1539 1573
1539 1706
1539 1744
1539 1909
1539 1910
1540 1609
1540 1722
1540 1779
1541 1575
1542 1822
1542 1898
1543 1817
1543 1968
1544 1666
1544 1851
1546 1548
1547 1972
1548 1655
1548 1782
1549 1761
1549 1940
1549 1984
1550 1952
1551 1874
1551 1945
1551 1955
1551 1964
1551 1980
1553 1996
1554 1559
1555 1825
1555 1996
1556 1793
1556 1830
1557 1856
1557 1866
1557 1965
1558 1666
1558 1958
1559 1738
1560 1684
1560 1911
1560 1969
1561 1624
1561 1883
1562 1629
1562 1649
1562 1659
1562 1853
1563 1819
1563 1892
1563 1982
1564 1602
1565 1650
1566 1868
1567 1652
1567 1706
1567 1759
1568 1965
1569 1869
1570 1590
1570 1811
1571 1573
1571 1672
1571 1939
1573 1911
1574 1596
1574 1617
1574 1675
1575 1851
1575 1883
1576 1776
1576 1914
1577 1643
1577 1733
1578 1603
1578 1710
1578 1728
1579 1834
1579 1959
1579 1979
1580 1849
1581 1646
1581 1691
1581 1733
1581 1970
1582 1815
1582 1836
1582 1994
1583 1754
1583 1787
1583 1804
1584 1861
1584 1909
1585 1596
1585 1831
1586 1647
1586 1671
1587 1607
1587 1721
1587 1860
1587 1901
1588 1853
1589 1629
1589 1658
1589 1813
1589 1941
1591 1608
1592 1689
1592 1914
1593 1743
1594 1649
1594 1851
1595 1943
1597 1763
1597 1772
1597 1994
1598 1878
1599 1608
1599 1817
1599 1964
1600 1742
1600 1809
1600 1853
1600 1904
1600 1931
1600 1973
1601 1697
1601 1955
1602 1606
1602 1812
1603 1721
1603 1835
1603 1864
1604 1708
1605 1624
1605 1782
1605 1969
1605 1987
1606 1788
1608 1796
1608 1851
1608 1872
1610 1911
1611 1668
1611 1879
1612 1716
1612 1804
1613 1770
1615 1891
1616 1997
1617 1915
1618 1860
1619 1775
1619 1961
1619 1968
1620 1724
1620 1757
1620 1772
1620 1786
1621 1683
1621 1896
1621 1935
1622 1962
1623 1875
1624 1657
1624 1770
1624 1941
1625 1646
1625 1683
1625 1729
1625 1827
1626 1902
1626 1944
1628 1816
1628 1889
1628 1979
1629 1786
1629 1874
1631 1745
1632 1942
1633 1923
1633 1943
1633 1997
1634 1887
1634 1907
1635 1648
1635 1688
1635 1803
1635 1967
1635 1988
1636 1932
1637 1738
1637 1815
1639 1778
1639 1999
1640 1897
1640 1935
1642 1885
1643 1715
1643 1945
1644 1705
1644 1829
1644 1988
1645 1777
1647 1756
1647 1807
1648 1707
1648 1851
1650 1665
1650 1695
1651 1750
1651 1915
1652 1660
1652 1725
1652 1806
1652 1833
1652 1877
1653 1752
1653 1795
1653 1992
1653 1996
1654 1707
1655 1870
1655 1917
1656 1659
1656 1754
1657 1733
1657 1753
1657 1777
1658 1824
1660 1769
1660 1815
1661 1741
1661 1776
1661 1853
1661 1974
1662 1716
1663 1718
1664 1760
1664 1817
1668 1858
1669 1754
1670 1982
1672 1676
1672 1843
1673 1701
1673 1877
1676 1883
1677 1831
1678 1732
1678 1858
1678 1871
1679 1684
1681 1768
1682 1919
1682 1968
1683 1795
1683 1811
1683 1978
1684 1895
1685 1728
1686 1850
1688 1787
1689 1781
1690 1745
1690 1768
1691 1856
1692 1721
1692 1916
1692 1936
1693 1828
1696 1798
1696 1899
1697 1756
1698 1832
1698 1959
1699 1901
1699 1944
1701 1761
1702 1749
1702 1914
1702 1990
1703 1772
1703 1785
1703 1815
1703 1906
1703 1939
1704 1752
1705 1916
1706 1764
1706 1842
1706 1917
1707 1713
1707 1861
1707 1998
1708 1999
1710 1952
1711 1817
1711 1933
1712 1917
1713 1891
1713 1927
1713 1938
1713 1998
1715 1729
1715 1801
1716 1801
1716 1804
1716 1814
1718 1894
1721 1824
1722 1759
1723 1777
1723 1969
1724 1732
1724 1792
1725 1883
1725 1903
1725 1908
1725 1922
1725 1973
1725 1979
1726 1984
1727 1782
1728 1733
1728 1976
1729 1860
1729 1873
1730 1833
1732 1919
1736 1742
1736 1853
1737 1916
1737 1980
1738 1949
1739 1823
1740 1748
1740 1760
1740 1794
1740 1898
1743 1809
1744 1770
1744 1857
1744 1967
1745 1811
1745 1962
1747 1835
1747 1892
1748 1875
1749 1803
1749 1894
1749 1907
1750 1960
1751 1832
1751 1918
1752 1830
1752 1888
1753 1926
1755 1966
1757 1981
1758 1864
1760 1775
1762 1779
1764 1774
1764 1956
1766 1951
1767 1811
1768 1945
1769 1815
1769 1914
1770 1916
1770 1928
1772 1933
1774 1981
1775 1886
1775 1972
1777 1998
1778 1813
1778 1953
1779 1859
1779 1982
1781 1818
1781 1965
1781 1983
1782 1852
1785 1872
1787 1864
1787 1990
1791 1906
1792 1813
1792 1919
1793 1865
1794 1827
1794 1930
1795 1899
1795 1947
1795 1949
1795 1992
1796 1801
1796 1958
1797 1971
1797 1982
1798 1984
1799 1886
1800 1881
1800 1974
1801 1928
1801 1999
1803 1873
1803 1931
1804 1865
1804 1886
1806 1859
1806 1974
1807 1885
1807 1887
1807 1971
1809 1919
1810 1988
1813 1962
1813 1972
1814 1818
1814 1898
1817 1836
1817 1902
1817 1967
1820 1922
1820 1972
1824 1857
1824 2000
1830 1874
1831 1933
1832 1966
1833 1946
1834 1842
1834 1854
1835 1967
1838 1949
1840 1908
1840 1982
1841 1932
1847 1932
1851 1970
1852 1886
1854 1859
1854 1980
1855 1974
1856 1862
1857 1911
1859 1884
1860 1994
1861 1930
1862 1913
1862 1917
1866 1950
1869 1920
1870 1946
1871 1902
1871 1997
1872 1942
1872 1944
1874 1952
1881 1976
1883 1891
1884 1897
1891 1950
1898 1941
1898 1953
1899 1941
1900 1954
1901 1945
1905 1924
1908 1917
1914 1978
1919 1942
1920 1943
1931 1939
1933 1937
1937 1977
1949 1974
1951 1961
1960 1975
1965 1971
1966 1992
1967 1983
1976 1978
