2000
1 258
1 563
1 576
1 628
1 1172
1 1205
1 1309
1 1318
1 1436
1 1538
1 1593
1 1725
2 85
2 247
2 368
2 547
2 867
2 1628
3 37
3 173
3 436
3 473
3 1021
3 1339
3 1563
3 1570
4 199
4 381
4 414
4 529
4 675
4 721
4 918
4 943
4 1073
4 1907
5 241
5 252
5 314
5 375
5 670
5 726
5 1628
5 1754
6 190
6 211
6 493
6 814
6 936
6 1048
6 1420
6 1647
6 1661
6 1670
7 159
7 428
7 978
7 1030
7 1089
7 1518
7 1658
7 1779
8 72
8 117
8 429
8 640
8 664
8 1063
8 1132
8 1258
8 1547
9 43
9 513
9 1073
9 1168
10 745
10 861
10 1474
10 1874
11 493
11 1167
11 1986
12 225
12 726
12 1847
13 385
13 957
13 1741
14 55
14 210
14 241
14 453
14 463
14 869
14 973
14 1225
14 1950
15 233
15 892
15 1599
15 1952
16 159
16 526
16 838
16 1010
16 1474
16 1935
16 1973
17 328
17 780
17 795
17 933
17 1059
17 1168
17 1385
17 1419
17 1975
18 597
18 860
18 1574
18 1649
19 651
19 758
19 1610
20 139
20 222
20 820
20 868
20 1384
20 1416
20 1789
20 1935
21 104
21 499
21 776
21 785
21 1296
22 507
22 1029
22 1060
22 1673
23 164
23 1486
23 1759
24 157
24 191
24 238
24 897
24 1268
24 1697
24 1794
25 249
25 808
25 912
25 1093
25 1460
25 1476
25 1539
25 1939
26 202
26 1584
26 1982
27 305
27 407
27 424
27 624
27 913
27 1328
27 1556
27 1909
28 733
28 747
28 995
28 1559
28 1870
29 36
29 59
29 188
29 997
29 1141
29 1202
29 1441
29 1628
29 1701
29 1887
30 50
30 549
30 626
31 194
31 197
31 566
31 748
31 1786
31 1813
32 494
32 1138
32 1960
33 1103
34 1133
34 1685
35 183
35 412
35 666
35 805
35 920
35 941
35 1056
35 1136
35 1366
35 1502
35 1846
36 98
36 104
36 330
36 413
36 602
36 1506
36 1906
36 1915
37 93
37 245
37 1448
38 162
38 856
38 1255
39 250
39 273
39 440
39 651
39 849
39 942
39 992
39 1400
40 219
40 281
40 394
40 574
40 792
40 894
40 980
40 1027
40 1053
40 1089
40 1230
40 1713
40 1714
41 1149
41 1308
41 1437
41 1487
41 1510
41 1593
41 1760
41 1895
42 336
42 424
42 1174
42 1226
42 1369
42 1442
43 180
43 384
43 535
43 563
43 1053
43 1203
43 1236
43 1635
43 1795
43 1940
44 153
44 237
44 414
44 846
44 1171
44 1324
45 259
45 463
45 548
45 711
45 1559
45 1894
45 1944
46 167
46 234
46 318
46 522
46 910
46 1292
46 1296
46 1637
47 427
47 771
47 808
47 853
47 1004
47 1154
47 1456
47 1725
47 1744
47 1759
47 1900
48 426
48 595
48 685
48 1116
48 1681
49 291
49 462
49 538
49 710
49 1311
49 1532
49 1672
50 606
50 631
50 659
50 700
50 706
50 1029
50 1175
51 124
51 213
51 992
51 1021
51 1118
51 1212
51 1387
51 1608
51 1674
51 1857
51 1923
52 751
52 1119
52 1140
52 1916
52 1963
53 254
53 289
53 531
53 935
53 1289
53 1774
53 1783
53 1848
54 149
54 484
54 583
54 593
54 641
54 839
54 1219
54 1331
54 1372
54 1925
55 1924
56 247
56 435
56 510
56 605
56 673
56 1070
56 1168
56 1194
56 1485
56 1718
56 1801
57 195
57 322
57 419
57 471
57 1264
57 1406
57 1666
57 1734
57 1806
58 751
58 789
58 916
58 1033
58 1136
58 1211
58 1281
58 1317
58 1345
58 1551
58 1580
58 1636
59 494
59 711
59 1412
59 1679
59 1756
60 120
60 170
60 342
60 352
60 564
60 702
60 1066
60 1077
60 1181
60 1308
60 1775
61 363
61 1227
61 1286
61 1378
61 1816
62 89
62 142
62 268
62 574
62 708
62 814
63 78
63 319
63 535
63 680
63 783
63 968
63 1098
63 1145
63 1146
63 1539
63 1568
63 1729
63 1843
63 1900
64 155
64 200
64 481
64 635
64 890
64 989
64 1365
64 1376
64 1808
64 1838
64 1888
65 112
65 346
65 796
65 881
65 892
65 899
65 922
65 1675
65 1731
65 1887
66 108
66 178
66 197
66 383
66 562
66 576
66 1385
66 1722
66 1752
67 444
67 1018
67 1612
67 1677
67 1746
68 377
68 408
68 462
68 1204
68 1284
68 1336
68 1350
68 1653
68 1747
68 1805
68 1999
69 290
69 345
69 520
69 655
69 895
69 1067
69 1558
70 85
70 87
70 288
70 335
70 497
70 1007
70 1400
70 1873
70 1933
71 689
71 727
71 761
71 1313
71 1824
71 1956
72 157
72 286
72 337
72 381
72 540
72 617
72 726
72 767
72 927
72 1175
72 1585
72 1931
72 1933
73 127
73 972
73 1016
73 1035
73 1254
73 1289
73 1314
73 1697
73 1706
74 136
74 321
74 390
74 490
74 528
74 612
74 1280
74 1971
75 819
75 820
75 1165
75 1515
75 1650
75 1711
75 1767
75 1853
76 244
76 384
76 1901
77 746
77 797
77 1475
77 1859
78 147
78 277
78 369
78 908
78 1370
78 1380
78 1586
78 1597
78 1711
78 1718
79 469
79 847
79 1209
79 1649
80 1160
80 1795
81 201
81 1199
81 1427
81 1480
82 173
82 314
82 874
82 1002
82 1007
82 1958
83 372
83 464
83 610
83 621
83 755
83 1182
83 1833
83 1938
84 166
84 901
84 957
84 1263
84 1366
84 1784
84 1830
85 201
85 382
85 518
85 796
85 828
85 1189
85 1651
85 1925
86 477
86 520
86 596
86 676
86 1332
86 1753
86 1854
86 1907
86 1913
87 717
87 820
87 955
87 1021
87 1046
87 1395
87 1527
87 1770
88 1036
88 1182
88 1325
88 1583
89 604
89 665
89 776
89 856
89 1281
89 1590
90 345
90 611
90 1049
90 1875
91 529
91 1455
91 1567
91 1601
91 1610
91 1736
92 197
92 557
92 737
92 899
92 937
92 1103
92 1244
92 1572
92 1780
93 164
93 184
93 242
93 317
93 352
93 641
93 778
93 1058
93 1644
93 1725
93 1771
94 537
94 547
94 610
94 1052
94 1152
95 429
95 578
95 690
95 841
95 1147
95 1187
95 1189
95 1430
95 1584
95 1607
95 1622
96 209
96 220
96 305
96 869
97 1029
98 119
98 368
98 596
98 686
98 878
98 1827
98 1895
98 1995
99 326
99 831
99 863
99 910
99 1104
99 1160
99 1365
99 1391
99 1492
99 1616
99 1923
100 593
100 984
100 1957
101 262
101 432
101 444
101 595
101 842
101 923
101 1347
101 1488
101 1555
101 1903
102 415
102 537
102 689
102 1045
102 1766
102 1784
103 827
103 1026
103 1368
103 1734
103 1953
104 1098
104 1109
104 1724
104 1784
105 199
105 311
105 440
105 867
105 1006
105 1075
105 1284
105 1707
105 1877
105 1988
106 142
106 305
106 967
106 1008
106 1050
106 1267
106 1335
106 1891
106 1919
107 1237
107 1458
108 135
108 393
108 475
108 951
108 1446
109 381
109 882
109 1275
109 1416
109 1524
109 1697
109 1721
109 1819
109 1944
110 455
110 543
110 1280
110 1333
110 1415
110 1527
110 1682
110 1822
111 178
111 514
111 539
111 1284
111 1562
111 1619
111 1644
111 1905
111 1967
112 152
112 164
112 175
112 319
112 1090
112 1102
112 1322
112 1375
112 1992
113 160
113 423
113 539
113 1299
113 1328
113 1931
114 422
114 491
114 640
114 1027
114 1157
114 1194
114 1233
114 1557
114 1712
114 1999
115 398
115 720
115 794
115 962
115 985
115 989
115 1383
116 258
116 486
116 681
116 745
116 1784
116 1886
116 1897
117 175
117 262
117 268
117 347
117 459
117 902
117 1189
117 1332
117 1417
117 1471
117 1706
118 562
118 630
118 641
118 928
118 1118
118 1123
118 1132
118 1491
118 1754
118 1869
118 1979
118 1994
119 216
119 645
119 805
119 1238
119 1391
119 1406
119 1662
119 1801
120 191
120 946
120 950
120 1330
120 1633
121 356
121 417
121 618
121 667
121 1132
121 1181
121 1466
121 1739
121 1875
121 1937
122 290
122 442
122 520
122 561
122 576
122 690
122 863
122 1035
122 1241
122 1493
122 1731
122 1897
123 157
123 1078
123 1799
124 148
124 169
124 493
124 509
124 1011
124 1777
125 592
125 791
125 941
125 1079
125 1673
125 1978
126 201
126 227
126 382
126 562
126 983
126 1073
126 1129
126 1329
126 1443
126 1806
127 560
127 1807
128 138
128 403
128 660
128 741
128 757
128 779
128 983
128 996
128 1136
128 1564
128 1931
129 274
129 305
129 315
129 599
129 656
129 776
129 798
129 915
129 1058
129 1352
130 687
130 986
130 1477
130 1989
131 491
131 541
131 569
131 784
132 183
132 812
132 867
132 961
132 1268
133 185
133 451
133 484
133 713
133 1119
133 1268
133 1572
134 305
134 344
134 475
134 498
134 752
134 1024
134 1958
135 141
135 795
135 968
135 1844
136 170
136 203
136 827
136 1103
136 1558
136 1889
137 838
137 1041
137 1908
138 717
138 1170
138 1311
138 1466
138 1890
138 1962
139 217
139 801
139 1177
139 1238
139 1267
139 1431
140 240
140 271
140 279
140 550
140 894
140 1597
140 1718
141 198
141 446
141 590
141 676
141 702
141 883
141 885
141 989
141 991
141 1351
141 1668
141 1785
142 475
142 811
142 1542
142 1547
142 1575
142 1593
142 1944
142 1957
142 1971
143 174
143 451
143 523
143 606
143 749
143 971
143 1073
143 1310
143 1906
144 505
144 956
144 1049
144 1067
144 1324
144 1540
144 1689
144 1792
144 1993
145 514
145 519
145 1034
145 1798
146 351
146 587
146 902
146 953
146 1126
146 1225
146 1525
146 1531
147 343
147 377
147 456
147 848
147 1165
147 1654
147 1702
147 1878
147 1951
148 194
148 275
148 612
148 687
148 861
148 934
148 1552
148 1769
149 166
149 262
149 506
149 672
149 724
149 1197
149 1255
149 1752
149 1891
150 258
150 278
150 513
150 545
150 719
150 788
150 1220
150 1319
150 1523
150 1811
150 1850
151 1433
151 1752
152 284
152 346
152 403
152 1489
152 1569
152 1667
152 1938
153 499
153 536
153 890
153 1039
153 1202
153 1205
153 1437
153 1459
153 1481
154 1032
154 1189
154 1383
155 571
155 623
155 854
155 1025
155 1033
155 1068
155 1347
155 1462
156 314
156 360
156 692
156 771
156 789
156 795
156 986
156 988
156 1076
156 1153
156 1568
156 1588
156 1831
156 1891
157 438
157 439
157 758
157 1034
157 1155
158 283
158 501
158 1005
158 1506
158 1908
159 686
159 698
159 707
159 939
159 944
159 948
159 975
159 976
159 1932
160 188
160 225
160 843
161 781
161 935
161 1222
161 1253
161 1426
161 1454
161 1646
161 1728
161 1810
162 317
162 320
162 435
162 855
162 1450
162 1676
162 1754
162 1927
163 392
163 748
163 850
163 1428
163 1632
163 1677
163 1848
163 1971
164 379
164 785
164 1092
164 1135
164 1388
164 1391
164 1410
164 1928
165 184
165 239
165 756
165 938
165 1291
165 1473
165 1633
166 262
166 306
166 651
166 1279
166 1311
166 1332
166 1622
167 212
167 579
167 673
167 908
167 1145
167 1751
168 498
168 835
168 1220
168 1373
169 541
169 851
169 1253
169 1652
169 1728
170 215
170 539
170 1369
170 1424
171 201
171 282
171 392
171 564
171 1047
171 1244
171 1371
171 1585
172 777
172 1416
172 1530
172 1669
172 1964
173 254
173 918
173 1246
173 1425
173 1433
173 1602
173 1664
173 1725
174 432
174 890
174 1398
174 1584
174 1760
174 1914
174 1988
175 207
175 625
175 1193
175 1635
175 1833
176 1570
176 1703
176 1726
177 870
177 1468
178 262
178 584
178 754
178 995
178 1211
178 1452
178 1866
178 1876
179 183
179 386
179 1318
179 1500
180 396
180 458
180 520
180 623
180 766
180 832
180 874
180 1729
180 1908
180 1945
181 445
181 521
181 986
181 1035
181 1412
181 1559
181 1701
181 1768
181 1985
182 295
182 321
182 547
182 638
182 664
182 1045
182 1447
183 304
183 937
183 1037
183 1038
183 1290
183 1356
183 1448
183 1485
183 1904
183 1923
184 576
184 831
184 1351
184 1359
184 1974
184 1988
185 502
185 839
185 853
185 932
185 954
185 1214
185 1310
185 1920
186 332
186 462
186 579
186 714
186 821
186 847
186 1386
186 1888
187 932
187 1152
187 1215
187 1344
188 283
188 503
188 832
188 1921
189 214
189 416
189 590
189 751
189 755
189 893
189 955
189 1105
189 1122
189 1199
189 1234
189 1732
189 1774
190 289
190 627
190 1112
190 1117
190 1262
190 1408
190 1497
190 1509
190 1801
190 1888
191 364
191 410
191 438
191 770
191 1313
191 1549
191 1860
191 1916
192 514
192 1218
192 1260
192 1307
192 1852
192 1987
193 659
193 1713
194 1145
194 1181
194 1184
194 1543
194 1626
195 277
195 346
195 616
195 789
195 843
195 922
195 1100
195 1109
195 1284
195 1424
195 1480
195 1882
195 1999
196 599
196 621
196 1219
196 1469
196 1631
196 1664
197 362
197 455
197 625
197 1480
198 599
198 641
198 1551
198 1844
198 1949
199 693
199 1062
199 1291
199 1773
199 1880
200 452
200 454
200 542
200 676
200 910
200 934
200 993
200 994
200 1390
200 1433
201 1259
201 1305
201 1544
201 1576
201 2000
202 481
202 997
202 1555
202 1712
202 1848
202 1963
203 382
203 699
203 924
203 1076
203 1753
203 1815
203 1948
204 382
204 786
204 1056
204 1683
205 696
205 1651
206 683
206 702
206 765
206 1018
206 1085
206 1610
206 1823
206 1942
206 1983
207 258
207 308
207 461
207 791
207 1153
207 1461
207 1849
207 1858
207 1870
207 1913
208 1052
208 1169
208 1223
208 1484
209 933
209 984
209 1278
209 1393
209 1740
210 275
210 523
210 714
210 925
210 989
210 1453
210 1458
210 1607
210 1661
210 1826
210 1956
211 431
211 677
211 837
211 930
211 1486
212 930
212 1059
212 1148
212 1186
212 1201
212 1722
213 339
213 423
213 758
213 772
213 891
213 1121
214 405
214 628
214 1108
214 1607
215 809
215 1084
215 1133
215 1700
215 1923
216 394
216 758
216 782
216 821
217 312
217 349
217 542
217 708
217 1512
217 1790
217 1856
217 1859
218 350
218 1085
218 1325
219 335
219 712
219 1087
219 1228
219 1399
219 1563
220 226
220 853
220 1142
220 1775
220 1795
220 1950
220 1996
221 372
221 549
221 1061
221 1499
221 1537
221 1617
221 1948
222 291
222 604
222 1634
222 1921
222 1999
223 270
223 546
223 555
223 630
223 1025
223 1197
223 1647
224 249
224 313
224 317
224 349
224 527
224 820
225 300
225 347
225 503
225 951
225 1335
225 1398
225 1705
225 1751
226 833
226 1152
226 1208
226 1734
226 1901
227 425
227 775
227 796
227 1119
227 1262
227 1443
227 1660
227 1727
227 1740
227 1830
227 1871
228 677
228 1104
228 1736
228 1758
228 1830
228 1886
228 1972
229 348
229 594
229 1077
229 1078
229 1346
229 1668
229 1673
229 1727
229 1852
230 473
230 1182
230 1357
230 1426
230 1649
230 1874
231 643
231 1021
231 1045
231 1291
231 1339
231 1495
232 246
232 401
232 680
232 1256
232 1891
232 1971
233 370
233 704
233 877
233 1170
233 1387
233 1514
233 1602
234 1223
234 1876
235 282
235 409
235 527
235 1749
236 261
236 823
236 938
236 1509
236 1591
236 1899
237 865
237 1892
238 544
238 590
238 769
238 812
238 868
238 1433
238 1728
238 1817
239 447
239 1374
239 1408
239 1499
239 1510
239 1792
240 278
240 698
240 893
240 1439
240 1782
241 462
241 617
241 1124
241 1162
241 1451
241 1813
241 1834
242 416
243 527
243 984
243 986
243 1103
244 265
244 418
244 462
244 694
244 858
244 1192
244 1307
244 1464
244 1882
245 552
245 1594
246 368
246 633
246 813
246 898
246 1293
246 1590
246 1900
247 598
247 731
247 1117
247 1201
247 1283
247 1462
247 1943
248 705
248 1321
248 1383
248 1898
249 265
249 450
249 551
249 841
249 1137
249 1743
250 355
250 682
250 864
250 1332
250 1335
250 1356
250 1467
250 1702
250 1992
251 262
251 426
251 617
251 852
251 1402
251 1712
252 563
252 683
252 1128
252 1238
252 1398
252 1539
253 333
253 335
253 480
253 491
253 644
253 792
253 873
253 1042
253 1083
253 1437
253 1888
254 411
254 554
254 896
254 1098
254 1165
254 1496
254 1750
255 346
255 1050
255 1091
255 1257
255 1815
255 1937
256 267
256 307
256 349
256 498
256 522
256 703
256 1620
256 1696
256 1830
256 1851
257 379
257 392
257 872
257 1781
258 689
258 923
258 949
258 975
258 1208
258 1536
258 1900
259 1524
260 346
260 490
260 892
260 1064
261 581
261 599
261 972
261 1369
261 1482
262 454
262 459
262 509
262 1213
262 1653
262 1813
263 332
263 665
263 892
263 914
263 1337
263 1545
263 1657
263 1686
263 1971
264 283
264 633
264 1111
264 1733
265 482
265 706
265 809
265 882
265 1193
265 1314
265 1512
265 1677
266 1415
266 1661
266 1687
266 1909
267 489
267 797
267 1379
268 940
268 995
268 1201
268 1968
269 487
269 800
269 903
269 904
269 1882
270 647
270 650
270 807
270 1503
270 1813
270 1890
271 533
271 594
271 753
271 925
271 1030
271 1815
271 1933
272 277
272 506
272 1041
272 1889
272 1992
273 839
273 947
273 1140
274 290
274 526
274 579
274 787
274 813
274 1317
274 1456
274 1879
274 1928
275 761
275 1813
276 502
276 892
276 1101
276 1106
276 1224
276 1418
276 1787
277 877
277 938
277 1350
277 1613
277 1715
277 1852
277 1990
278 435
278 719
278 927
278 991
278 1161
278 1337
278 1371
278 1585
279 550
279 560
279 734
279 1028
279 1043
279 1048
279 1094
279 1381
280 392
280 869
280 1129
280 1762
280 1864
281 299
281 338
281 869
281 923
281 1467
281 1695
281 1854
281 1992
282 425
282 1250
282 1285
283 339
283 481
283 719
283 1102
283 1408
283 1628
284 359
284 994
284 1042
284 1384
284 1395
284 1913
284 1927
285 585
285 610
285 902
285 1087
285 1221
285 1371
285 1656
285 1704
286 539
286 858
286 984
286 1198
286 1650
286 1750
287 652
287 838
287 1000
287 1029
287 1295
287 1436
287 1896
288 701
288 890
288 1057
288 1620
288 1837
289 312
289 837
289 1125
289 1622
289 1660
289 1696
289 1751
290 329
290 1378
291 611
291 765
291 890
291 973
291 1150
291 1164
291 1229
291 1576
292 493
292 1012
292 1194
292 1253
292 1313
292 1638
292 1846
292 1965
293 306
293 512
293 533
293 561
293 602
293 640
293 904
293 1569
293 1601
294 648
294 935
294 1080
294 1583
295 335
295 597
295 652
295 942
295 971
295 1207
295 1800
295 2000
296 1103
296 1236
296 1378
296 1550
296 1727
296 1928
297 1387
297 1583
297 1743
298 589
298 1018
298 1781
298 1808
299 408
299 656
299 765
299 768
299 971
299 1010
299 1059
299 1145
299 1152
299 1236
299 1316
299 1520
299 1826
300 741
300 1031
300 1067
300 1320
300 1437
300 1450
300 1608
301 373
301 378
301 476
301 655
301 1198
301 1215
302 893
302 952
302 1887
303 930
303 1034
303 1078
303 1106
303 1181
303 1683
303 1773
304 546
304 1094
304 1290
304 1345
304 1565
304 1595
304 1732
304 1738
304 1986
305 971
305 1264
305 1366
305 1385
305 1883
306 680
306 687
306 730
306 1151
306 1257
306 1759
306 1991
307 461
307 1763
307 1776
307 1872
308 681
308 1150
308 1511
309 709
309 1612
309 1776
309 1900
310 471
310 908
310 1069
310 1220
310 1406
310 1421
310 1921
310 1953
310 1991
311 364
311 535
311 1157
311 1247
311 1411
311 1594
311 1619
311 1798
311 1965
312 490
312 573
312 614
312 862
312 1870
313 845
313 1360
313 1567
314 464
314 503
314 760
314 1022
314 1200
314 1236
314 1630
314 1663
314 1671
315 398
315 977
315 1345
315 1465
315 1693
315 1816
315 1837
316 372
316 838
316 1098
316 1328
316 1505
316 1773
316 1993
317 872
317 1577
317 1822
318 503
318 513
318 1311
318 1925
319 629
319 1504
320 329
320 847
320 1371
320 1433
320 1559
320 1723
321 456
321 574
321 988
321 1930
322 864
322 1300
322 1378
322 1906
322 1967
323 335
323 511
323 532
323 1442
323 1506
323 1733
323 1931
323 1974
324 759
324 869
324 1154
324 1514
325 393
325 451
325 524
325 639
325 722
325 847
325 891
325 964
325 1244
325 1283
325 1305
325 1602
326 715
326 758
326 821
326 1082
326 1153
326 1407
326 1598
327 378
327 439
327 736
327 1448
327 1632
327 1633
327 1882
327 1930
328 571
328 1035
328 1066
328 1299
328 1502
328 1533
328 1873
329 507
329 608
329 785
329 998
329 1044
329 1523
329 1617
329 1749
330 704
330 794
330 1012
330 1162
330 1380
330 1699
330 1871
330 1990
331 355
331 1466
331 1760
331 1871
332 428
332 505
332 608
332 635
332 899
332 1180
332 1182
332 1468
332 1620
332 1784
332 1893
333 392
333 1084
333 1096
333 1300
333 1366
333 1522
333 1566
333 1780
334 497
334 545
334 744
334 1355
334 1458
335 1282
335 1755
335 1851
336 885
336 970
336 1007
336 1616
337 395
337 1381
337 1448
337 1482
337 1494
337 1590
337 1730
337 1866
337 1973
338 408
338 464
338 900
338 1150
338 1639
338 1918
339 389
339 454
339 1150
339 1337
339 1434
340 613
340 830
340 856
340 1216
340 1242
340 1253
340 1366
340 1394
340 1424
340 1721
340 1925
341 371
341 421
341 788
341 807
341 1164
341 1233
341 1254
341 1719
341 1828
341 1887
342 353
342 524
342 1042
342 1448
342 1460
342 1690
343 1002
343 1105
343 1337
343 1381
343 1729
344 1201
344 1447
344 1818
344 1897
345 514
345 1255
345 1519
345 1525
345 1761
345 1865
345 1988
346 512
346 707
346 721
346 781
346 1014
346 1216
346 1574
347 464
347 780
347 791
347 1130
347 1321
348 429
348 474
348 686
348 1785
348 1817
349 693
349 982
349 1324
349 1616
349 1720
349 1904
350 902
350 1360
350 1435
351 654
351 1047
351 1660
352 610
352 651
352 725
352 734
352 897
352 1189
352 1517
352 1672
353 1652
353 1701
354 721
354 1628
354 1650
354 1710
355 741
355 1114
355 1275
355 1615
355 1981
356 420
356 664
356 1658
356 1982
357 381
357 413
357 546
357 601
358 839
358 1046
358 1211
358 1494
359 762
359 862
359 1205
359 1699
360 472
360 608
360 686
360 703
360 906
360 1014
360 1243
360 1265
360 1412
360 1498
360 1985
361 394
361 716
361 816
361 926
361 1826
362 402
362 408
362 579
362 1365
362 1551
363 423
363 570
363 754
363 981
363 990
363 1003
363 1533
364 939
365 1332
365 1519
365 1529
365 1826
366 586
366 687
366 1290
366 1352
366 1952
367 454
367 478
367 596
367 788
367 1143
367 1160
367 1638
367 1765
368 727
368 929
368 1069
368 1497
368 1559
368 1920
369 753
369 943
369 1077
369 1234
369 1339
369 1365
369 1588
369 1737
370 712
370 959
370 960
370 1205
370 1757
370 1865
371 775
371 1221
371 1277
371 1603
371 1866
371 1950
372 704
372 799
372 1307
372 1477
372 1532
372 1667
373 711
373 982
373 1731
374 548
374 574
374 1013
374 1072
374 1354
374 1406
375 927
375 1065
375 1114
375 1410
375 1586
376 490
376 644
376 774
376 1017
377 636
377 1459
377 1638
377 1716
377 1757
378 436
378 1392
378 1433
378 1450
378 1455
378 1487
378 1647
379 872
379 1053
379 1095
379 1177
379 1376
379 1566
379 1773
379 1864
379 1918
380 506
380 625
380 736
380 793
380 917
380 1247
380 1636
380 1642
381 1116
381 1533
381 1593
381 1959
382 630
382 888
382 1092
382 1354
382 1643
382 1832
383 717
383 926
383 1087
383 1098
383 1737
383 1760
383 1877
384 953
384 1323
384 1363
385 405
385 441
385 456
385 1366
385 1435
385 1537
386 632
386 985
386 1071
386 1512
386 1591
386 1626
387 1039
387 1329
387 1402
388 632
388 643
388 953
388 1019
388 1215
388 1307
388 1609
388 1624
388 1641
389 409
389 441
389 760
389 786
389 816
389 1173
389 1473
389 1512
389 1854
389 1869
390 705
390 1030
390 1063
390 1175
390 1524
390 1626
391 490
391 543
391 887
391 890
391 1007
391 1206
391 1256
391 1451
391 1470
391 1699
392 677
392 1137
392 1190
392 1328
393 501
393 607
393 782
393 1336
393 1571
393 1948
393 1991
394 762
394 766
395 484
395 910
395 1041
395 1051
395 1110
395 1396
395 1454
395 1476
395 1589
395 1624
395 1703
396 820
396 1308
397 526
397 747
397 1049
397 1387
397 1398
398 687
398 795
398 1372
398 1487
398 1850
399 681
399 783
399 1168
399 1170
399 1263
400 509
400 1071
400 1401
400 1501
401 589
401 1180
401 1390
401 1706
402 448
402 452
402 692
402 714
402 739
402 789
402 877
402 880
403 580
403 804
403 1130
403 1757
403 1972
404 431
404 465
404 538
404 1532
404 1734
405 813
405 823
405 1286
405 1687
406 425
406 1265
406 1283
406 1381
406 1418
406 1433
406 1575
406 1849
407 537
407 658
407 1171
407 1679
407 1881
407 1895
409 543
409 814
409 831
409 848
409 1630
409 1870
410 760
410 815
410 900
410 928
410 960
410 1102
410 1421
411 417
411 517
411 625
411 869
411 1524
411 1947
412 587
412 638
412 752
412 757
412 841
412 1053
412 1132
412 1187
412 1345
412 1385
412 1677
412 1927
413 575
413 893
413 1064
413 1452
413 1578
414 615
414 693
414 925
414 1228
414 1275
414 1315
414 1919
415 678
415 711
415 1080
415 1297
415 1311
416 630
416 782
416 1396
416 1639
416 1660
416 1774
416 1894
417 530
417 1727
417 1808
417 1836
417 1989
418 1072
418 1103
418 1348
418 1718
418 1932
419 1052
419 1072
419 1080
419 1299
419 1426
419 1567
419 1592
420 438
420 813
420 1468
420 1755
420 1776
421 507
421 599
421 756
421 1130
421 1310
421 1372
421 1562
421 1694
421 1711
421 1851
421 1872
421 1908
421 1962
421 1981
422 837
422 1315
422 1679
422 1995
423 742
423 1396
423 1816
423 1865
424 552
424 779
424 950
424 1048
424 1207
425 533
425 662
425 832
425 894
425 958
425 1156
425 1613
425 1760
426 543
426 763
426 778
426 889
426 983
426 1152
426 1448
426 1866
426 1877
427 485
427 526
427 538
427 645
428 529
428 1198
428 1236
428 1306
428 1680
428 1691
428 1787
428 1853
428 1862
428 1899
429 617
429 751
429 884
429 1202
429 1530
429 1590
429 1671
429 1902
430 860
430 967
430 1799
430 1955
431 590
431 737
431 912
431 991
431 1715
431 1957
432 445
432 581
432 663
432 734
432 775
432 1110
432 1156
432 1198
432 1241
432 1317
432 1587
432 1729
432 1847
433 1166
433 1787
434 522
434 833
434 932
434 1155
434 1308
434 1383
434 1413
434 1509
435 615
435 1012
435 1424
435 1447
435 1514
435 1926
437 1536
437 1595
437 1633
437 1830
438 443
438 858
438 1318
438 1713
439 455
439 966
439 1028
439 1397
439 1686
439 1729
439 1828
439 1835
440 469
440 571
440 743
440 1152
440 1333
440 1438
440 1479
440 1679
441 572
441 671
441 1582
441 1707
441 1711
441 1848
442 466
442 788
442 837
442 1359
442 1374
442 1451
442 1576
442 1680
442 1702
442 1943
442 1997
443 939
443 1093
443 1203
443 1208
443 1406
443 1533
443 1945
444 507
444 525
444 579
444 806
444 1073
444 1132
444 1244
444 1603
444 1664
445 625
445 635
445 813
445 994
445 1051
445 1205
445 1223
446 491
446 544
446 754
446 1351
446 1594
446 1719
446 1728
446 1835
446 1845
446 1868
447 539
447 649
447 1128
447 1514
447 1805
448 473
448 945
448 950
448 1077
448 1225
448 1502
448 1617
448 1829
448 1924
449 1206
449 1433
450 586
450 957
450 1670
450 1751
451 609
451 618
451 680
451 689
451 1006
451 1127
451 1181
451 1818
451 1831
451 1875
452 547
452 648
452 1242
452 1267
452 1319
452 1528
452 1624
452 1808
453 695
453 1006
453 1178
453 1233
453 1606
453 1910
454 866
454 1201
454 1359
454 1435
454 1565
455 612
455 852
455 1366
455 1380
456 693
456 762
456 835
456 1162
457 612
457 1734
458 463
458 933
458 1286
458 1315
458 1414
459 1398
459 1802
459 1906
460 491
460 935
460 1668
460 1808
461 693
461 1048
461 1139
461 1392
461 1482
461 1717
462 675
462 789
462 984
462 1158
462 1553
463 564
463 738
463 1234
463 1454
463 1595
463 1687
463 1770
464 854
464 1048
464 1533
464 1534
465 586
465 711
465 770
465 1677
465 1747
466 886
466 890
466 1269
466 1344
467 927
467 928
467 1365
467 1366
467 1510
467 1513
468 885
468 1015
468 1017
468 1835
469 661
469 921
469 1202
469 1229
469 1393
469 1581
469 1608
469 1620
469 1990
470 1497
470 1523
470 1692
470 1922
471 714
471 1014
471 1202
471 1347
471 1472
471 1536
472 769
472 980
472 1019
472 1143
472 1483
472 1528
472 1581
472 1729
473 752
473 965
473 1517
473 1946
474 801
474 1145
474 1172
474 1366
474 1650
474 1772
474 1901
475 1070
475 1320
475 1329
475 1365
475 1981
476 570
476 1231
476 1456
476 1705
477 989
477 1080
478 610
478 1831
479 539
479 1073
479 1218
479 1299
479 1453
479 1558
479 1568
479 1730
480 815
480 912
480 1002
480 1291
480 1343
480 1589
481 589
481 622
481 810
481 994
481 1354
481 1369
481 1400
481 1581
481 1962
482 1079
482 1430
482 1464
482 1652
482 1680
482 1720
482 1875
483 575
483 609
483 622
483 730
483 745
483 839
483 847
483 909
483 1095
483 1218
483 1488
483 1607
483 1824
483 1886
484 536
484 838
484 854
484 1399
484 1482
484 1508
484 1609
484 1790
484 1868
485 523
485 974
485 993
485 1022
485 1866
486 750
486 767
486 1307
486 1424
486 1599
487 568
487 825
487 1509
487 1587
487 1660
487 1736
488 543
488 791
488 949
488 996
488 1234
488 1298
488 1311
488 1476
488 1486
488 1788
488 1805
488 1847
488 1966
489 498
489 932
489 1297
489 1375
489 1417
489 1682
489 1824
489 1881
490 755
490 790
490 1135
490 1295
490 1597
490 1764
490 1864
491 533
491 579
491 688
491 1733
492 779
492 837
492 938
492 1340
492 1389
492 1681
492 1750
493 765
493 830
493 858
493 961
493 1005
494 1067
494 1273
494 1328
495 847
495 1125
495 1904
496 571
496 881
496 882
496 1865
497 536
497 707
497 1053
497 1142
497 1244
497 1321
497 1405
497 1823
497 1856
498 691
498 1087
498 1188
498 1241
498 1266
498 1464
498 1476
498 1899
498 1939
499 813
500 852
501 606
501 905
501 918
501 1150
501 1717
502 751
502 849
502 1240
503 1851
504 566
504 1120
504 1205
504 1252
504 1268
504 1318
504 1567
504 1764
505 847
505 1465
505 1755
505 1815
506 689
506 878
506 965
506 1161
507 757
507 788
507 811
507 862
507 1106
507 1720
508 528
508 718
508 1014
508 1114
508 1206
508 1272
508 1501
509 906
509 968
509 1134
509 1193
509 1307
510 972
510 1026
510 1243
510 1666
510 1846
510 1906
511 594
511 923
511 955
511 1349
511 1409
511 1568
511 1617
512 540
512 786
512 949
512 985
512 1169
512 1271
512 1376
512 1383
512 1481
513 602
513 691
513 945
513 1073
513 1543
513 1747
513 1757
513 1983
514 591
514 829
514 1030
514 1306
514 1522
514 1588
515 682
515 865
515 898
515 1422
515 1558
516 773
516 809
516 891
516 1346
516 1491
516 1698
516 1788
517 689
517 905
517 986
517 1239
517 1643
517 1736
518 819
518 849
518 996
518 1182
518 1315
518 1702
518 1999
519 527
519 783
519 889
519 1102
519 1123
519 1756
519 1774
520 704
520 752
520 810
520 921
520 963
520 1107
520 1263
520 1310
520 1520
520 1974
521 530
521 1155
521 1268
521 1411
521 1937
522 1114
522 1175
522 1513
522 1688
522 1748
523 853
524 1095
524 1246
524 1255
524 1809
525 618
525 1088
525 1733
525 1761
525 1955
526 991
526 1023
526 1796
526 1867
526 1887
526 1980
527 644
527 1443
527 1518
527 1767
527 1931
528 830
528 879
528 1030
528 1231
528 1271
528 1476
528 1568
528 1858
528 1892
528 1994
529 772
529 786
529 797
529 816
529 857
529 996
529 1145
529 1311
529 1346
529 1456
529 1641
529 1680
530 719
530 855
530 1427
530 1459
530 1588
530 1650
530 1689
531 1481
532 608
532 1141
532 1205
532 1334
532 1372
533 548
533 616
533 819
533 872
533 881
533 1122
533 1262
533 1665
534 737
534 848
534 951
534 1011
534 1210
535 687
535 792
535 798
535 1066
535 1534
535 1597
535 1959
536 643
536 1919
537 1328
537 1513
537 1615
537 1717
538 694
539 1188
539 1311
539 1677
539 1712
539 1873
539 1933
540 744
540 889
540 975
540 1422
540 1532
540 1826
541 951
541 991
541 1098
541 1305
542 645
542 760
542 902
542 1081
542 1609
543 797
543 996
543 1060
543 1168
543 1329
543 1964
544 593
544 1439
545 653
545 668
545 1909
546 1120
546 1311
546 1731
547 846
547 1054
547 1809
547 1967
547 1987
548 586
548 617
548 787
548 832
548 904
548 934
548 1208
548 1331
548 1423
548 1624
548 1678
548 1702
549 876
549 1098
549 1193
549 1522
550 938
550 1065
550 1168
550 1222
551 799
551 836
551 957
551 961
551 1056
551 1545
551 1638
552 1152
552 1230
552 1793
552 1815
554 829
554 865
554 1113
554 1219
554 1381
554 1746
554 1827
555 1054
555 1244
555 1781
555 1815
556 716
556 1114
556 1149
556 1414
556 1546
557 568
557 1700
557 1754
558 698
558 815
558 1100
558 1190
558 1223
558 1548
559 854
559 873
559 1126
559 1250
559 1337
559 1904
560 975
560 1306
560 1352
560 1605
560 1705
560 1960
561 870
561 917
561 1069
561 1100
561 1165
561 1199
561 1211
561 1256
561 1357
561 1697
561 1972
562 1178
562 1499
562 1576
563 1240
563 1549
563 1574
563 1627
564 1096
564 1474
564 1830
565 949
565 1050
565 1200
565 1622
565 1900
566 939
566 1135
566 1933
566 1999
567 776
567 1243
567 1461
567 1870
568 1595
569 1058
569 1644
569 1838
570 1825
570 1840
570 1856
571 989
571 1444
572 813
572 1178
574 1352
574 1642
574 1691
574 1894
576 765
576 899
576 999
576 1341
576 1836
577 1124
577 1491
577 1642
578 586
578 643
578 1022
578 1284
578 1368
578 1400
578 1532
579 992
579 1178
579 1221
580 623
580 882
580 1023
580 1290
580 1326
581 761
581 762
581 1869
581 1875
581 1940
582 674
582 1104
582 1571
582 1829
582 1884
583 772
583 869
583 1592
583 1737
583 1918
584 612
584 785
584 991
584 1045
584 1814
584 1962
585 601
585 1112
585 1172
585 1846
585 1912
586 1004
586 1114
586 1815
587 895
587 1293
587 1426
587 1543
587 1715
588 619
588 1148
589 804
589 1449
589 1764
589 1979
590 688
590 1103
590 1686
590 1971
591 703
591 1166
591 1225
591 1393
591 1453
591 1846
592 803
592 873
592 1796
593 828
593 1128
593 1637
593 1744
594 858
594 985
594 1818
594 1995
595 602
595 1437
595 1530
595 1541
595 1649
596 690
596 694
596 783
596 1325
596 1490
596 1830
597 787
597 1029
597 1209
597 1519
597 1732
597 1993
598 867
598 986
598 1011
598 1753
598 1984
599 681
599 1500
599 1691
599 1873
599 1948
600 966
600 1039
600 1611
600 1750
600 1831
600 1882
601 1467
602 619
602 647
602 699
602 702
602 909
602 1102
602 1346
602 1855
603 852
603 1003
603 1270
603 1401
603 1591
603 1915
604 741
604 885
604 1490
604 1571
604 1636
605 743
605 873
605 1060
605 1428
605 1476
605 1705
606 979
606 1278
606 1798
607 781
607 850
607 909
607 1058
607 1482
607 1816
608 815
608 1337
608 1486
608 1588
608 1892
609 758
609 1607
610 678
610 798
610 1800
611 1107
611 1350
611 1355
611 1475
611 1885
612 1098
612 1595
612 1697
612 1728
612 1865
612 2000
613 623
613 630
613 726
613 940
613 1052
613 1061
613 1382
613 1991
614 843
614 1049
614 1261
614 1593
614 1699
615 937
615 1366
615 1448
615 1472
615 1573
615 1840
616 1017
616 1206
616 1546
616 1895
616 1896
617 965
617 970
617 1355
617 1531
617 1540
617 1602
618 948
618 1739
619 745
619 813
619 964
619 1182
619 1389
619 1519
619 1585
620 959
620 1327
620 1463
620 1470
621 1286
621 1361
621 1562
621 1729
621 1829
622 883
622 1001
622 1801
623 816
623 1426
623 1860
624 1410
625 1325
626 1010
626 1271
626 1297
626 1453
626 1465
626 1678
627 725
627 1681
627 1694
628 707
628 919
628 965
628 1025
628 1803
628 1893
628 1942
628 1949
629 1376
629 1527
629 1675
630 878
630 1181
630 1552
630 1887
630 1948
631 683
631 1231
631 1373
631 1618
631 1836
631 1879
632 641
632 1039
632 1086
632 1241
632 1563
632 1905
632 1929
633 660
633 679
633 1812
634 812
634 1010
634 1286
634 1431
634 1473
635 832
635 845
635 926
635 1012
635 1131
635 1473
635 1647
635 1990
636 788
636 845
636 1096
636 1483
636 1694
636 1826
636 1949
637 718
637 811
637 827
637 879
637 903
637 1370
638 849
638 895
638 1152
638 1638
639 919
639 956
639 1350
640 673
640 695
640 747
640 1781
641 1059
641 1078
641 1776
642 1377
642 1635
642 1839
643 1551
643 1655
643 1978
644 1072
644 1131
644 1997
645 706
645 1108
645 1406
645 1540
645 1921
646 892
646 1760
646 1782
647 864
647 934
647 1499
647 1531
647 1741
647 1956
648 667
648 866
648 1418
648 1628
650 1416
651 972
651 1455
651 1910
651 1963
652 937
652 991
652 1133
652 1333
652 1440
652 1598
652 1918
653 939
653 975
653 1477
653 1516
653 1621
653 1944
654 1923
655 976
655 1019
655 1233
655 1881
656 1209
656 1522
656 1700
656 1701
656 1832
657 867
657 1245
657 1301
657 1515
657 1633
657 1782
658 1187
658 1534
658 1780
659 944
659 1135
660 1027
660 1303
660 1593
660 1790
661 906
661 991
661 1396
661 1447
661 1893
661 1976
662 675
662 849
662 1107
662 1272
662 1509
662 1639
662 1892
663 1082
663 1291
663 1296
663 1319
663 1769
664 1167
664 1228
664 1391
664 1580
664 1835
665 827
665 1103
666 1218
666 1598
666 1973
667 888
667 1144
667 1895
668 886
668 1070
668 1255
668 1583
668 1661
669 927
669 1195
669 1921
670 907
670 1119
670 1217
670 1218
670 1854
671 1070
671 1461
672 691
672 943
672 1038
672 1474
672 1864
673 1007
673 1513
673 1547
674 764
674 792
674 1017
674 1375
674 1624
674 1902
675 679
675 1025
675 1425
675 1699
676 689
676 1644
676 1682
677 1010
677 1053
677 1167
677 1417
677 1662
678 884
678 1390
678 1648
679 772
679 846
679 995
679 1237
679 1893
679 1907
680 974
681 928
681 1610
681 1714
682 1084
682 1316
682 1454
682 1512
682 1670
682 1750
682 1872
683 785
683 993
683 1205
683 1778
683 1895
684 1484
684 1534
685 820
685 1582
685 1891
685 1941
686 748
686 759
686 884
686 1228
686 1239
686 1401
686 1423
686 1425
686 1808
687 964
687 1121
687 1151
687 1210
687 1223
687 1569
688 709
688 1173
688 1645
689 846
689 1211
689 1697
690 824
690 1665
691 869
691 1243
691 1451
691 1622
691 1844
691 1948
691 1963
692 820
692 905
692 1143
692 1325
692 1577
692 1617
693 793
693 1369
693 1770
693 1808
693 1939
694 817
694 872
694 892
694 902
695 1577
696 859
696 977
696 979
696 1099
696 1258
696 1310
696 1452
696 1554
696 1764
696 1840
697 840
697 1141
697 1209
697 1211
697 1415
697 1426
697 1437
697 1511
697 1584
697 1674
697 1770
698 755
698 1203
698 1449
698 1936
699 968
699 1168
699 1485
699 1535
700 1236
701 740
701 879
701 1099
701 1188
701 1653
701 1686
702 1173
702 1726
703 986
703 988
704 823
704 879
704 894
704 1159
704 1176
704 1655
704 1731
705 1006
705 1203
705 1213
705 1517
705 1869
705 1980
706 734
706 807
706 1025
706 1072
706 1149
706 1223
706 1286
706 1289
706 1957
707 927
707 1138
707 1346
707 1381
707 1837
708 1012
708 1514
708 1580
708 1749
709 1249
709 1378
709 1519
709 1937
710 1183
710 1945
710 1977
711 877
711 1405
711 1550
711 1808
711 1917
711 1925
712 764
712 1188
712 1233
712 1539
712 1565
712 1857
713 1073
713 1808
713 1881
713 1907
714 906
714 970
714 1395
714 1854
715 833
715 867
715 949
715 1417
715 1605
716 974
716 1021
716 1067
716 1101
716 1814
717 1000
717 1064
717 1322
717 1791
717 1813
717 1890
718 1210
718 1336
718 1393
718 1629
718 1739
719 988
719 1929
719 1932
719 1977
720 785
720 828
720 1240
720 1359
721 799
721 1542
721 1615
722 796
722 884
722 1120
722 1191
722 1688
723 750
723 852
723 1331
723 1796
724 962
724 1130
724 1139
724 1200
724 1214
724 1215
724 1314
724 1765
725 726
725 996
725 1317
725 1423
725 1473
725 1575
725 1993
726 748
726 985
726 1154
726 1770
726 1816
727 1465
727 1651
727 1876
727 1999
728 857
728 1155
728 1167
728 1252
728 1508
728 1527
728 1562
728 1717
728 1774
729 1111
729 1174
729 1253
729 1378
730 789
730 1970
731 1334
731 1491
731 1742
731 1976
732 1257
732 1603
732 1651
732 1911
732 1933
733 780
733 901
733 1004
733 1251
733 1369
733 1782
733 1932
734 849
734 889
734 1970
735 1264
735 1383
735 1707
735 1922
736 1012
736 1339
736 1443
737 878
737 904
737 928
737 1162
737 1857
738 1259
738 1739
739 1011
739 1223
739 1563
739 1818
740 1101
740 1538
740 1626
740 1833
740 1920
741 1152
741 1171
741 1611
741 1715
741 1778
742 766
742 775
742 1377
742 1528
742 1698
742 1762
743 940
743 1124
743 1291
743 1656
743 1875
744 890
744 1306
745 1415
746 774
746 919
746 939
746 1350
746 1603
747 1057
747 1249
747 1547
747 1549
747 1589
748 1277
748 1535
748 1868
749 1019
749 1122
749 1236
749 1612
749 1651
749 1748
750 1025
750 1134
750 1231
750 1744
751 865
751 1057
751 1070
751 1373
751 1561
751 1756
751 1790
751 1791
751 1798
751 1857
752 802
752 948
752 1043
752 1259
752 1442
752 1472
752 1519
753 1112
753 1648
753 1766
753 1890
754 1064
754 1344
754 1500
754 1933
755 875
755 1038
755 1205
755 1345
755 1546
755 1978
756 1419
756 1475
756 1940
756 1966
757 1059
757 1298
757 1563
757 1983
758 920
758 1363
758 1798
758 1903
759 877
759 1204
759 1508
760 790
760 1432
760 1448
760 1613
761 1058
761 1438
761 1446
761 1722
761 1928
762 1197
762 1280
762 1371
762 1518
762 1960
763 837
763 1139
763 1222
763 1437
763 1545
763 1553
763 1653
763 1696
763 1710
763 1813
763 1982
764 841
764 1112
764 1214
764 1269
764 1321
764 1403
764 1536
765 833
765 896
765 1062
765 1070
765 1188
765 1443
765 1669
765 1700
766 842
766 1354
766 1389
766 1684
767 1186
767 1440
767 1838
768 1736
769 993
769 1027
769 1361
769 1639
770 1298
770 1775
770 1880
771 1627
771 1884
772 966
772 1033
772 1041
772 1358
772 1704
772 1845
772 1987
773 828
773 1837
774 1120
774 1222
774 1294
774 1524
774 1620
775 1086
775 1291
776 825
776 848
776 934
776 1133
776 1302
776 1574
776 1610
776 1618
776 1860
776 1957
777 1097
777 1715
777 1948
778 893
778 994
778 1342
778 1890
779 875
779 1393
779 1795
780 1507
780 1651
780 1836
781 892
781 1534
781 1754
781 1837
781 1845
782 848
782 1057
782 1126
783 964
783 1178
783 1275
783 1493
783 1534
784 905
784 1031
784 1399
784 1516
785 1044
785 1205
785 1429
785 1494
785 1588
785 1711
786 1274
786 1376
787 818
787 974
787 1942
788 868
788 1414
788 1482
788 1860
789 808
789 951
789 1070
789 1489
790 1610
791 886
791 928
791 934
791 1456
791 1765
792 890
792 1162
792 1450
793 1353
793 1408
793 1738
793 1895
793 1917
794 1183
794 1230
795 974
795 1727
795 1736
795 1948
796 850
796 1061
796 1076
796 1492
797 812
797 845
797 1077
797 1439
798 1646
798 1871
799 1670
799 1751
799 1784
800 964
800 1125
800 1323
800 1372
800 1553
800 1965
801 861
801 886
801 1047
801 1227
801 1245
801 1587
802 1200
802 1230
802 1257
802 1319
803 898
803 1076
803 1242
803 1325
803 1816
803 1879
804 936
804 1155
804 1182
804 1378
804 1794
804 1916
805 985
805 998
805 1168
806 869
806 1536
806 1854
806 1959
807 935
807 1084
807 1131
807 1893
808 993
808 1509
808 1618
808 1930
809 1240
809 1448
809 1467
809 1799
810 830
810 1514
810 1961
811 1666
812 902
812 1111
812 1702
812 1903
813 969
813 1031
813 1244
813 1360
813 1406
814 1375
815 1453
815 1843
816 918
816 1135
816 1529
817 1110
817 1292
817 1484
817 1731
817 1744
818 847
818 853
818 1261
818 1639
818 1663
818 1716
819 914
819 986
819 1189
819 1193
819 1417
819 1943
820 966
820 1216
820 1591
820 1780
821 1020
821 1041
821 1349
822 957
822 977
822 1055
822 1140
822 1156
823 1187
823 1261
823 1520
823 1706
823 1832
824 1178
824 1223
824 1264
824 1436
824 1480
824 1666
824 1697
824 1709
825 963
825 1244
825 1328
825 1393
825 1483
825 1691
825 1835
825 1997
826 1299
827 939
827 972
827 1090
827 1365
828 1131
828 1199
828 1440
828 1547
828 1563
829 922
829 1615
829 1892
830 901
830 969
830 1518
830 1530
830 1944
831 880
831 1101
831 1325
831 1351
831 1881
832 1322
832 1979
832 1982
833 1016
833 1042
833 1660
834 1140
834 1246
835 1804
836 1210
836 1673
836 1934
837 1085
837 1157
837 1952
838 1153
838 1604
838 1845
839 1441
840 847
840 928
840 1636
840 1971
841 855
841 883
841 1270
841 1476
841 1891
842 1678
842 1680
843 1187
843 1450
843 1698
844 877
844 1089
844 1169
844 1598
844 1633
844 1668
844 1819
845 1167
845 1301
845 1528
845 1697
846 1661
846 1744
846 1829
846 1921
847 1641
847 1667
847 1899
847 1938
848 1114
848 1453
848 1493
848 1710
848 1778
849 859
849 871
849 1183
849 1367
849 1557
849 1699
849 1835
850 1062
850 1886
850 1895
851 937
851 954
851 1000
851 1100
851 1339
851 1688
851 1862
851 1866
852 1113
852 1392
852 1477
852 1530
852 1625
852 1686
852 1882
853 1319
853 1780
853 1797
853 1815
854 990
854 1894
854 1951
855 895
855 938
855 975
855 999
855 1089
855 1261
855 1640
855 1657
855 1721
855 1796
855 1893
856 947
856 1474
857 1024
857 1946
858 1215
858 1452
858 1788
858 1839
858 1840
859 1266
859 1318
859 1587
860 904
860 958
860 979
860 1089
860 1093
860 1844
860 1889
861 1235
861 1546
861 1808
862 1305
862 1531
862 1811
862 1890
863 975
863 1193
863 1243
863 1516
863 1858
864 952
864 1721
864 1944
864 1993
865 877
865 1489
865 1513
865 1734
865 1878
866 1010
866 1485
867 904
867 1163
867 1567
867 1891
867 1973
868 960
868 965
868 1142
868 1163
868 1897
869 1205
869 1776
869 1877
870 1256
871 972
871 1516
872 1112
872 1250
872 1275
872 1489
872 1515
873 1236
873 1549
873 1580
873 1622
873 1772
873 1971
874 1452
874 1491
874 1668
874 1962
875 1382
875 1409
875 1534
875 1805
876 1290
876 1678
876 1869
877 1034
877 1734
877 1789
878 1188
878 1200
878 1474
878 1665
878 1683
878 1973
879 1013
879 1493
879 1896
879 1903
880 1531
880 1682
880 1888
881 1581
881 1598
881 1750
881 1810
882 1170
882 1490
882 1790
882 1889
882 1999
883 1300
883 1450
883 1524
884 1133
884 1134
884 1162
884 1195
884 1594
884 1649
884 1992
885 923
885 925
885 1981
886 1511
886 1819
886 1863
886 1879
886 1901
886 1951
886 1958
887 948
887 1008
887 1174
887 1710
887 1770
888 936
888 1142
888 1580
889 1588
890 1129
890 1734
890 1906
891 1117
891 1483
892 960
892 1406
892 1420
892 1576
892 1614
892 1692
893 1126
893 1492
894 1161
894 1262
894 1286
894 1333
894 1469
894 1644
895 957
895 990
895 1091
895 1502
895 1815
895 1989
896 1221
896 1383
896 1871
896 1955
897 1075
897 1112
897 1333
897 1399
897 1402
897 1629
898 1115
898 1237
898 1326
898 1451
899 1022
899 1071
899 1126
899 1560
899 1605
900 902
900 1481
900 1899
901 1198
901 1636
901 1879
901 1940
902 1053
902 1739
903 1359
904 1360
905 1015
905 1050
905 1116
905 1171
905 1264
905 1570
905 1586
905 1971
906 940
906 1165
906 1290
906 1580
906 1706
906 1850
906 1993
907 1165
907 1181
907 1328
907 1408
907 1623
908 986
908 1351
908 1559
908 1891
908 1983
909 942
909 1223
909 1945
910 1513
911 1077
911 1344
911 1639
911 1708
911 1713
912 1033
913 917
913 1088
913 1106
913 1203
913 1255
913 1433
913 1685
914 1234
914 1742
914 1952
915 1018
915 1132
915 1348
915 1549
916 1005
916 1069
916 1175
916 1236
916 1665
916 1788
916 1846
916 1862
917 1324
917 1992
918 983
918 1287
918 1925
918 1945
919 1011
919 1075
919 1312
919 1352
919 1573
919 1607
919 1951
920 975
920 1202
920 1255
921 980
921 1214
921 1267
921 1339
922 1645
922 1861
922 1940
923 1959
924 1524
924 1527
924 1863
925 1296
925 1395
925 1976
926 964
926 979
926 1804
926 1908
927 1117
927 1725
928 1091
928 1840
929 1108
929 1317
929 1502
929 1634
929 1926
930 1095
930 1172
930 1825
931 1145
931 1608
931 1742
932 1097
932 1112
932 1205
932 1246
932 1307
933 960
933 1389
933 1761
934 1549
935 1478
935 1834
936 1009
936 1584
936 1628
936 1684
936 1914
937 1169
938 1681
938 1766
938 1831
939 1462
939 1685
939 1879
939 1921
940 1424
941 1432
941 1466
941 1687
942 1158
943 1308
943 1864
944 1516
944 1660
945 1188
945 1306
945 1429
946 1259
946 1315
946 1505
946 1852
947 1272
947 1295
947 1602
948 1415
948 1442
948 1970
949 1613
950 1051
950 1111
950 1242
950 1513
950 1539
950 1675
951 955
951 1152
951 1978
952 1476
952 1555
952 1870
953 1231
953 1512
953 1615
953 1654
953 1850
953 1892
954 956
954 1077
954 1382
954 1494
954 1550
954 1636
954 1892
955 995
955 1139
955 1144
955 1187
955 1456
955 1547
955 1894
956 1308
956 1580
957 1018
957 1164
957 1778
958 1090
958 1339
958 1676
959 1130
959 1365
959 1412
959 1570
959 1852
959 1931
959 1959
960 977
960 1199
960 1955
961 1278
961 1658
961 1924
962 1815
963 1167
963 1969
963 1974
964 1024
964 1542
964 1655
964 1797
964 1910
965 1188
965 1849
966 1176
966 1547
966 1915
967 1082
967 1492
967 1788
967 1843
968 1883
968 1905
969 1335
969 1581
969 1723
969 1849
970 1264
970 1601
970 1763
970 1824
971 1382
971 1418
972 1156
972 1186
972 1217
972 1254
972 1372
972 1582
972 1936
972 1967
973 1201
973 1638
973 1840
973 1862
974 1144
974 1957
976 1254
976 1370
976 1491
976 1665
976 1766
976 1835
977 1167
977 1451
978 1144
978 1439
978 1545
979 1142
979 1257
979 1395
979 1876
980 1105
980 1162
980 1862
981 1070
982 1100
982 1209
982 1377
982 1507
982 1933
982 1956
983 1027
983 1507
983 1597
983 1639
983 1916
984 1015
984 1031
984 1311
984 1386
984 1518
984 1575
984 1672
984 1984
985 1512
985 1652
986 1479
986 1517
986 1670
986 1904
986 1946
987 1276
987 1478
988 1142
988 1213
988 1460
988 1604
988 1938
988 1961
989 1000
989 1638
990 1618
991 1085
991 1281
991 1813
991 1964
992 1430
992 1465
993 1016
994 1467
994 1472
994 1548
994 1638
995 1084
995 1351
995 1380
995 1703
996 1255
996 1530
996 1753
997 1016
997 1173
997 1239
997 1297
997 1425
997 1515
998 1119
998 1153
998 1404
998 1542
998 1921
998 1954
999 1091
999 1233
999 1973
1000 1203
1000 1243
1000 1635
1000 1673
1000 1890
1001 1035
1001 1465
1001 1629
1001 1808
1001 1879
1002 1549
1002 1838
1002 1855
1002 1987
1003 1020
1003 1028
1003 1432
1003 1581
1003 1649
1004 1032
1004 1066
1004 1108
1004 1571
1004 1639
1005 1074
1005 1136
1005 1436
1005 1708
1006 1153
1006 1266
1006 1282
1006 1976
1007 1402
1007 1603
1007 1799
1008 1460
1008 1615
1009 1098
1009 1146
1009 1878
1009 1979
1010 1023
1010 1207
1010 1368
1010 1770
1010 1773
1011 1271
1011 1277
1012 1110
1013 1243
1013 1369
1013 1616
1013 1974
1014 1512
1014 1748
1014 1840
1014 1991
1016 1083
1016 1107
1016 1261
1016 1449
1016 1961
1017 1598
1017 1646
1017 1980
1018 1440
1018 1485
1018 1984
1019 1085
1019 1156
1019 1637
1019 1750
1020 1135
1020 1263
1020 1515
1020 1693
1021 1032
1021 1478
1021 1649
1021 1739
1021 1908
1022 1048
1022 1054
1022 1071
1022 1198
1022 1519
1022 1843
1022 1852
1023 1152
1023 1262
1023 1281
1023 1495
1023 1706
1023 1835
1023 1869
1024 1592
1024 1635
1024 1834
1025 1742
1025 1864
1026 1617
1027 1289
1027 1501
1027 1911
1028 1194
1028 1709
1029 1042
1029 1709
1029 1733
1029 1762
1030 1559
1030 1884
1030 1957
1031 1390
1031 1647
1031 1765
1032 1353
1032 1383
1032 1566
1033 1173
1033 1306
1033 1507
1034 1835
1034 1960
1036 1657
1036 1727
1037 1179
1037 1484
1037 1608
1037 1731
1038 1165
1038 1182
1038 1249
1038 1352
1039 1416
1039 1444
1039 1728
1039 1836
1039 1948
1040 1063
1041 1179
1041 1679
1041 1735
1042 1110
1042 1162
1042 1228
1042 1290
1042 1411
1042 1844
1043 1236
1043 1515
1043 1591
1043 1604
1043 1605
1044 1159
1044 1507
1044 1801
1044 1960
1044 1969
1045 1319
1045 1813
1046 1233
1046 1889
1047 1074
1047 1111
1047 1123
1047 1158
1047 1267
1047 1372
1047 1628
1047 1732
1047 1967
1048 1729
1049 1456
1050 1736
1050 1862
1050 1971
1051 1256
1051 1512
1051 1942
1052 1366
1052 1888
1053 1111
1053 1157
1053 1241
1053 1523
1053 1553
1053 1634
1054 1435
1055 1064
1055 1472
1055 1991
1056 1108
1056 1174
1056 1630
1056 1844
1057 1433
1057 1447
1057 1493
1057 1722
1057 1731
1057 1811
1058 1093
1058 1136
1058 1348
1058 1805
1059 1493
1059 1520
1059 1649
1059 1661
1059 1857
1060 1125
1060 1142
1061 1576
1062 1303
1062 1439
1062 1924
1063 1082
1063 1469
1063 1494
1063 1512
1063 1740
1063 1797
1064 1137
1064 1202
1064 1622
1064 1777
1064 1906
1065 1636
1065 1681
1065 1826
1066 1211
1066 1325
1066 1472
1067 1708
1068 1332
1068 1638
1068 1811
1069 1476
1069 1532
1069 1895
1069 1932
1070 1356
1070 1725
1071 1398
1071 1474
1071 1746
1072 1106
1072 1470
1073 1487
1073 1942
1074 1600
1075 1305
1075 1441
1075 1659
1075 1736
1075 1947
1076 1366
1076 1578
1076 1706
1076 1973
1077 1105
1077 1516
1077 1620
1078 1395
1078 1679
1078 1975
1079 1724
1079 1736
1079 1885
1079 1929
1079 1957
1081 1402
1082 1735
1083 1631
1084 1106
1084 1127
1084 1524
1084 1694
1084 1718
1085 1974
1086 1227
1086 1362
1086 1912
1087 1337
1087 1667
1088 1141
1088 1356
1088 1910
1089 1373
1089 1463
1089 1803
1090 1152
1090 1318
1090 1463
1090 1839
1090 1876
1091 1163
1091 1236
1091 1486
1091 1521
1091 1921
1092 1326
1092 1365
1092 1641
1093 1155
1093 1372
1093 1859
1094 1898
1095 1166
1095 1240
1095 1368
1095 1507
1095 1822
1096 1164
1097 1591
1098 1827
1099 1338
1099 1345
1099 1508
1099 1914
1100 1496
1100 1554
1100 1573
1100 1580
1100 1625
1100 1652
1100 1653
1101 1149
1101 1256
1101 1316
1101 1334
1101 1838
1102 1417
1102 1522
1102 1538
1103 1272
1103 1284
1103 1691
1104 1627
1104 1743
1104 1827
1105 1132
1105 1366
1105 1806
1105 1885
1106 1132
1106 1879
1106 1956
1107 1591
1107 1601
1108 1466
1108 1728
1108 1782
1109 1258
1109 1660
1109 1662
1109 1778
1110 1263
1110 1289
1110 1803
1110 1993
1111 1206
1111 1367
1111 1396
1111 1637
1112 1392
1112 1724
1112 1869
1113 1662
1113 1717
1113 1934
1113 1975
1114 1172
1114 1351
1114 1611
1114 1784
1115 1258
1115 1702
1115 1930
1116 1286
1116 1357
1116 1507
1116 1586
1116 1919
1117 1236
1117 1758
1118 1236
1118 1570
1118 1762
1118 1893
1119 1306
1119 1398
1119 1642
1120 1335
1120 1433
1120 1878
1121 1697
1121 1969
1122 1996
1123 1218
1123 1393
1123 1416
1123 1578
1123 1728
1123 1769
1123 1783
1124 1323
1124 1431
1124 1565
1124 1672
1124 1767
1124 1995
1125 1634
1125 1800
1126 1355
1126 1397
1126 1453
1126 1617
1126 1693
1126 1792
1127 1255
1127 1541
1127 1645
1127 1856
1128 1247
1128 1320
1128 1656
1128 1972
1129 1471
1129 1866
1129 1924
1130 1239
1130 1371
1130 1580
1131 1744
1132 1530
1132 1704
1133 1813
1133 1817
1134 1150
1134 1497
1134 1636
1134 1849
1135 1406
1135 1772
1135 1874
1136 1552
1136 1625
1136 1753
1136 1984
1137 1297
1137 1349
1137 1363
1137 1451
1137 1589
1137 1811
1138 1278
1138 1295
1138 1344
1138 1557
1138 1797
1139 1610
1139 1711
1139 1935
1139 1937
1140 1588
1141 1166
1141 1273
1141 1431
1141 1753
1141 1875
1141 1890
1142 1239
1142 1312
1142 1360
1142 1432
1142 1439
1142 1460
1142 1536
1143 1198
1143 1513
1143 1582
1143 1739
1143 1783
1144 1632
1144 1811
1145 1158
1145 1542
1145 1800
1145 1960
1146 1399
1146 1995
1147 1575
1147 1731
1147 1845
1148 1355
1148 1362
1148 1496
1148 1505
1148 1647
1149 1256
1149 1417
1149 1587
1149 1808
1150 1693
1150 1910
1151 1629
1152 1915
1153 1356
1153 1380
1153 1651
1154 1226
1154 1234
1154 1267
1154 1386
1155 1473
1155 1621
1155 1804
1156 1501
1156 1553
1156 1580
1156 1875
1156 1966
1157 1867
1157 1943
1158 1514
1160 1297
1160 1329
1160 1637
1160 1762
1161 1669
1161 1773
1162 1556
1162 1877
1163 1303
1163 1988
1163 1998
1164 1998
1165 1654
1165 1885
1166 1403
1166 1822
1166 1974
1167 1616
1167 1701
1167 1741
1168 1407
1168 1772
1168 1848
1168 2000
1169 1416
1170 1361
1170 1384
1170 1786
1171 1267
1171 1274
1171 1414
1171 1507
1171 1663
1172 1504
1172 1995
1173 1309
1174 1711
1174 1779
1175 1756
1176 1674
1176 1962
1177 1197
1177 1355
1177 1384
1178 1804
1178 1984
1179 1323
1179 1327
1179 1431
1179 1536
1179 1634
1179 1685
1179 1700
1179 1708
1179 1757
1180 1562
1180 1889
1180 1916
1180 1979
1181 1491
1181 1744
1181 1915
1182 1266
1182 1458
1182 1517
1182 1821
1183 1248
1183 1440
1184 1875
1184 1987
1185 1585
1185 1688
1185 1735
1185 1753
1185 1821
1186 1233
1186 1616
1186 1816
1186 1881
1187 1593
1187 1633
1187 1962
1188 1254
1189 1398
1189 1580
1189 1651
1189 1963
1190 1361
1190 1483
1190 1642
1191 1280
1191 1353
1191 1693
1192 1277
1192 1322
1192 1859
1192 1911
1192 1920
1193 1803
1194 1772
1194 1853
1194 1979
1195 1827
1196 1319
1196 1538
1197 1915
1198 1386
1199 1551
1199 1689
1199 1949
1199 1995
1200 1409
1200 1431
1200 1770
1200 1922
1201 1334
1201 1707
1201 1897
1202 1529
1202 1715
1202 1841
1202 1971
1203 1234
1203 1249
1203 1854
1204 1279
1204 1674
1204 1681
1204 1793
1206 1318
1206 1854
1206 1961
1207 1580
1207 1724
1207 1742
1207 1806
1207 1933
1207 1960
1208 1299
1209 1517
1209 1728
1209 1939
1210 1607
1210 1713
1211 1925
1212 1324
1212 1445
1214 1302
1214 1518
1215 1542
1215 1965
1216 1998
1217 1454
1217 1651
1217 1791
1218 1461
1219 1221
1219 1446
1219 1482
1219 1652
1220 1288
1220 1404
1220 1573
1220 1738
1220 1912
1221 1376
1221 1663
1222 1311
1222 1430
1222 1732
1222 1742
1223 1605
1223 1969
1224 1482
1224 1517
1224 1643
1225 1317
1225 1399
1225 1422
1225 1425
1225 1552
1225 1658
1227 1324
1227 1581
1227 1802
1228 1368
1228 1501
1228 1754
1229 1453
1229 1606
1229 1698
1229 2000
1230 1270
1230 1369
1230 1834
1230 1907
1230 1958
1230 1959
1231 1487
1231 1808
1231 1875
1231 1925
1232 1819
1233 1235
1233 1346
1233 1804
1234 1994
1235 1719
1236 1678
1236 1857
1237 1376
1238 1969
1239 1563
1239 1579
1239 1881
1240 1247
1240 1334
1240 1431
1240 1559
1240 1563
1240 1635
1241 1282
1241 1425
1241 1685
1242 1439
1243 1336
1243 1559
1243 1978
1244 1799
1244 1843
1245 1544
1246 1630
1247 1328
1247 1330
1247 1458
1247 1634
1247 1795
1247 1961
1248 1335
1248 1540
1249 1634
1249 1718
1249 1952
1250 1547
1251 1351
1251 1394
1251 1714
1251 1816
1251 1842
1252 1335
1252 1342
1253 1593
1254 1878
1254 1972
1254 1993
1255 1794
1255 1871
1256 1776
1256 1987
1257 1295
1258 1270
1258 1659
1258 1842
1258 1848
1259 1303
1259 1441
1259 1702
1259 1706
1259 1708
1259 1769
1259 1777
1260 1864
1260 1986
1261 1330
1261 1806
1262 1366
1262 1978
1263 1269
1263 1510
1263 1575
1263 1734
1263 1749
1263 1916
1263 1946
1264 1294
1264 1324
1264 1484
1264 1600
1264 1619
1264 1688
1264 1692
1264 1918
1265 1316
1265 1578
1265 1667
1265 1712
1265 1970
1266 1295
1266 1423
1266 1522
1266 1734
1266 1855
1267 1433
1267 1501
1267 1553
1267 1924
1268 1497
1268 1663
1268 1732
1268 1868
1268 1937
1268 1982
1268 1988
1269 1788
1269 1960
1270 1371
1270 1621
1270 1812
1271 1451
1271 1624
1271 1649
1272 1293
1272 1408
1272 1823
1272 1984
1273 1465
1273 1715
1273 1806
1274 1629
1275 1383
1275 1949
1276 1321
1277 1543
1277 1730
1278 1547
1278 1803
1279 1824
1280 1493
1281 1393
1282 1750
1282 1780
1283 1395
1283 1512
1283 1525
1284 1407
1284 1774
1284 1853
1285 1490
1285 1979
1287 1368
1287 1599
1287 1815
1288 1467
1288 1539
1288 1789
1288 1992
1289 1990
1290 1396
1290 1768
1290 1977
1291 1780
1292 1376
1292 1494
1292 1886
1293 1414
1294 1378
1295 1955
1295 1977
1296 1698
1298 1328
1298 1416
1298 1530
1299 1616
1299 1632
1300 1355
1300 1412
1300 1417
1300 1762
1301 1322
1301 1593
1301 1644
1301 1743
1302 1572
1302 1684
1302 1801
1302 1860
1303 1567
1303 1659
1303 1734
1303 1735
1304 1737
1305 1822
1305 1868
1306 1714
1307 1331
1307 1492
1307 1634
1307 1680
1307 1683
1307 1703
1307 1738
1308 1429
1308 1452
1308 1639
1308 1707
1308 1947
1309 1996
1310 1651
1310 1809
1311 1353
1311 1410
1311 1779
1312 1552
1313 1443
1313 1545
1314 1467
1314 1576
1314 1953
1315 1317
1315 1812
1315 1830
1316 1946
1317 1613
1318 1779
1319 1408
1319 1454
1319 1607
1319 1687
1320 1869
1320 1884
1323 1613
1323 1695
1323 1715
1323 1822
1324 1347
1324 1563
1324 1702
1324 1780
1324 1910
1324 1917
1325 1587
1325 1624
1326 1372
1326 1471
1326 1657
1326 1795
1328 1383
1328 1782
1329 1696
1330 1645
1331 1401
1332 1668
1333 1450
1334 1930
1334 1956
1335 1370
1335 1994
1336 1382
1336 1998
1337 1553
1337 1582
1337 1959
1340 1933
1340 1957
1340 1987
1341 1619
1341 1730
1342 1658
1343 1429
1343 1628
1344 1388
1344 1635
1344 1669
1345 1721
1345 1744
1345 1862
1345 1890
1345 1926
1346 1411
1346 1642
1346 1939
1347 1398
1347 1446
1347 1492
1349 1590
1350 1698
1351 1479
1351 1608
1351 1623
1351 1760
1352 1539
1352 1865
1354 1386
1354 1641
1355 1465
1355 1684
1355 1780
1355 1803
1355 1943
1356 1801
1356 1843
1357 1496
1358 1685
1358 1761
1358 1784
1359 1873
1360 1518
1360 1618
1360 1829
1361 1759
1361 1932
1362 1477
1362 1494
1362 1861
1362 1914
1363 1583
1364 1406
1364 1730
1365 1955
1367 1421
1367 1586
1367 1800
1369 1615
1370 1790
1370 1911
1371 1453
1371 1481
1371 1709
1372 1461
1372 1466
1373 1873
1374 1781
1374 1786
1374 1876
1375 1557
1375 1743
1376 1495
1377 1925
1378 1623
1378 1754
1379 1439
1379 1530
1379 1547
1379 1956
1380 1762
1381 1534
1381 1979
1382 1934
1383 1387
1383 1454
1384 1551
1385 1848
1385 1962
1387 1596
1387 1772
1388 1414
1389 1609
1389 1741
1390 1838
1390 1857
1391 1635
1391 1728
1391 1841
1392 1442
1392 1862
1392 1918
1393 1433
1393 1749
1393 1941
1395 1659
1395 1776
1395 1799
1396 1575
1396 1692
1396 1765
1397 1636
1397 1696
1397 1984
1399 1887
1399 1889
1399 1947
1400 1427
1400 1544
1400 1652
1400 1892
1400 1912
1400 1948
1401 1539
1401 1603
1402 1572
1402 1890
1403 1688
1403 1879
1405 1760
1405 1824
1406 1838
1407 1751
1408 1459
1408 1586
1408 1767
1409 1541
1411 1568
1412 1575
1412 1809
1412 1855
1413 1742
1413 1786
1413 1819
1413 1846
1415 1553
1415 1698
1415 1740
1415 1787
1415 1889
1416 1608
1416 1681
1418 1806
1419 1604
1419 1645
1421 1471
1421 1734
1422 1811
1422 1905
1423 1462
1423 1801
1424 1454
1424 1501
1424 1614
1424 1682
1424 1704
1424 1897
1424 1923
1425 1612
1426 1666
1427 1437
1427 1615
1428 1709
1428 1714
1428 1726
1428 1741
1428 1782
1428 1882
1429 1627
1430 1483
1430 1654
1430 1759
1430 1769
1431 1445
1431 1548
1431 1608
1431 1640
1431 1656
1432 1915
1434 1472
1434 1552
1435 1532
1436 1986
1438 1591
1439 1896
1441 1593
1442 1533
1442 1878
1442 1900
1443 1858
1443 1970
1444 1456
1444 1914
1444 1930
1446 1653
1446 1692
1446 1725
1446 1779
1447 1705
1447 1828
1447 1954
1448 1746
1450 1780
1451 1700
1451 1740
1451 1827
1451 1866
1453 1467
1453 1672
1453 1768
1453 1922
1454 1472
1455 1507
1455 1526
1456 1791
1457 1749
1457 1834
1458 1948
1459 1738
1460 1726
1460 1731
1460 1849
1460 1937
1461 1814
1461 1817
1461 1837
1461 1860
1462 1698
1463 1627
1463 1953
1464 1608
1464 1996
1465 1550
1465 1601
1465 1790
1465 1886
1466 1859
1467 1673
1467 1682
1469 1570
1470 1497
1470 1795
1471 1553
1472 1524
1472 1813
1472 1881
1473 1633
1473 1701
1473 1958
1473 1960
1474 1997
1475 1688
1475 1823
1475 1867
1475 1940
1475 1961
1476 1477
1477 1747
1478 1479
1478 1698
1478 1807
1478 1960
1479 1656
1479 1861
1481 1523
1481 1541
1482 1494
1482 1560
1482 1699
1482 1940
1485 1996
1487 1996
1489 1576
1489 1593
1489 1702
1489 1750
1490 1627
1490 1872
1491 1760
1492 1579
1492 1618
1492 1687
1494 1543
1494 1560
1494 1817
1494 1993
1494 1998
1495 1786
1495 1815
1495 1831
1495 1980
1496 1595
1496 1940
1497 1571
1497 1814
1497 1893
1498 1617
1499 1799
1500 1544
1500 1766
1501 1610
1502 1585
1503 1513
1503 1517
1503 1624
1503 1650
1505 1511
1505 1638
1506 1659
1506 1979
1507 1746
1507 1925
1508 1670
1508 1676
1509 1902
1510 1664
1510 1739
1511 1860
1511 1948
1512 1779
1513 1823
1513 1967
1514 1625
1514 1800
1515 1728
1516 1582
1516 1713
1517 1679
1518 1547
1518 1636
1518 1699
1518 1821
1518 1867
1519 1624
1519 1657
1519 1739
1520 1872
1521 1932
1521 1986
1522 1638
1522 1643
1523 1565
1523 1730
1524 1534
1524 1677
1525 1657
1525 1699
1525 1879
1526 1535
1527 1712
1527 1861
1527 1915
1528 1554
1528 1835
1528 1842
1528 1894
1528 1988
1529 1636
1530 1548
1531 1535
1531 1543
1531 1680
1532 1666
1533 1650
1533 1732
1534 1703
1535 1956
1536 1552
1536 1616
1536 1618
1539 1791
1540 1646
1540 1750
1540 1827
1541 1637
1541 1691
1542 1581
1542 1823
1544 1887
1544 1934
1545 1596
1545 1852
1546 1551
1546 1897
1547 1646
1547 1723
1548 1620
1548 1622
1548 1697
1548 1699
1548 1730
1548 1731
1548 1807
1548 1927
1548 1942
1549 1692
1549 1820
1550 1554
1550 1603
1551 1653
1553 1957
1554 1657
1554 1704
1554 1728
1554 1794
1555 1688
1555 1990
1556 1604
1556 1661
1556 1846
1557 1635
1558 1780
1558 1809
1559 1569
1559 1733
1560 1977
1561 1600
1561 1881
1561 1989
1562 1818
1562 1956
1563 1767
1564 1748
1564 1982
1565 1972
1566 1777
1566 1971
1566 2000
1567 1821
1568 1787
1570 1640
1570 1670
1571 1656
1571 1746
1572 1748
1572 1848
1573 1645
1574 1691
1574 1756
1574 1789
1576 1880
1576 1968
1578 1875
1578 1933
1579 1624
1579 1920
1580 1600
1580 1963
1582 1882
1582 1903
1583 1965
1584 1789
1584 1881
1584 1981
1585 1943
1585 1987
1587 1803
1589 1728
1590 1776
1592 1618
1596 1613
1596 1713
1597 1747
1598 1959
1599 1702
1599 1752
1600 1900
1600 1967
1601 1660
1601 1837
1601 1912
1601 1971
1601 1995
1602 1794
1602 1845
1602 1972
1604 1811
1605 1702
1606 1807
1607 1689
1607 1743
1607 1761
1608 1724
1608 1857
1608 1871
1610 1699
1610 1826
1610 1902
1612 1675
1612 1804
1614 1827
1615 1818
1615 1974
1616 1860
1616 1904
1617 1881
1617 1903
1618 1848
1619 1800
1619 1857
1619 1975
1621 1847
1621 1931
1622 1712
1623 1734
1623 1814
1624 1649
1624 1734
1624 1754
1624 1768
1625 1811
1625 1907
1626 1702
1626 1735
1626 1841
1628 1770
1628 1780
1629 1804
1630 1838
1631 1678
1632 1819
1633 1845
1634 1743
1637 1651
1638 1787
1638 1867
1638 1968
1639 1745
1642 1701
1642 1730
1644 1664
1644 1956
1645 1660
1645 1949
1645 1961
1645 1975
1647 1799
1648 1653
1648 1938
1649 1660
1649 1778
1649 1930
1650 1675
1651 1725
1651 1847
1653 1692
1654 1832
1654 1962
1655 1664
1655 1709
1656 1721
1657 1777
1657 1812
1657 1828
1657 1964
1658 1959
1659 1807
1659 1833
1662 1865
1665 1950
1665 1977
1665 1982
1666 1896
1666 1931
1667 1753
1668 1681
1669 1877
1670 1888
1672 1744
1672 1896
1672 1913
1673 1882
1673 1989
1673 1995
1674 1792
1675 1942
1676 1731
1677 1831
1678 1725
1678 1846
1682 1872
1685 1928
1685 1964
1687 1818
1689 1750
1690 1735
1690 1868
1691 1881
1693 1975
1693 1986
1694 1902
1695 1856
1696 1847
1698 1739
1699 1889
1701 1834
1702 1991
1703 1917
1704 1774
1704 1910
1705 1911
1706 1776
1707 1844
1709 1957
1710 1724
1712 1926
1712 1999
1713 1963
1713 1974
1716 1745
1716 1831
1716 1888
1717 1723
1717 1847
1718 1952
1720 1749
1721 1773
1722 1975
1723 1945
1724 1954
1725 1821
1725 1823
1727 1984
1733 1795
1734 1790
1734 1884
1735 1745
1736 1855
1737 1739
1739 1781
1739 1851
1739 1997
1742 1798
1742 1857
1743 1764
1743 1812
1747 1866
1748 1912
1748 1958
1748 1976
1749 1783
1749 1851
1753 1908
1757 1767
1757 1808
1758 1866
1759 1914
1760 1793
1761 1781
1761 1818
1761 1854
1761 1913
1763 1860
1765 1936
1770 1784
1771 1917
1771 1941
1772 1985
1774 1793
1774 1957
1774 1974
1775 1847
1775 1896
1776 1843
1776 1922
1777 1848
1779 1847
1779 1859
1780 1886
1783 1787
1784 1837
1786 1855
1787 1824
1788 1911
1791 1934
1793 1878
1793 1960
1795 1947
1797 1994
1799 1932
1799 1979
1800 1822
1802 1841
1803 1865
1805 1912
1805 1935
1805 1975
1806 1901
1807 1880
1808 1953
1809 1851
1809 1940
1810 1855
1811 1926
1812 1817
1812 1977
1813 1871
1815 1935
1818 1946
1821 1919
1821 1923
1822 1970
1823 1824
1823 1847
1825 1927
1827 1908
1827 1924
1831 1889
1832 1936
1833 1982
1834 1869
1834 1939
1835 1876
1841 1963
1841 1996
1841 1999
1844 1919
1844 2000
1846 1871
1847 1865
1847 1878
1849 1892
1851 1950
1853 1943
1859 1900
1859 1915
1860 1955
1862 1883
1863 1969
1866 1933
1867 1950
1868 1976
1871 1921
1871 1949
1878 1910
1881 1996
1883 1934
1884 1916
1892 1980
1894 1924
1901 1961
1901 1966
1912 1924
1917 1952
1919 1978
1922 1950
1923 1997
1929 1966
1934 1965
1938 1963
1947 1951
1950 1992
1966 1976
1970 1996
1972 1990
