2000
1 1805
2 61
2 522
5 1268
6 1386
6 1600
9 671
9 1585
13 64
13 528
13 934
13 1219
13 1472
16 63
16 948
17 1801
19 924
20 302
20 662
22 441
22 1048
24 405
24 1617
28 451
28 749
30 219
30 453
30 840
31 847
31 1461
32 1771
34 1702
34 1774
35 1568
39 1276
41 1269
42 1616
44 666
49 506
53 427
53 757
53 1876
54 1068
56 442
57 142
59 862
60 128
62 807
62 1115
63 1257
66 1458
69 1557
69 1774
70 1856
75 1641
77 463
79 519
80 391
80 1244
81 379
81 435
82 1728
83 1022
83 1210
83 1785
84 1627
85 611
86 1824
87 1373
89 138
95 1151
96 668
97 1432
97 1974
98 383
98 793
100 1636
101 547
101 1424
101 1707
102 1819
103 241
103 1063
105 356
106 1747
110 640
110 1558
111 832
114 423
114 617
114 1579
114 1864
115 983
116 701
117 1341
118 300
120 894
121 619
121 911
124 1440
124 1938
125 1349
126 273
127 869
127 1270
131 348
133 802
134 1858
136 1961
138 401
138 562
139 1533
140 454
140 1418
142 753
142 1177
142 1420
144 1593
145 1158
155 1005
156 320
158 929
160 685
162 690
162 752
170 1818
172 257
174 1131
174 1748
175 861
178 381
182 1348
182 1497
186 1578
189 1533
190 416
190 1452
191 260
191 901
191 1493
192 550
193 921
194 1066
195 1578
196 986
197 553
199 404
199 833
200 755
202 691
202 1104
208 938
208 1371
208 1943
209 1088
209 1304
212 982
213 1591
214 889
217 355
217 1955
218 878
218 1722
218 1823
219 898
219 1080
220 234
220 484
221 1443
221 1464
223 1361
224 232
224 809
225 377
227 455
227 1171
227 1195
229 1478
230 1690
232 799
233 1329
234 866
235 798
237 709
238 914
241 899
242 1004
244 760
246 1790
247 1245
248 1155
251 691
253 962
255 396
257 1163
258 382
258 1658
260 1181
263 1958
264 1447
265 1301
265 1584
266 642
267 964
268 826
269 472
271 674
273 1566
275 1010
276 413
276 1180
278 443
278 1873
282 410
283 591
283 1150
283 1321
283 1903
283 1946
284 1584
285 1070
286 1563
287 963
289 568
292 1861
294 1868
295 1773
297 1463
301 386
302 604
302 636
304 548
304 1121
305 579
305 1030
310 967
310 1021
311 942
312 1492
313 1792
315 1110
317 1367
321 1732
322 1595
324 816
325 919
328 1701
329 1047
331 829
331 1721
333 383
333 1837
338 963
342 1536
343 1111
345 1286
347 356
347 379
348 1239
348 1729
349 1992
350 1127
350 1593
353 1522
354 627
354 1213
354 1331
354 1579
359 1547
362 398
362 1289
367 1908
368 552
368 1273
369 576
369 1679
370 1681
371 1495
372 927
373 594
375 548
378 1270
378 1802
379 407
379 512
379 655
380 1745
382 1494
383 682
385 1858
386 1161
387 1581
388 1674
389 1821
391 1148
392 1768
395 757
395 1935
397 634
405 1284
406 484
406 1264
406 1595
407 954
408 525
408 542
408 631
409 1390
415 1585
415 1809
416 1416
417 463
420 724
421 744
421 748
421 1868
423 1897
424 579
424 1094
424 1309
425 743
428 1627
432 1178
432 1771
434 511
435 958
435 1491
437 1565
437 1670
439 1467
439 1545
439 1895
443 635
446 784
447 1148
447 1207
447 1245
447 1623
453 1301
459 967
459 1674
459 1768
461 1609
463 642
464 1013
469 910
470 1766
473 791
473 1635
474 485
475 1617
475 1886
476 1888
479 984
480 1392
488 1155
495 1300
496 508
499 1478
501 1489
501 1595
501 2000
502 1428
505 843
505 1427
507 1365
507 1839
510 1626
513 1621
518 1344
519 527
521 1016
522 1922
523 1507
526 887
528 794
529 667
531 960
531 1308
536 1107
538 1209
538 1723
543 685
548 650
548 693
549 1056
553 1150
557 731
558 572
561 860
562 1517
564 1429
565 1170
566 869
567 1923
568 1271
570 932
573 1228
574 1334
575 1613
576 639
577 1430
578 1395
578 1923
579 951
581 1712
582 796
582 1351
582 1663
583 962
587 942
590 621
591 1826
592 1211
592 1804
593 1581
594 1100
597 1847
598 1119
602 1323
602 1897
604 1372
605 1200
609 904
612 1804
617 1443
622 1009
622 1187
623 1330
624 959
624 1167
624 1625
624 1939
625 1888
627 851
629 1331
631 1064
632 885
633 1868
634 1583
635 1600
637 1225
638 771
640 1280
640 1792
642 1988
643 1955
644 654
645 850
647 1812
648 1165
649 1873
650 1263
650 1917
652 1414
654 1390
656 786
657 769
657 1161
660 1030
661 1765
662 1294
663 1203
663 1754
663 1756
664 1822
665 1410
669 819
669 1512
670 795
670 1443
671 1544
672 1820
672 1938
673 1792
682 1453
684 1356
684 1465
687 1004
689 1320
690 856
691 737
693 881
694 1810
695 1335
697 1295
698 1488
699 1190
700 1264
701 1628
702 1860
702 1867
703 767
705 1010
705 1508
708 1826
714 1357
715 1960
718 1273
723 830
723 1863
725 1556
726 1494
727 1558
731 902
733 770
736 1824
737 1202
738 1973
740 1477
742 1948
743 1436
745 924
746 862
747 1013
749 1911
750 866
750 870
753 1000
753 1878
758 1278
762 1149
764 1769
765 863
768 1048
768 1128
769 877
772 1329
774 1664
775 1522
776 1037
779 1076
781 1955
784 1986
786 1546
787 1238
787 1509
788 821
788 1968
789 1019
789 1107
793 1119
795 861
798 877
800 1845
804 827
806 866
807 1570
809 1711
812 1015
812 1597
813 1896
815 861
818 1047
821 1545
823 1669
839 1076
840 842
840 974
840 1739
847 916
849 1894
850 1693
852 1895
863 983
863 1469
866 1573
866 1746
868 1204
868 1738
869 1183
872 1687
874 1563
875 1810
878 1231
878 1569
880 1995
881 917
884 1435
885 1353
886 1288
887 1604
887 1755
889 1723
896 1320
899 1578
900 1706
901 1731
901 1828
904 1679
907 1510
907 1706
908 936
908 1835
910 1445
910 1556
911 1157
912 1850
913 1312
918 1126
920 1845
922 1039
922 1201
922 1323
923 958
923 1075
924 1610
926 1038
930 1018
930 1239
931 1057
931 1068
936 1819
937 1204
940 945
942 1842
955 1188
956 1968
958 1097
959 1933
960 1007
962 1471
963 1881
964 1166
964 1596
967 1416
967 1656
967 1901
972 1041
973 1110
974 1427
975 1124
975 1133
984 1632
984 1917
986 1055
990 1053
990 1227
990 1960
991 1055
992 1813
999 1699
1001 1449
1002 1713
1014 1392
1014 1958
1015 1971
1016 1828
1019 1705
1024 1323
1029 1522
1029 1811
1032 1381
1034 1164
1034 1435
1035 1688
1038 1244
1038 1588
1039 1571
1042 1201
1043 1176
1044 1903
1044 1994
1052 1103
1052 1673
1054 1885
1062 1244
1067 1852
1068 1134
1072 1448
1076 1362
1078 1235
1079 1435
1079 1514
1084 1226
1084 1429
1085 1489
1088 1840
1092 1252
1093 1275
1095 1399
1095 1552
1097 1687
1098 1380
1100 1303
1109 1480
1112 1993
1114 1128
1116 1655
1132 1386
1132 1513
1132 1647
1135 1854
1139 1775
1139 1921
1140 1868
1149 1763
1156 1379
1158 1212
1162 1710
1169 1807
1173 1641
1179 1410
1182 1839
1184 1345
1190 1646
1191 1574
1194 1610
1199 1712
1201 1226
1201 1344
1201 1505
1201 1768
1202 1850
1219 1523
1219 1845
1220 1685
1226 1743
1230 1686
1231 1499
1233 1362
1236 1781
1239 1748
1242 1925
1243 1832
1244 1496
1245 1598
1249 1640
1249 1939
1253 1915
1255 1792
1256 1269
1258 1333
1261 1351
1262 1365
1262 1580
1263 1811
1269 1551
1272 1319
1275 1986
1277 1449
1277 1713
1281 1504
1282 1628
1285 1358
1289 1709
1298 1537
1304 1858
1307 1538
1308 1878
1315 1797
1316 1498
1316 1757
1319 1417
1319 1956
1322 1697
1335 1667
1345 1528
1345 1658
1346 1711
1354 1722
1361 1738
1363 1807
1365 1752
1367 1655
1372 1550
1372 1695
1374 1631
1375 1506
1378 1913
1378 1926
1381 1943
1394 1795
1395 1964
1398 1415
1401 1830
1413 1757
1414 1512
1414 1919
1419 1838
1421 1936
1426 1470
1429 1694
1432 1843
1438 1602
1438 1985
1442 1581
1443 1892
1449 1497
1451 1871
1462 1869
1467 1767
1468 1646
1475 1891
1476 1938
1477 1832
1487 1789
1488 1580
1489 1789
1499 1659
1502 1601
1506 1698
1529 1562
1529 1847
1536 1863
1538 1648
1539 1991
1547 1634
1549 1617
1550 1948
1551 1893
1554 1697
1557 1814
1567 1746
1582 1851
1591 1775
1596 1667
1596 1707
1605 1977
1606 1793
1607 1902
1610 1917
1611 1937
1620 1662
1622 1686
1631 1876
1641 1980
1662 1845
1662 1934
1666 1931
1669 1964
1673 1953
1675 1837
1699 1903
1717 1984
1718 1957
1748 1771
1751 1763
1772 1927
1776 1925
1832 1946
1842 1869
1858 1933
1875 1887
1879 1882
1894 1929
1899 1903
1988 1990
