2000
1 459
1 1074
2 20
2 231
3 101
3 1689
4 510
4 600
6 1356
7 226
7 1470
8 850
8 983
9 1851
9 1984
10 407
10 1561
10 1651
11 1224
12 458
12 1829
13 117
14 922
15 1208
16 609
16 1373
17 778
17 855
17 1059
18 476
18 578
18 928
18 1551
19 668
20 1179
21 1309
21 1984
22 269
22 1073
23 172
23 355
25 317
25 342
25 1219
25 1686
26 1100
26 1431
26 1725
27 420
27 1787
28 862
28 1804
28 1891
29 778
29 993
29 1610
30 677
31 994
31 1542
32 264
32 1932
33 1158
34 647
34 1768
36 446
37 339
37 1271
38 457
38 668
39 478
39 1214
40 484
40 525
40 774
40 1212
41 1007
41 1104
42 1259
42 1725
43 342
43 1626
44 89
44 1173
44 1886
45 532
46 374
46 1286
48 831
48 1075
48 1666
49 1416
50 1840
51 146
51 1040
51 1232
52 793
54 1407
55 776
56 803
57 611
59 672
61 726
62 1224
62 1438
63 787
64 1588
65 68
65 319
65 1905
66 462
66 1206
67 717
67 1444
68 1620
68 1914
69 984
71 156
71 263
71 1653
72 565
72 604
73 426
73 719
73 1590
74 123
74 261
74 833
75 110
75 1281
76 1810
77 1471
77 1633
77 1977
79 1246
79 1308
80 495
80 1988
81 371
81 562
81 874
81 919
82 1388
83 1242
84 1485
85 362
85 462
86 500
86 938
87 368
87 749
88 442
88 1231
88 1680
89 222
89 387
90 542
90 929
90 1875
91 1091
91 1508
91 1778
92 817
92 1968
93 1153
93 1234
93 1971
94 462
96 805
96 1444
97 737
98 1331
100 1967
101 504
101 1095
102 584
102 1857
103 1768
105 1148
107 364
107 1978
108 1402
108 1804
110 588
111 311
111 1102
112 387
112 921
113 163
113 704
113 1828
114 978
117 167
117 335
117 1198
117 1714
118 120
118 250
118 1742
119 1390
121 445
121 1339
122 1020
122 1797
122 1961
124 1433
125 360
125 1070
125 1251
125 1730
126 488
126 1498
127 1546
128 309
128 876
129 500
129 531
129 1418
129 1812
130 207
130 1050
130 1773
132 183
132 701
132 1947
133 228
133 1374
134 232
134 1219
134 1658
135 1542
136 476
136 762
136 1517
136 1580
137 383
137 1248
138 883
138 1002
138 1267
139 1517
140 182
140 783
140 894
140 1999
141 1618
141 1904
142 1383
143 1340
144 1180
144 1593
145 748
145 1936
146 816
146 1120
147 172
147 831
147 1254
147 1519
148 1100
149 550
149 1462
149 1655
149 1988
150 377
150 406
150 1251
150 1259
150 1532
151 1141
153 869
153 1187
154 360
154 792
154 1400
154 1445
155 397
155 923
155 1391
156 1017
156 1861
157 900
157 1612
157 1972
158 887
158 1559
159 417
160 780
160 1079
160 1748
160 1897
161 1039
161 1678
161 1895
162 557
163 1400
163 1451
164 231
164 828
164 1631
165 1649
165 1864
166 833
167 1466
168 535
168 773
168 1144
169 904
169 1123
171 916
171 1110
171 1819
173 1308
174 320
174 495
174 1083
174 1265
175 530
175 617
175 1501
175 1577
175 1681
176 262
176 932
176 1280
176 1431
177 700
178 1754
179 1171
179 1210
180 1336
180 1693
182 530
182 575
182 1109
182 1310
183 1439
183 1646
184 488
185 1835
186 810
186 1128
187 1476
188 685
188 1337
189 368
189 831
190 902
191 1462
193 1222
193 1778
193 1982
194 746
195 422
195 1097
196 1323
196 1662
196 1782
198 1600
198 1917
199 563
199 652
199 931
199 1489
199 1902
200 244
200 337
201 1248
202 1988
203 244
203 1856
204 883
205 488
205 1354
205 1995
206 1189
207 1623
208 1210
209 1773
210 348
210 1234
210 1455
211 1086
211 1221
212 530
213 594
214 457
214 530
214 815
214 1860
216 450
217 699
217 706
217 1540
219 618
219 1187
219 1302
219 1305
220 1890
220 1931
221 426
221 895
221 955
221 1023
221 1402
221 1461
224 710
224 1288
224 1559
226 644
226 689
226 1478
226 1587
227 1364
227 1636
228 431
228 1597
228 1679
229 369
229 693
229 1657
229 1939
230 1652
231 412
231 544
231 751
231 1236
232 312
232 647
232 1805
233 1610
234 1542
234 1755
235 240
235 1801
235 1885
237 1630
237 1775
237 1981
238 1024
239 386
239 1344
240 1144
240 1892
241 908
241 1953
242 915
242 1142
242 1355
243 431
243 1965
245 625
245 1275
245 1489
246 329
246 532
246 748
247 438
247 978
248 1056
248 1542
250 1417
251 303
251 701
251 1262
251 1368
251 1545
252 684
253 1027
253 1078
253 1985
254 1581
255 1699
256 658
256 983
256 1514
256 1696
256 1951
257 493
257 1387
257 1822
257 1841
257 1979
258 750
258 1977
259 448
259 1935
260 1006
260 1940
261 327
261 1026
262 403
262 916
262 1806
263 276
263 1014
263 1386
263 1803
264 765
265 314
265 614
266 679
266 935
266 1475
266 1642
266 1677
266 1912
268 1602
270 1032
270 1578
271 407
272 555
272 1278
273 527
273 722
273 936
273 1809
273 1993
274 1943
275 1587
276 676
276 889
277 342
278 999
279 1900
280 1794
281 958
281 1625
282 1740
283 1808
284 535
284 863
284 1834
286 566
286 1427
286 1486
286 1510
286 1656
287 996
287 1236
287 1264
287 1744
288 1157
288 1183
288 1193
288 1312
288 1622
289 398
289 1671
290 336
291 931
291 1078
291 1271
292 1532
292 1670
292 1919
293 514
293 1709
294 696
294 1028
294 1085
294 1383
294 1728
295 910
295 1647
296 780
296 1186
297 473
297 1212
298 684
298 887
298 986
299 385
299 493
299 832
299 1953
300 402
300 690
300 881
301 721
302 1776
302 1978
303 1303
303 1553
304 474
304 910
304 954
304 1106
304 1722
307 1028
307 1280
308 325
308 749
308 870
309 598
309 1212
309 1788
310 1742
313 394
313 1908
314 1500
315 1596
315 1974
317 424
317 1286
318 655
318 1297
319 1027
319 1858
320 1774
322 657
323 639
323 744
323 809
323 1673
324 794
325 1038
325 1122
326 1624
326 1876
327 549
327 1131
328 616
328 1072
328 1385
328 1430
330 893
331 1057
331 1073
331 1638
332 523
332 1343
333 616
333 751
333 949
333 1194
334 1084
334 1927
335 480
335 1137
335 1421
335 1439
337 1306
338 572
338 1049
338 1765
339 468
339 768
340 1115
341 1704
341 1844
342 1639
342 1998
343 591
343 1087
343 1644
344 981
344 1091
346 759
347 455
347 503
347 702
347 1272
347 1599
348 807
348 858
349 922
349 1283
350 680
350 838
350 884
351 1079
351 1479
351 1652
352 570
352 1083
352 1296
355 407
355 1538
356 1103
356 1704
357 853
357 979
357 1794
357 1808
359 455
359 1847
360 1313
361 1360
362 414
362 770
362 1609
364 470
364 806
364 952
364 1021
365 413
365 1942
368 807
368 1212
369 966
371 831
371 846
371 1385
371 1894
372 1768
373 1211
374 711
374 1266
374 1593
376 841
376 1480
378 846
378 1999
379 922
380 1244
380 1304
380 1933
381 539
381 1337
381 1722
383 855
383 879
384 948
384 1997
386 1568
388 796
388 913
390 523
391 690
391 873
393 984
395 574
395 987
395 1745
396 517
396 1355
396 1362
396 1419
396 1959
398 1972
401 1086
404 845
405 794
405 1436
405 1776
406 684
406 1662
407 1131
408 966
408 1379
409 1072
410 1710
410 1893
410 1997
412 1967
413 1429
413 1863
414 687
414 1358
414 1821
415 1137
415 1958
416 1705
417 945
418 555
418 1680
419 1987
420 1324
421 651
421 921
421 1194
421 1307
426 459
426 1926
427 622
427 1454
429 1706
429 1954
430 1522
430 1947
432 1883
433 691
434 588
435 1456
438 513
438 1176
438 1244
439 1057
439 1170
439 1500
439 1576
440 873
440 1039
440 1466
440 1745
441 543
441 784
441 903
441 1446
441 1744
442 1131
443 1189
445 860
445 886
446 531
446 976
449 955
449 1080
450 833
452 845
452 1281
452 1451
453 1993
454 1353
454 1820
455 838
455 970
456 1600
457 1368
457 1530
458 592
459 735
460 617
460 1830
461 940
461 1339
462 1091
465 792
465 1289
465 1347
466 1335
467 1678
468 1117
469 622
469 743
470 1839
470 1987
471 1857
473 597
474 1086
474 1798
475 692
477 848
477 1621
477 1973
478 929
478 1912
478 1967
479 981
479 1568
480 1302
481 639
481 783
481 1430
481 1473
481 1520
481 1790
481 1852
482 1391
483 1447
484 1813
485 619
487 1534
489 938
489 1346
489 1593
489 1900
490 1411
491 1726
491 1848
492 1613
493 1771
495 812
496 568
496 1664
498 1720
499 1412
500 902
500 919
500 1463
501 1023
501 1428
501 1858
502 799
502 1448
503 688
504 743
504 837
505 891
505 942
506 605
507 874
508 787
508 1153
509 816
509 873
509 1503
510 719
510 825
511 1146
511 1193
512 588
513 1397
515 1195
516 632
516 1414
519 902
519 1789
523 1298
523 1351
523 1773
524 1635
525 735
525 1000
526 848
527 637
528 1414
529 1022
529 1789
530 1288
532 599
532 1816
535 1346
538 1331
538 1397
540 692
540 742
540 1424
541 1440
541 1536
543 1990
545 744
545 1063
546 1473
547 1008
549 1775
550 1079
550 1741
550 1917
551 1076
552 1877
555 1441
557 1546
558 564
560 722
560 1206
560 1222
560 1656
560 1760
561 1011
561 1902
563 654
563 1132
563 1923
564 880
564 1198
564 1408
565 1670
565 1674
568 1619
569 1078
569 1653
570 746
570 973
571 587
572 1644
573 1388
573 1544
573 1628
575 797
575 1233
576 957
576 1358
578 1211
579 952
579 1644
581 1009
581 1750
582 610
583 848
584 1067
584 1823
585 795
585 1861
586 613
587 1113
587 1279
588 1167
589 953
589 1403
589 1614
589 1708
590 1015
590 1042
590 1120
590 1171
593 1576
593 1586
594 1805
596 1380
596 1751
597 1007
597 1847
598 1200
599 1644
600 1196
600 1216
600 1387
601 915
603 1748
604 786
604 1069
606 926
607 781
608 976
608 1087
609 723
609 1233
611 1107
611 1965
613 903
613 1277
613 1297
613 1949
615 1672
615 1945
619 1053
619 1129
619 1222
619 1504
620 1360
622 1219
623 758
623 965
623 1082
624 888
625 901
625 1740
627 1382
627 1410
628 644
628 723
628 1440
629 752
629 1600
630 665
631 748
631 780
632 677
633 1330
633 1545
633 1921
633 1984
634 899
636 1259
636 1378
636 1413
636 1578
637 925
637 1758
638 702
638 966
639 1407
640 1466
641 714
641 805
644 981
647 1537
648 1273
648 1306
650 695
651 1199
651 1368
652 1649
653 1907
654 1707
658 1593
659 819
659 1607
660 1567
662 893
662 1053
664 957
664 1406
665 1042
665 1919
666 694
666 888
667 764
668 1090
668 1614
671 1004
672 771
672 1137
673 1991
674 737
674 1137
674 1178
675 1628
676 1347
676 1514
676 1855
677 1650
679 772
679 1222
679 1250
679 1646
680 854
682 1180
683 1290
685 1975
687 1506
688 1490
688 1668
689 882
690 1775
692 1670
692 1714
693 1203
694 1274
695 794
697 1009
697 1771
697 1901
698 1274
698 1812
700 1400
700 1414
702 867
702 1371
703 866
703 1524
703 1727
705 1771
706 1207
706 1996
707 983
708 1783
709 1620
709 1819
710 922
710 1393
713 1019
713 1720
714 1104
714 1995
715 923
715 1163
715 1304
715 1345
716 1687
717 1616
718 1341
720 872
721 1656
724 937
725 1966
727 1835
728 798
729 1114
729 1164
730 996
731 1004
731 1019
731 1321
731 1459
731 1737
732 1246
733 1980
734 798
735 1334
735 1723
735 1883
736 767
736 1892
737 1109
737 1241
738 1482
739 1582
740 1592
741 1300
741 1905
742 1564
743 1838
745 1059
745 1794
747 1100
747 1445
748 1339
748 1457
751 1559
752 1787
753 1179
753 1753
754 1149
755 1049
755 1441
755 1707
757 1356
759 961
759 987
759 1873
760 926
760 961
760 1871
763 1043
763 1548
763 1554
764 827
764 1311
765 1134
765 1180
765 1865
766 1370
767 1187
767 1294
767 1925
767 1974
768 786
768 1447
768 1641
769 1680
769 1919
771 1309
773 858
774 1755
777 1101
778 1527
779 820
779 1597
780 1496
781 1203
782 996
782 1860
784 1265
785 1475
785 1553
786 1125
786 1273
787 989
787 1763
788 1145
789 1301
789 1833
792 1233
793 988
793 1599
793 1807
794 1626
795 1288
795 1399
796 1337
797 1024
798 951
801 1021
801 1866
802 1078
802 1583
804 1674
804 1955
805 861
806 1859
807 810
807 1597
808 1719
809 831
809 1596
810 876
810 1109
811 1101
811 1129
812 1085
812 1754
813 1450
813 1515
813 1525
814 863
814 1058
814 1189
815 1013
815 1615
816 1350
816 1924
818 1064
819 1525
819 1526
820 876
820 1500
820 1731
820 1953
821 1736
823 1026
823 1916
824 1378
825 863
825 999
825 1574
825 1618
826 1833
826 1868
827 1833
828 1370
830 1622
833 1736
835 841
836 1320
837 1950
838 1278
839 1092
839 1255
840 1019
840 1582
841 1074
841 1671
842 1372
843 1225
844 972
844 1205
845 930
845 1066
845 1508
846 877
847 1751
847 1781
847 1859
848 1197
848 1519
848 1607
849 1257
850 1201
850 1224
851 1046
851 1510
852 1863
853 1456
853 1756
854 1186
855 885
855 1076
856 1134
856 1528
857 1876
858 880
858 973
860 1093
860 1242
860 1721
861 979
862 1074
863 1771
864 1204
865 1601
866 1028
866 1414
866 1576
866 1800
869 874
870 1152
870 1907
873 1094
873 1835
876 1676
878 938
880 1851
882 1339
883 1393
884 1370
884 1383
884 1852
885 1822
886 992
888 1590
889 1447
892 1432
893 1166
895 1761
895 1832
896 1062
897 920
897 1146
899 1220
899 1870
900 1009
900 1297
900 1568
900 1635
903 1100
904 1193
904 1260
904 1461
905 1027
905 1307
905 1754
906 956
906 1241
906 1653
906 1874
907 1090
907 1179
907 1205
909 1009
910 951
910 1545
910 1837
910 1864
911 1270
913 1818
913 1851
914 1598
915 1330
916 1670
917 1488
917 1655
920 962
920 1394
922 1243
922 1261
922 1718
923 1705
923 1807
926 1053
926 1342
926 1938
927 1133
927 1146
927 1874
931 1241
931 1657
934 1058
934 1084
934 1713
935 1602
936 1731
939 945
939 952
939 1852
942 1882
943 1952
945 1750
948 1215
949 1067
949 1233
949 1235
949 1645
950 1184
950 1224
951 1104
952 959
952 966
952 1404
952 1919
953 1294
953 1318
953 1984
954 1172
956 1835
957 1216
957 1496
957 1566
958 1450
958 1945
959 1652
962 1006
965 1344
965 1546
965 1602
965 1725
969 1076
970 1014
970 1080
971 1209
974 1555
976 1409
976 1581
977 1414
977 1907
979 1371
979 1836
980 1070
980 1274
980 1672
981 1501
981 1518
983 1014
984 1307
986 1101
987 1429
987 1972
989 1370
989 1504
994 1905
997 1166
999 1304
1000 1868
1003 1174
1004 1443
1005 1559
1008 1387
1008 1497
1009 1567
1009 1635
1009 1876
1012 1853
1013 1537
1014 1535
1016 1500
1016 1520
1019 1116
1019 1656
1019 1750
1019 1794
1022 1679
1024 1606
1027 1276
1027 1534
1028 1551
1028 1585
1029 1553
1031 1240
1033 1101
1033 1638
1034 1913
1036 1108
1037 1158
1037 1744
1038 1988
1040 1518
1041 1311
1043 1129
1045 1918
1046 1855
1047 1164
1048 1443
1050 1116
1051 1970
1052 1072
1052 1276
1052 1641
1053 1635
1053 1639
1055 1081
1055 1574
1055 1589
1057 1657
1057 1676
1058 1126
1059 1416
1060 1696
1062 1190
1064 1379
1065 1523
1066 1370
1066 1639
1066 1705
1066 1927
1067 1337
1067 1588
1070 1608
1070 1820
1070 1962
1073 1960
1074 1643
1075 1286
1078 1451
1078 1512
1078 1745
1078 1826
1080 1236
1080 1242
1081 1599
1082 1761
1083 1256
1084 1460
1084 1593
1085 1207
1086 1571
1087 1112
1087 1878
1087 1931
1088 1131
1088 1223
1089 1342
1090 1302
1091 1114
1092 1111
1092 1223
1092 1254
1096 1696
1097 1141
1097 1335
1098 1127
1099 1663
1100 1970
1101 1493
1102 1594
1103 1200
1103 1378
1105 1205
1105 1542
1106 1330
1106 1921
1108 1160
1108 1801
1109 1834
1111 1687
1113 1639
1114 1983
1115 1956
1116 1462
1116 1626
1116 1929
1119 1820
1122 1555
1122 1603
1122 1827
1122 1937
1123 1175
1128 1268
1128 1674
1128 1855
1130 1143
1130 1468
1131 1476
1131 1573
1132 1134
1133 1560
1133 1653
1135 1352
1136 1669
1137 1990
1139 1804
1140 1349
1140 1652
1141 1204
1142 1605
1143 1252
1143 1637
1143 1700
1143 1929
1146 1674
1147 1900
1148 1283
1150 1390
1150 1689
1150 1808
1151 1622
1152 1491
1153 1719
1154 1457
1155 1277
1157 1457
1157 1898
1158 1644
1158 1725
1160 1537
1161 1602
1163 1902
1164 1538
1168 1718
1169 1589
1171 1820
1172 1628
1173 1312
1173 1584
1174 1643
1176 1220
1177 1185
1177 1350
1177 1689
1180 1686
1183 1382
1185 1998
1186 1835
1188 1593
1189 1347
1191 1471
1191 1975
1193 1794
1194 1378
1196 1760
1197 1524
1199 1800
1199 1902
1200 1309
1200 1605
1201 1235
1202 1802
1203 1205
1204 1546
1204 1747
1207 1831
1208 1522
1208 1693
1208 1706
1208 1852
1209 1619
1210 1599
1211 1663
1212 1693
1215 1426
1215 1571
1215 1628
1215 1680
1215 1840
1217 1604
1217 1715
1218 1474
1218 1965
1221 1473
1224 1934
1227 1360
1228 1237
1229 1361
1231 1572
1231 1947
1232 1461
1234 1324
1235 1316
1236 1529
1236 1693
1240 1643
1242 1448
1243 1578
1248 1783
1252 1655
1253 1855
1254 1289
1255 1346
1257 1575
1259 1442
1260 1880
1263 1843
1264 1363
1265 1600
1265 1857
1265 1899
1267 1917
1268 1531
1271 1352
1271 1375
1271 1782
1271 1796
1273 1963
1274 1545
1282 1319
1282 1959
1290 1306
1291 1868
1292 1397
1292 1732
1298 1617
1298 1668
1301 1536
1301 1550
1301 1703
1302 1799
1303 1481
1303 1527
1303 1578
1304 1364
1304 1889
1305 1553
1305 1757
1306 1776
1307 1461
1308 1655
1309 1346
1313 1546
1315 1551
1317 1851
1318 1451
1321 1404
1325 1969
1327 1758
1328 1793
1329 1492
1330 1672
1330 1920
1331 1351
1334 1858
1337 1863
1338 1950
1340 1898
1341 1368
1341 1807
1342 1682
1343 1385
1344 1695
1348 1995
1349 1572
1349 1761
1349 1939
1349 1953
1351 1516
1352 1780
1355 1894
1355 1956
1356 1456
1361 1876
1365 1757
1366 1438
1367 1558
1367 1624
1372 1777
1372 1994
1376 1925
1377 1499
1377 1929
1380 1591
1382 1396
1385 1847
1387 1974
1389 1611
1391 1954
1394 1683
1398 1629
1399 1776
1400 1771
1401 1545
1401 1879
1402 1829
1403 1903
1404 1498
1404 1873
1408 1779
1408 1898
1408 1969
1410 1725
1411 1792
1411 1875
1414 1777
1416 1616
1418 1943
1422 1967
1424 1469
1426 1678
1430 1620
1431 1583
1431 1800
1433 1754
1433 1952
1435 1493
1436 1778
1440 1492
1440 1863
1443 1626
1443 1941
1445 1450
1446 1908
1448 1450
1448 1629
1451 1999
1453 1820
1457 1962
1462 1800
1466 1798
1466 1815
1466 1821
1468 1727
1469 1632
1471 1899
1473 1611
1473 1614
1473 1970
1475 1651
1476 1963
1477 1927
1479 1895
1480 1742
1480 1829
1482 1896
1485 1709
1489 1739
1494 1888
1496 1896
1497 1651
1498 1501
1498 1726
1498 1791
1501 1669
1504 1928
1506 1876
1508 1866
1510 1749
1512 1739
1512 1778
1513 1564
1513 1705
1515 1914
1521 1985
1530 1626
1530 1653
1536 1959
1537 1977
1542 1789
1545 1981
1549 1833
1550 1620
1551 1599
1554 1732
1558 1803
1564 1668
1568 1654
1569 1649
1570 1886
1571 1839
1572 1771
1577 1836
1582 1604
1584 1612
1584 1653
1585 1944
1588 1720
1589 1619
1593 1974
1595 1846
1595 1916
1597 1900
1598 1891
1601 1667
1601 1937
1601 1947
1605 1778
1608 1725
1611 1888
1612 1673
1612 1966
1615 1846
1622 1893
1628 1730
1628 1751
1629 1975
1630 1783
1631 1885
1636 1855
1639 1979
1641 1657
1649 1670
1654 1834
1654 1922
1655 1748
1656 1958
1666 1880
1668 1746
1680 1755
1682 1835
1685 1986
1686 1691
1690 1698
1690 1977
1697 1739
1704 1820
1709 1799
1710 1822
1712 1975
1715 1764
1716 1810
1716 1944
1718 1771
1720 1941
1727 1736
1730 1866
1730 1999
1731 1975
1732 1899
1735 1895
1736 1813
1739 1760
1747 1872
1755 1855
1762 1775
1762 1860
1765 1836
1765 1925
1765 1968
1768 1804
1775 1981
1779 1808
1784 1786
1791 1849
1795 1897
1798 1840
1799 1813
1814 1860
1815 1900
1818 1894
1820 1852
1824 1832
1824 1920
1824 1964
1825 1988
1826 1966
1848 1910
1857 1872
1869 1956
1876 1883
1884 1966
1922 1974
1929 1971
1936 1954
1936 1963
1981 1982
