2000
1 731
1 749
1 1167
1 1292
1 1418
1 1713
2 1150
3 248
3 281
3 449
3 1122
4 1031
4 1137
4 1201
4 1228
4 1744
5 221
5 349
5 999
5 1740
6 547
6 555
6 806
6 1086
6 1545
7 409
7 527
7 668
7 1261
7 1450
7 1521
7 1655
8 84
8 243
8 487
8 521
8 849
8 1162
9 140
9 519
9 1092
9 1440
9 1606
11 222
11 856
11 1088
11 1228
11 1346
11 1353
12 129
12 1012
12 1884
13 17
13 940
13 1896
14 186
14 524
14 1332
14 1524
14 1572
15 303
15 370
16 168
17 210
17 441
17 923
17 1041
17 1482
18 729
18 751
18 975
18 1166
18 1788
18 1802
19 292
19 1295
19 1932
20 452
20 1947
21 154
21 406
21 428
21 1229
21 1757
21 1807
22 271
22 978
22 1255
22 1760
23 739
23 761
23 798
23 1987
24 382
24 886
25 569
25 1780
26 168
26 587
26 1012
26 1542
27 547
27 1481
28 33
28 156
28 605
28 624
28 1056
29 553
29 1215
29 1743
30 359
30 1250
30 1275
30 1348
30 1856
31 100
31 531
31 719
31 1053
31 1527
31 1588
32 900
32 957
33 1270
33 1271
34 57
34 282
35 336
35 354
35 1042
35 1563
35 1588
36 411
36 957
36 1116
36 1766
36 1803
37 520
37 682
37 1323
37 1397
37 1426
37 1591
37 1918
38 656
38 659
38 667
38 917
38 1141
38 1373
38 1636
38 1661
38 1804
39 225
39 311
39 1482
39 1644
40 764
40 1287
40 1564
40 1646
40 1888
41 287
41 458
41 765
41 1083
41 1105
41 1600
42 168
42 457
42 461
42 1225
42 1260
42 1798
43 48
43 194
43 1625
43 1720
44 942
45 46
45 56
46 704
46 1288
47 1076
47 1089
47 1420
47 1918
48 753
48 1441
48 1637
48 1945
49 1077
49 1242
49 1272
49 1684
50 351
50 587
50 927
50 1347
51 488
51 1769
51 1781
52 332
52 972
52 1641
53 643
53 1317
54 66
54 113
54 346
54 612
54 1694
54 1961
55 534
55 1028
55 1261
55 1290
56 131
56 351
56 471
56 1449
57 592
57 648
57 651
57 1410
57 1990
58 99
59 844
59 1165
60 337
60 478
60 1498
60 1555
61 469
61 1297
61 1766
62 1242
65 170
65 837
65 1654
66 204
66 1094
66 1148
67 1563
68 1199
68 1459
69 479
69 788
70 165
70 171
71 466
71 924
72 179
72 1252
73 718
73 918
73 1220
73 1445
73 1553
73 1736
74 1627
74 1668
75 193
75 396
75 1109
76 502
76 750
76 988
76 1049
76 1766
77 316
77 335
77 1662
77 1847
78 198
78 221
78 405
78 458
78 1648
78 1711
79 1453
80 600
80 741
80 1022
80 1058
80 1657
80 1800
80 1895
82 1601
83 461
83 1243
83 1651
83 1841
84 671
85 315
85 604
85 1366
85 1847
85 1952
86 1172
86 1204
86 1266
86 1309
86 1759
87 1581
88 249
88 890
89 469
89 1272
89 1416
90 752
90 886
90 1061
92 122
92 546
92 550
92 935
93 998
93 1215
93 1986
94 211
94 225
94 525
94 1128
94 1542
95 1373
95 1479
95 1486
95 1540
95 1885
96 210
96 795
96 1628
97 211
97 376
97 389
97 602
97 833
97 996
97 1001
97 1268
97 1376
97 1463
98 437
98 764
98 823
98 1688
99 508
99 568
99 1242
100 515
100 1355
100 1562
101 166
101 486
101 552
101 938
101 1749
102 374
102 541
102 1471
102 1589
102 1715
103 921
103 1620
103 1646
103 1818
104 574
104 670
104 981
105 115
105 1487
105 1507
105 1518
105 1703
105 1705
105 1987
106 420
106 1200
106 1287
107 445
107 866
107 1091
108 1556
110 539
110 579
110 892
111 1463
112 286
112 492
112 1384
112 1807
113 1481
113 1810
114 143
114 271
114 542
114 824
114 1097
115 155
115 640
115 990
117 977
117 1238
117 1438
118 272
118 650
119 1301
119 1721
120 591
120 692
120 1473
123 605
123 692
123 1083
123 1132
123 1486
123 1620
123 1633
124 739
124 1505
124 1577
125 1647
126 1853
127 256
127 706
127 1745
128 228
128 388
128 437
128 590
128 626
128 757
128 1006
128 1616
128 1792
129 877
129 895
129 1279
130 1079
130 1165
130 1804
130 1886
131 150
131 477
131 1195
132 502
133 217
133 587
134 435
134 873
135 185
135 1429
136 902
136 1565
137 1462
138 1060
138 1260
139 310
139 379
139 1664
139 1741
139 1894
140 1109
140 1649
141 428
141 1440
142 1085
142 1300
143 679
143 1229
144 643
144 985
144 1044
144 1147
144 1916
145 504
145 654
145 1253
145 1728
146 867
146 906
148 349
148 1178
148 1203
148 1483
149 886
149 1486
149 1709
150 350
150 391
150 1824
150 1884
151 1330
151 1469
152 1360
152 1543
152 1691
153 455
153 502
153 1535
153 1836
154 1684
155 484
155 982
155 1800
156 1888
157 597
157 906
157 989
158 504
158 676
158 889
158 1426
158 1488
159 504
159 687
159 1044
159 1655
159 1732
159 1772
159 1923
160 542
161 545
161 1029
161 1934
162 1751
162 1961
163 593
163 636
163 1520
163 1548
163 1737
163 1901
164 228
164 400
164 1168
164 1174
164 1452
165 193
165 1041
165 1086
165 1405
165 1967
166 1461
166 1599
167 778
167 1086
167 1222
167 1638
168 617
168 749
168 1234
168 1866
169 597
169 1739
169 1852
169 1898
170 197
170 607
170 902
171 1182
172 700
173 248
173 834
173 872
173 957
173 1717
174 175
174 1127
174 1301
175 742
175 921
175 1049
175 1573
175 1902
176 331
176 785
176 819
177 245
177 259
177 1790
178 396
178 666
178 675
178 941
178 1132
178 1535
178 1667
179 1079
180 1590
181 562
181 622
181 1193
181 1661
182 484
182 1000
182 1413
183 1204
183 1756
184 488
184 954
184 1022
185 453
185 1791
187 641
187 1096
188 347
188 1014
188 1209
188 1696
189 307
189 429
189 1081
189 1143
189 1389
189 1635
189 1862
190 441
190 1202
191 402
191 966
191 1014
191 1077
191 1291
191 1906
191 1945
192 507
192 523
192 772
192 1432
192 1725
193 338
193 804
194 435
194 832
194 1160
194 1223
195 383
195 1672
196 571
197 422
197 501
197 1431
198 323
198 471
199 439
199 773
199 1349
200 348
200 490
200 1888
201 704
201 1205
202 490
202 1193
203 1355
203 1894
204 215
204 1710
206 1149
206 1614
207 241
207 626
207 665
208 693
208 1521
208 1649
208 1940
209 557
209 635
209 710
209 1653
210 689
210 1549
210 1784
211 308
211 805
211 1166
211 1617
213 311
213 500
214 733
214 1071
214 1274
214 1451
214 1610
214 1701
215 261
215 1807
215 1898
216 1113
217 611
217 1162
218 358
218 790
218 1429
219 652
219 1110
219 1906
220 744
220 1585
220 1612
220 1737
221 599
221 815
221 1682
222 232
222 665
222 1100
222 1569
223 690
223 953
223 1524
224 909
224 1620
225 1489
225 1927
226 362
226 1502
226 1731
226 1833
227 671
227 1599
227 1915
228 432
228 1014
228 1210
228 1745
229 334
229 409
229 1824
230 1046
230 1099
231 490
231 762
231 838
231 1020
232 488
232 1053
232 1351
232 1724
232 1804
232 1806
233 305
233 780
234 1294
235 244
235 461
235 938
236 663
236 1571
237 1120
237 1319
238 698
238 1262
238 1532
238 1546
238 1576
238 1876
239 641
239 1003
239 1055
239 1438
240 477
240 1392
240 1999
241 927
241 1298
241 1370
241 1561
242 1220
242 1487
242 1636
242 1908
244 270
244 517
244 623
244 716
244 1207
245 499
245 544
245 1252
245 1508
246 487
246 1306
246 1656
246 1698
246 1731
247 407
247 1416
247 1732
248 1833
249 1236
249 1625
250 446
250 816
250 1133
251 950
251 995
251 1783
251 1879
252 454
252 975
252 1123
252 1545
253 635
253 813
253 1635
253 1884
254 262
254 566
254 875
254 1017
254 1716
255 598
255 626
255 1229
255 1935
256 1977
257 1377
257 1662
257 1984
258 512
258 618
258 1021
258 1239
258 1919
259 951
259 1207
260 529
260 653
260 806
260 1947
261 868
262 1660
262 1664
263 447
263 610
263 1781
264 597
264 602
264 658
264 994
264 1838
265 657
265 1159
265 1550
266 353
266 419
266 1510
266 1989
267 1178
267 1407
268 754
268 1168
269 1448
269 1603
270 1325
270 1974
271 379
271 1322
271 1698
272 572
273 292
273 1623
273 1655
273 1815
273 1924
274 410
274 531
274 1935
275 455
275 635
275 729
275 1301
275 1597
275 1622
276 641
276 900
276 1008
276 1210
277 393
277 445
277 547
277 868
277 1364
277 1547
278 1214
278 1333
278 1396
278 1624
278 1867
279 499
279 768
279 1463
279 1577
279 1582
280 452
280 766
280 1320
281 523
281 733
281 1947
282 1992
283 1461
283 1523
283 1640
284 321
284 514
284 1486
284 1583
284 1849
285 364
285 737
285 770
285 1806
285 1862
286 714
286 780
286 1214
286 1670
287 705
287 1559
287 1852
287 1892
288 442
288 1088
290 681
290 733
291 825
291 1583
292 376
292 425
292 525
292 1908
293 966
293 1127
293 1295
293 1489
293 1514
293 1601
294 865
294 1423
295 403
295 1002
295 1234
295 1948
296 903
296 1070
296 1356
296 1458
297 376
297 805
298 841
298 1070
298 1163
301 794
301 1325
301 1875
302 1308
302 1421
302 1576
302 1623
302 1724
302 2000
303 1394
303 1478
303 1525
303 1631
303 1664
304 478
304 1513
305 826
305 1141
305 1815
306 418
306 512
306 570
306 629
306 852
306 899
306 1732
307 867
307 1060
308 997
308 1607
308 1768
308 1987
309 901
309 1449
309 1743
309 1978
310 365
310 1001
310 1372
311 1046
311 1527
311 1984
312 621
312 1992
313 465
313 766
313 948
313 1963
315 887
315 1917
316 1040
316 1310
316 1593
316 1803
316 1911
317 1231
317 1929
318 1093
318 1314
318 1671
318 1882
319 930
319 1143
319 1291
319 1376
320 328
320 1240
321 385
322 740
322 932
322 1849
323 449
323 707
323 1018
324 954
325 725
325 1002
325 1099
325 1561
326 572
326 1069
327 527
328 685
328 745
328 1740
329 1075
329 1357
329 1425
329 1960
330 655
330 784
331 520
331 675
331 777
332 353
332 1557
333 848
333 1606
333 1912
334 399
334 949
334 972
334 1012
334 1399
334 1590
335 365
335 1062
335 1731
335 1781
336 710
336 714
336 864
336 1288
337 1368
337 1446
337 1717
337 1743
337 1790
338 737
338 740
338 1310
338 1466
339 1844
340 547
340 865
340 963
340 1521
341 357
341 831
341 1226
341 1797
342 616
342 1434
343 1735
344 639
344 1471
344 1562
345 1320
345 1889
346 1839
347 430
347 561
347 1748
347 1830
347 1867
347 1910
349 917
349 1511
349 1684
350 616
350 647
350 1206
350 1398
350 1700
351 414
351 478
351 1071
351 1515
351 1545
352 444
352 1417
353 510
353 811
353 835
353 1191
353 1481
353 1548
354 664
355 1123
355 1443
355 1456
355 1459
355 1644
357 1063
357 1539
359 586
359 872
359 1571
359 1880
359 1915
360 635
360 643
361 1115
362 525
362 662
362 877
362 1107
362 1468
362 1476
363 1222
363 1717
364 1563
365 949
365 1072
365 1724
365 1988
366 825
366 930
366 951
366 1964
367 435
367 885
367 955
367 1017
368 1560
369 553
369 785
369 845
369 986
369 1209
369 1382
369 1473
369 1613
370 532
370 829
371 1381
372 588
372 1317
372 1786
374 468
374 551
374 1333
374 1914
375 996
376 393
376 1062
376 1675
377 598
377 713
377 1363
377 1448
378 519
378 1290
378 1855
379 596
379 1522
379 1574
380 1690
381 1438
381 1492
381 1543
382 1619
382 1925
383 556
383 696
383 836
383 1420
383 1482
383 1533
383 1924
384 1582
384 1681
384 1892
385 1004
385 1023
386 940
387 1182
388 1795
389 762
389 868
389 1027
389 1301
390 699
390 856
390 1301
390 1472
391 737
391 832
391 1920
392 413
392 1021
393 492
393 621
394 688
394 904
394 1378
395 818
395 1713
396 604
396 856
396 918
396 1256
396 1666
396 1880
397 429
397 1789
397 1811
397 1827
397 1872
398 474
398 665
398 1589
399 426
399 798
399 1609
401 560
401 1090
401 1150
401 1429
401 1502
401 1995
402 906
402 1133
402 1757
403 653
403 900
403 1007
404 629
404 1100
405 1229
405 1272
405 1274
405 1490
406 574
406 622
406 756
406 759
406 793
406 1496
406 1523
406 1548
406 1573
408 843
409 1265
410 1707
410 1950
411 638
411 994
411 1402
411 1405
413 748
413 1034
413 1306
413 1612
413 1711
414 795
414 802
414 951
414 1379
414 1776
414 1866
415 491
415 549
415 1941
416 535
416 993
416 1287
416 1562
416 1692
416 1739
417 453
417 1542
417 1671
418 1761
419 945
419 1454
420 601
420 670
420 1712
420 1788
420 1911
421 1217
421 1244
421 1269
421 1278
421 1716
422 467
422 1007
422 1399
423 853
424 458
424 667
424 705
424 1557
425 758
425 1073
426 778
426 1052
426 1492
427 1701
427 1940
428 469
428 1473
430 438
431 606
431 619
431 680
431 750
431 1171
431 1446
432 939
432 1102
432 1113
432 1225
432 1712
433 502
433 1494
433 1619
434 866
434 1157
435 1062
435 1081
435 1255
435 1347
435 1447
435 1454
435 1566
437 459
437 1903
438 537
438 893
438 1515
438 1924
439 728
439 1347
439 1709
441 532
441 646
441 1287
441 1719
441 1980
442 1201
442 1571
442 1898
443 1751
444 670
444 904
445 916
445 1028
445 1055
446 752
446 1298
446 1969
447 537
447 894
447 1596
448 599
448 1345
449 842
449 1216
450 712
450 875
450 1089
450 1096
451 811
451 983
451 1472
452 475
452 1384
452 1433
452 1755
452 1996
453 1212
453 1504
454 526
454 621
454 1068
454 1612
454 1894
456 1805
458 603
458 682
458 786
458 1206
458 1476
458 1849
458 1955
459 500
460 710
460 1112
461 752
461 933
461 1519
461 1562
461 1564
462 732
462 804
462 963
463 599
463 848
463 1230
463 1563
463 1952
464 737
464 1259
465 619
465 944
465 1588
465 1852
466 876
466 1200
467 816
467 847
467 936
467 1048
467 1820
467 1866
468 628
468 1073
468 1470
468 1770
468 1999
469 848
469 895
469 1708
469 1991
470 746
470 1039
471 630
471 1766
472 825
472 915
473 587
473 1064
473 1216
473 1657
475 1257
475 1780
476 1103
476 1276
476 1986
477 785
477 994
477 1067
477 1087
477 1182
477 1964
478 623
478 1074
479 964
480 715
480 1555
480 1710
481 692
481 1097
481 1611
481 1712
482 505
482 1127
482 1763
482 1934
483 671
483 707
484 661
484 1037
484 1410
484 1586
485 1727
486 1107
486 1905
487 1182
488 931
488 1104
489 960
489 1418
489 1934
490 896
490 1092
490 1124
490 1410
490 1690
490 1796
490 1798
490 1834
491 773
491 1110
491 1337
492 735
492 1885
493 1222
493 1753
494 571
494 938
494 1039
494 1185
495 585
496 1032
496 1457
497 1699
497 1725
498 1792
499 632
499 905
499 1057
499 1499
499 1895
499 1993
500 1349
501 612
501 928
501 1273
501 1604
502 748
503 565
503 599
503 1667
504 1168
505 1294
505 1481
505 1581
506 823
506 1267
506 1799
507 785
507 1015
508 674
508 694
508 1279
508 1847
510 958
510 1957
511 1947
512 1587
514 809
514 1142
514 1716
515 1471
516 921
516 1148
516 1781
516 1999
517 867
517 1194
517 1526
517 1578
518 674
518 862
518 1158
518 1452
519 1844
520 1364
521 709
521 1525
523 1253
523 1424
525 943
526 644
526 1907
527 1356
527 1396
527 1749
528 992
528 1123
528 1384
528 1702
529 1682
530 1134
530 1250
530 1260
530 1403
530 1881
531 976
531 1099
531 1979
532 1431
532 1856
532 1948
533 726
533 1287
533 1391
533 1859
533 1988
534 989
534 1992
535 1146
535 1945
536 563
536 1024
536 1539
536 1910
537 1193
537 1812
537 1857
538 712
538 1904
539 643
539 677
539 1346
539 1435
540 778
540 1257
540 1330
541 1042
541 1075
541 1338
542 964
542 1409
543 986
543 1012
543 1360
544 1784
545 696
545 1526
545 1837
545 1890
546 662
546 809
547 1586
548 1387
548 1520
548 1857
549 979
550 876
550 911
550 1569
550 1897
551 1330
551 1436
551 1586
551 1744
551 1806
551 1954
551 1966
552 1121
552 1343
552 1726
553 1470
553 1570
555 556
555 1037
555 1736
556 1326
556 1855
556 1939
557 1075
557 1102
557 1207
557 1863
558 1198
560 606
560 1097
560 1331
560 1762
560 1924
561 769
561 1717
561 1794
561 1809
562 788
562 941
562 998
562 1196
563 1732
565 1309
565 1914
566 750
566 1353
566 1434
567 1501
567 1841
567 1900
568 823
568 1638
569 1717
569 1773
570 754
570 1680
570 1720
571 894
571 1722
571 1734
572 641
572 661
572 1156
572 1391
572 1854
573 1483
573 1965
574 1670
575 1335
576 707
576 1285
576 1771
577 1528
577 1658
577 1660
578 1371
579 1929
580 1410
580 1458
581 1007
581 1180
581 1534
581 1883
582 750
583 1507
583 1957
584 1243
584 1334
585 690
585 836
585 896
585 984
585 1509
586 924
586 1600
587 849
587 1195
587 1484
587 1802
587 1826
588 1640
588 1751
588 1835
588 1979
589 644
589 1501
589 1789
589 1881
590 1222
590 1557
591 1154
591 1558
592 824
592 1406
593 760
593 1456
594 1671
595 833
595 1137
595 1827
595 1852
596 737
596 1681
597 1701
598 1257
598 1854
598 1857
599 1040
599 1963
600 1735
601 603
601 1598
602 767
602 998
602 1026
602 1302
602 1448
602 1938
603 1916
604 1025
604 1030
604 1564
604 1853
605 629
605 664
605 1474
606 1050
606 1806
607 1211
607 1924
608 1222
608 1253
609 629
610 1284
610 1480
611 1047
611 1310
611 1865
612 728
612 957
612 1126
612 1484
612 1946
613 999
613 1072
614 836
614 1332
615 1248
615 1869
616 904
616 1370
616 1621
617 1012
617 1083
617 1246
618 869
618 1011
618 1142
618 1364
618 1642
619 936
619 1938
621 1031
621 1087
622 1437
622 1805
623 857
623 1283
624 1398
625 1398
626 841
626 1199
626 1640
627 636
627 1061
627 1206
627 1494
627 1714
627 1941
628 989
628 1456
628 1721
629 870
629 1537
629 1579
630 1970
631 1158
631 1679
632 667
632 1033
632 1204
632 1450
632 1889
633 854
633 1129
633 1732
634 1360
634 1583
634 1812
635 698
635 748
635 920
635 1361
635 1571
636 1092
636 1570
636 1993
637 1711
637 2000
638 1988
639 640
639 1353
639 1769
640 990
640 1081
640 1317
641 801
641 923
641 1130
641 1289
641 1902
642 664
642 1830
643 780
643 886
643 990
643 997
645 864
645 1644
646 1224
646 1227
646 1797
647 663
647 1080
647 1906
648 1779
649 680
649 847
649 1072
649 1501
649 1585
650 1492
650 1730
651 811
651 1667
652 981
652 1818
652 1974
653 1030
653 1800
655 1669
656 967
656 1295
656 1686
657 832
658 1964
659 963
659 1104
659 1227
659 1570
659 1835
659 1926
660 1151
660 1337
661 834
662 1530
662 1738
662 1885
662 1951
662 1971
663 939
663 1732
664 1104
664 1323
665 1330
665 1837
666 1269
666 1383
666 1745
667 863
667 1640
667 1837
668 855
668 933
669 670
669 1427
669 1623
669 1883
670 839
670 1190
670 1396
670 1799
670 1854
670 1914
671 1975
672 757
672 812
672 1303
672 1486
672 1769
673 837
673 887
673 1239
673 1852
674 940
674 1124
674 1807
675 1190
675 1288
675 1855
676 1120
677 1602
679 722
679 1181
679 1810
680 875
680 932
681 746
681 784
681 1181
681 1348
682 1651
682 1873
683 927
683 974
683 1658
683 1906
684 857
685 825
685 1724
686 729
686 1728
687 953
687 1496
688 1417
688 1685
688 1985
689 1178
689 1211
689 1921
690 855
690 1150
690 1368
691 1131
691 1943
692 992
692 1054
692 1640
693 1810
693 1867
693 1904
694 742
694 1006
694 1281
694 1369
694 1520
694 1932
695 1406
695 1899
695 1994
696 727
696 847
696 1674
698 1074
698 1274
698 1480
699 721
699 856
699 1742
700 1274
701 1519
701 1624
701 1772
702 1186
702 1352
705 738
705 799
705 1571
707 1513
707 1537
708 989
708 1362
708 1487
709 722
709 899
710 713
711 846
711 942
711 1663
712 818
712 938
712 1173
712 1808
713 1574
713 1656
714 1424
714 1469
714 1570
715 764
715 1179
715 1274
716 887
716 967
716 1342
717 788
717 1644
717 1717
717 1857
718 1009
718 1860
719 789
719 944
719 1134
719 1346
719 1431
720 1029
721 879
721 1079
721 1165
721 1310
722 1754
723 871
724 1181
724 1577
725 1775
726 960
726 1191
727 1104
727 1126
728 1075
729 1275
729 1897
731 1400
731 1520
731 1681
732 1660
733 1134
733 1473
734 1226
734 1972
735 890
735 1155
735 1952
736 1066
737 961
737 1092
739 1399
739 1805
740 1255
741 1202
741 1488
741 1847
743 1478
744 934
744 1469
744 1892
745 1885
747 1103
747 1336
747 1352
748 859
749 1164
750 754
750 949
750 1863
751 962
751 1505
751 1903
753 964
753 1309
755 1224
755 1287
755 1843
756 1963
757 1565
758 1337
759 886
759 902
759 1875
761 1005
761 1331
761 1435
762 789
762 1307
763 1860
763 1919
764 786
764 1673
767 1303
768 1165
768 1262
768 1492
769 1140
770 846
770 1009
770 1269
770 1901
771 1081
771 1510
771 1966
772 1244
772 1483
774 1444
774 1658
775 1092
776 1015
777 1288
777 1866
777 1916
778 1232
779 1527
779 1734
780 1062
780 1100
782 818
783 1112
784 843
784 1321
785 1291
785 1292
785 1857
786 814
786 964
786 1503
787 1893
788 1756
789 901
789 1467
790 1071
790 1789
791 814
792 1075
792 1456
792 1594
793 1407
794 1470
795 847
795 954
795 1956
795 1961
796 1195
796 1499
796 1596
797 1331
797 1874
798 1092
798 1908
799 992
799 1466
800 870
800 1122
800 1188
801 1132
801 1371
802 1453
802 1726
803 1033
805 983
805 1315
805 1522
808 1204
808 1243
808 1351
809 881
809 957
809 1552
810 1572
810 1603
810 1946
811 1706
812 1053
812 1272
813 853
814 967
814 1976
815 829
815 1281
815 1306
815 1380
816 1001
816 1079
817 847
817 1100
817 1112
817 1471
817 1664
817 1884
818 920
818 942
818 1583
818 1779
819 1010
819 1767
819 1975
820 1856
821 997
821 1679
822 1779
823 1108
823 1230
823 1392
823 1681
823 1688
823 1837
824 1031
825 973
825 1979
826 835
826 1188
826 1843
826 1974
827 1877
828 1675
829 1157
830 832
830 887
830 961
830 1252
830 1588
830 1684
830 1924
831 1285
831 1820
831 1885
832 1195
832 1602
832 1814
832 1928
834 1286
834 1919
836 1918
836 1975
837 894
837 1753
838 1373
839 1627
839 1846
840 1681
840 1974
842 1938
843 1996
844 1753
845 1179
845 1792
847 1427
847 1996
848 1928
849 1323
850 1307
851 1347
852 1431
852 1484
852 1617
855 948
855 1132
855 1920
856 1440
856 1886
857 947
857 1258
857 1554
857 1606
857 1622
859 1495
859 1648
859 1735
860 1277
860 1962
860 1972
861 1398
861 1619
861 1761
863 960
864 1897
865 1207
865 1827
866 979
866 1978
867 972
867 1194
867 1489
869 1253
869 1354
870 980
870 1777
871 1819
873 1210
873 1555
873 1891
874 990
874 1046
874 1829
875 978
876 1310
876 1341
876 1550
877 1047
877 1700
878 1384
878 1840
878 1911
880 1429
880 1462
880 1588
880 1787
881 972
881 1516
882 1104
883 1078
883 1203
883 1605
883 1817
883 1950
884 1022
884 1355
884 1504
885 1163
885 1689
886 1226
886 1785
887 1441
887 1649
888 987
888 1080
888 1822
888 1879
889 1071
891 899
891 936
891 1632
892 995
892 1810
893 1233
893 1454
895 902
895 1160
895 1704
896 1152
897 989
897 1998
898 1104
898 1741
898 1915
899 1024
899 1982
901 1335
901 1366
901 1639
902 988
902 1203
902 1559
903 1058
903 1290
904 1083
904 1413
904 1934
905 1565
905 1578
905 1591
905 1897
906 1370
907 1175
907 1385
908 958
908 1413
909 1652
910 1725
910 1985
910 1993
911 973
911 1766
912 1067
912 1704
912 1710
912 1829
913 1060
913 1356
913 1601
913 1690
913 1857
914 963
914 1394
914 1566
914 1630
914 1855
914 1870
915 1748
915 1783
917 1455
917 1504
919 1874
920 1387
920 1886
920 1935
921 958
921 1905
922 1453
923 1087
923 1582
924 945
924 1650
925 1210
925 1487
925 1572
926 1795
928 1093
928 1538
930 1306
930 1623
930 1764
931 956
931 966
931 1778
933 1020
933 1166
933 1424
933 1951
934 1905
937 1188
937 1312
937 1382
937 1649
937 1685
938 979
938 1288
938 1947
939 1713
940 1762
941 1159
941 1545
942 1568
943 1621
944 1118
945 1912
946 1033
946 1130
946 1278
947 1294
947 1592
947 1618
948 1285
948 1300
948 1332
949 1296
949 1692
950 1274
951 1022
951 1168
951 1308
951 1585
951 1975
954 1736
955 1346
955 1462
955 1526
955 1917
955 1977
956 1409
957 1803
957 1841
958 1019
958 1671
958 1735
958 1895
960 1854
961 1388
961 1390
961 1640
962 1181
963 1088
963 1465
964 982
965 1584
965 1967
966 1357
966 1984
967 1070
967 1774
969 1370
970 1833
971 1290
972 1098
972 1325
974 1719
974 1773
976 980
976 1358
977 1128
977 1990
978 979
978 1353
979 1485
979 1525
979 1720
980 1491
980 1957
982 1445
982 1744
983 1344
984 1143
984 1875
985 1625
985 1938
987 1063
987 1670
987 1995
988 1116
989 1867
989 1953
990 1366
990 1471
990 1488
990 1658
991 1154
991 1774
993 1339
993 1423
993 1569
993 1760
994 1130
994 1303
994 1801
995 1121
995 1177
995 1484
995 1810
996 1129
997 1605
999 1060
999 1842
1000 1526
1000 1589
1001 1257
1002 1262
1002 1662
1002 1993
1003 1069
1003 1161
1004 1059
1004 1081
1005 1012
1005 1677
1007 1034
1007 1694
1008 1202
1009 1872
1009 1958
1009 1977
1010 1596
1011 1876
1011 1998
1012 1478
1012 1672
1015 1209
1015 1435
1015 1780
1018 1326
1019 1202
1021 1070
1021 1521
1021 1803
1021 1918
1022 1285
1022 1456
1022 1467
1023 1317
1023 1407
1024 1394
1024 1855
1025 1914
1026 1760
1027 1531
1027 1710
1028 1455
1030 1979
1031 1285
1031 1464
1031 1494
1031 1780
1032 1187
1032 1525
1032 1753
1034 1550
1035 1196
1035 1400
1035 1910
1035 1949
1036 1329
1036 1370
1036 1705
1036 1767
1036 1815
1037 1211
1037 1596
1038 1450
1040 1427
1042 1242
1042 1307
1043 1247
1043 1910
1044 1091
1045 1217
1046 1110
1046 1619
1046 1728
1046 1967
1047 1063
1047 1966
1048 1301
1048 1640
1049 1107
1049 1241
1049 1562
1052 1400
1052 1419
1052 1988
1053 1100
1053 1107
1053 1455
1054 1340
1054 1623
1055 1491
1056 1291
1056 1480
1057 1580
1058 1390
1058 1430
1058 1872
1059 1622
1059 1635
1059 1857
1060 1126
1061 1441
1062 1453
1062 1771
1063 1378
1063 1879
1064 1106
1064 1941
1064 1950
1065 1473
1065 1797
1066 1924
1067 1347
1068 1274
1068 1480
1068 1743
1070 1134
1071 1453
1071 1646
1071 1901
1072 1179
1072 1192
1072 1513
1075 1255
1075 1544
1075 1557
1076 1636
1077 1145
1077 1800
1078 1532
1078 1718
1079 1260
1080 1413
1081 1339
1082 1272
1082 1279
1082 1478
1082 1632
1083 1183
1083 1520
1083 1903
1084 1527
1084 1539
1084 1575
1084 1969
1085 1130
1086 1531
1086 1920
1087 1456
1087 1742
1088 1770
1088 1871
1089 1293
1089 1332
1091 1448
1092 1447
1092 1814
1093 1757
1094 1661
1095 1369
1095 1456
1095 1756
1096 1184
1096 1219
1096 1305
1097 1179
1097 1843
1097 1986
1098 1258
1098 1519
1099 1832
1100 1405
1102 1663
1102 1679
1103 1512
1103 1737
1104 1400
1104 1467
1105 1766
1105 1849
1106 1459
1106 1997
1107 1536
1109 1219
1112 1206
1112 1453
1112 1470
1114 1783
1115 1209
1115 1227
1115 1619
1115 1748
1116 1140
1116 1152
1116 1575
1117 1143
1117 1427
1117 1939
1118 1474
1122 1350
1123 1582
1125 1570
1126 1980
1127 1400
1128 1259
1128 1271
1129 1308
1129 1879
1130 1560
1130 1575
1131 1986
1132 1617
1133 1338
1135 1290
1135 1366
1136 1255
1136 1613
1137 1530
1140 1442
1140 1963
1141 1831
1141 1902
1141 1904
1144 1792
1146 1523
1146 1870
1147 1341
1147 1870
1147 1944
1147 1981
1148 1328
1149 1513
1149 1811
1152 1983
1154 1976
1155 1648
1156 1237
1156 1520
1159 1351
1161 1164
1161 1742
1162 1690
1163 1522
1163 1758
1164 1568
1164 1612
1165 1777
1165 1784
1165 1836
1166 1508
1166 1604
1166 1839
1168 1239
1169 1856
1170 1443
1171 1246
1171 1962
1172 1274
1172 1581
1172 1613
1173 1410
1174 1349
1174 1621
1174 1736
1175 1617
1175 1636
1175 1643
1176 1844
1177 1691
1177 1909
1179 1326
1179 1744
1180 1509
1182 1374
1182 1861
1183 1435
1185 1294
1186 1690
1187 1550
1187 1626
1187 1775
1187 1802
1190 1263
1191 1766
1192 1470
1192 1845
1193 1331
1194 1235
1194 1264
1194 1689
1194 1691
1195 1437
1195 1736
1195 1892
1199 1371
1202 1305
1202 1346
1202 1540
1202 1559
1203 1575
1203 1679
1203 1757
1203 1872
1207 1789
1208 1341
1210 1665
1210 1892
1212 1697
1212 1710
1213 1635
1214 1540
1215 1582
1216 1360
1216 1723
1216 1925
1218 1697
1218 1708
1218 1915
1219 1441
1219 1465
1220 1622
1220 1664
1220 1922
1221 1592
1221 1844
1221 1999
1222 1597
1222 1969
1223 1323
1224 1400
1227 1505
1227 1713
1228 1605
1229 1434
1229 1445
1229 1488
1230 1652
1232 1569
1232 1944
1233 1760
1233 1766
1233 1996
1236 1284
1238 1721
1240 1314
1240 1463
1240 1730
1240 1913
1241 1663
1242 1809
1243 1395
1243 1664
1246 1362
1248 1397
1248 1780
1248 1996
1249 1589
1249 1687
1250 1519
1251 1467
1251 1604
1251 1790
1251 1940
1253 1767
1254 1391
1254 1788
1255 1417
1255 1996
1256 1763
1257 1509
1258 1575
1260 1290
1260 1632
1260 1788
1261 1590
1262 1725
1262 1753
1268 1309
1268 1501
1269 1516
1270 1815
1271 1937
1272 1413
1274 1565
1275 1641
1276 1796
1276 1810
1277 1561
1278 1988
1280 1636
1284 1444
1284 1628
1284 1972
1285 1577
1286 1605
1286 1738
1287 1346
1288 1513
1289 1443
1292 1336
1293 1649
1293 1805
1293 1888
1293 1952
1295 1427
1295 1805
1297 1798
1297 1808
1300 1918
1301 1430
1301 1622
1302 1798
1304 1623
1305 1759
1306 1420
1307 1951
1308 1325
1308 1978
1308 1988
1308 1999
1310 1501
1310 1721
1310 1963
1311 1325
1311 1591
1314 1510
1315 1864
1315 1927
1319 1719
1319 1839
1321 1610
1322 1828
1323 1470
1324 1860
1325 1945
1325 1953
1326 1328
1326 1711
1329 1343
1329 1458
1330 1540
1330 1961
1331 1622
1332 1832
1332 1864
1333 1364
1334 1677
1336 1400
1336 1485
1336 1891
1338 1560
1338 1857
1339 1545
1340 1360
1341 1372
1341 1671
1342 1415
1343 1510
1343 1535
1343 1771
1343 1858
1343 1930
1345 1471
1346 1502
1347 1532
1347 1693
1348 1530
1348 1837
1349 1659
1352 1366
1352 1458
1353 1443
1353 2000
1354 1483
1355 1812
1355 1941
1356 1415
1357 1556
1357 1655
1357 1711
1359 1433
1360 1711
1361 1420
1361 1557
1361 1983
1362 1687
1362 1888
1362 1891
1363 1380
1363 1532
1367 1729
1367 1759
1368 1539
1369 1567
1369 1718
1369 1854
1369 1953
1371 1571
1371 1579
1372 1744
1372 1769
1374 1518
1374 1578
1374 1836
1376 1672
1377 1727
1378 1437
1378 1536
1381 1977
1382 1564
1382 1961
1383 1418
1385 1715
1385 1776
1386 1410
1386 1618
1386 1732
1386 1921
1390 1644
1390 1735
1392 1868
1393 1770
1393 1834
1394 1766
1396 1523
1396 1848
1397 1648
1398 1423
1398 1740
1399 1588
1399 1882
1401 1585
1401 1644
1402 1990
1403 1854
1404 1522
1404 1545
1407 1597
1407 1835
1408 1442
1408 1473
1408 1496
1408 1738
1410 1602
1410 1746
1410 1917
1411 1936
1412 1436
1414 1990
1415 1743
1417 1508
1418 1503
1418 1617
1418 1814
1418 1866
1418 1944
1419 1680
1420 1969
1421 1924
1422 1699
1422 1968
1425 1474
1427 1785
1429 1660
1429 1701
1429 1897
1430 1895
1433 1600
1433 1983
1434 1859
1436 1624
1437 1983
1439 1975
1440 1570
1440 1714
1440 1834
1441 1614
1442 1462
1443 1527
1443 1544
1443 1642
1445 1622
1446 1549
1447 1526
1447 1540
1449 1571
1449 1844
1449 1985
1451 1779
1452 1519
1452 1780
1453 1745
1456 1614
1457 1701
1460 1702
1460 1862
1461 1896
1462 1614
1463 1625
1464 1747
1464 1960
1465 1766
1466 1659
1468 1540
1468 1904
1470 1760
1471 1759
1472 1580
1472 1827
1473 1903
1473 1920
1474 1722
1474 1797
1475 1497
1477 1800
1478 1502
1478 1788
1479 1955
1480 1884
1482 1975
1484 1993
1487 1787
1487 1898
1489 1904
1490 1590
1491 1551
1491 1924
1491 1971
1493 1729
1493 1850
1494 1788
1497 1893
1498 1929
1499 1617
1502 1795
1508 1753
1508 1783
1508 1980
1509 1561
1509 1665
1510 1890
1510 1993
1512 1657
1514 1554
1514 1852
1515 1539
1516 1547
1516 1839
1516 1900
1518 1676
1519 1703
1523 1556
1524 1763
1524 1789
1526 1891
1529 1764
1531 1788
1531 1987
1533 1760
1535 1646
1536 1658
1542 1895
1544 1823
1545 1787
1547 1880
1547 1929
1548 1887
1550 1806
1550 1996
1552 1577
1553 1556
1553 1688
1554 1589
1555 1976
1561 1904
1563 1744
1563 1920
1564 1784
1564 1979
1566 1802
1567 1872
1569 1594
1569 1605
1569 1759
1569 1841
1570 1755
1570 1811
1574 1641
1578 1617
1578 1735
1579 1760
1580 1962
1581 1605
1581 1727
1581 1861
1581 1971
1582 1690
1582 1958
1583 1597
1584 1660
1585 1987
1586 1950
1587 1589
1588 1601
1595 1719
1599 1853
1604 1644
1604 1668
1604 1786
1604 1844
1604 1917
1605 1649
1606 1982
1607 1629
1607 1905
1609 1808
1610 1735
1610 1917
1611 1647
1611 1809
1613 1813
1615 1711
1618 1654
1618 1973
1619 1756
1620 1820
1620 1864
1621 1913
1623 1901
1625 1633
1628 1791
1628 1883
1630 1676
1631 1746
1632 1752
1632 1904
1633 1735
1635 1882
1636 1839
1638 1818
1641 1779
1642 1896
1642 1917
1642 1951
1644 1749
1644 1882
1646 1766
1646 1775
1646 1912
1646 1929
1651 1674
1651 1982
1654 1997
1655 1987
1659 1923
1662 1869
1663 1969
1664 1865
1666 1894
1667 1782
1670 1804
1671 1754
1671 1876
1671 1921
1674 1697
1674 1805
1674 1965
1676 1788
1679 1757
1680 1961
1681 1709
1681 1911
1684 1857
1685 1862
1686 1747
1686 1757
1686 1865
1686 1918
1686 1920
1694 1950
1695 1778
1697 1862
1699 1960
1704 1818
1704 1829
1711 1742
1711 1834
1714 1741
1717 1973
1719 1824
1719 1879
1720 1987
1725 1904
1729 1787
1729 1985
1731 1821
1731 1894
1732 1912
1732 1967
1733 1936
1734 1848
1737 1742
1739 1951
1741 1826
1745 1831
1748 1926
1749 1892
1751 1807
1751 1925
1757 1811
1759 1915
1760 1930
1761 1807
1766 1939
1766 1961
1773 1888
1775 1992
1776 1912
1776 1999
1780 1848
1780 1934
1781 1879
1785 1787
1789 1823
1789 1970
1807 1925
1810 1875
1811 1854
1813 1943
1817 1932
1819 1933
1819 1993
1820 1896
1822 1924
1825 1826
1826 1848
1833 1988
1834 1939
1837 2000
1839 1893
1846 1853
1849 1867
1850 1981
1856 1981
1860 1959
1861 1969
1863 1987
1864 1928
1867 1955
1875 1896
1885 1895
1885 1921
1886 1915
1898 1909
1898 1953
1899 1902
1900 1995
1903 1975
1904 1952
1914 1946
1922 1962
1922 1973
1929 1955
1937 1941
1958 1964
1990 1999
