2000
1 177
1 240
1 521
1 691
1 849
1 872
1 1061
1 1139
1 1427
1 1924
2 225
2 499
2 657
2 769
2 854
2 873
2 891
2 1773
3 114
3 250
3 565
3 956
3 1978
4 505
4 588
4 902
4 973
4 1466
4 1524
4 1650
4 1836
4 1951
5 518
5 539
5 767
5 936
5 991
5 1019
5 1369
6 777
6 1379
6 1671
7 25
7 220
7 395
7 415
7 440
7 879
7 1038
7 1746
8 157
8 591
8 763
8 798
8 1534
8 1649
8 1780
8 1830
8 1926
9 162
9 175
9 414
9 1074
9 1227
9 1257
9 1280
9 1711
10 146
10 248
10 461
10 558
10 616
11 62
11 242
11 843
11 1795
12 238
12 809
12 924
12 1517
12 1606
12 1686
12 1959
13 501
13 774
13 916
13 1333
13 1482
13 1571
13 1583
13 1852
14 157
14 191
14 831
14 852
14 1481
14 1799
15 408
15 1696
15 1697
15 1822
15 1858
16 226
16 232
16 654
16 992
16 1231
16 1253
16 1270
16 1278
16 1314
16 1534
16 1548
16 1800
16 1891
17 779
17 1004
17 1184
18 161
18 324
18 570
18 1644
18 1703
18 1981
19 122
19 523
19 1052
19 1410
19 1763
20 106
20 235
20 406
20 509
20 646
20 938
20 1461
21 488
21 513
21 780
21 844
21 1037
22 178
22 219
22 321
22 603
22 702
22 1081
22 1215
22 1401
22 1407
22 1907
23 40
23 250
23 601
23 962
23 965
23 1079
23 1158
23 1287
23 1766
24 149
24 332
24 387
24 534
24 1057
24 1611
24 1700
24 1870
25 85
25 488
25 678
25 989
26 66
26 164
26 432
26 531
26 1088
27 254
27 512
27 1582
27 1724
28 608
28 638
28 944
28 1448
28 1966
29 657
29 832
29 1318
29 1427
29 1444
29 1621
30 141
30 392
30 413
30 1426
30 1435
30 1816
31 180
31 183
31 705
31 1038
31 1061
31 1214
32 330
32 555
32 1390
32 1675
33 360
33 453
33 576
33 693
33 1129
33 1143
33 1272
33 1296
33 1479
33 1938
34 440
34 520
34 572
34 1255
35 474
35 1678
35 1754
36 274
36 437
36 513
36 878
36 917
36 1597
36 1799
37 322
37 543
37 1088
37 1100
37 1715
38 1301
38 1355
38 1565
38 1845
38 1944
39 124
39 548
39 634
39 1057
39 1239
39 1584
40 180
40 834
40 1652
41 399
41 705
41 986
41 1052
41 1238
41 1821
41 1941
42 303
42 391
42 883
42 950
42 1915
42 1964
43 208
43 720
43 1145
43 1203
43 1325
43 1819
44 254
44 1336
45 373
45 1176
45 1272
45 1428
45 1605
45 1641
45 1735
45 1781
46 309
46 468
46 803
46 996
46 1022
46 1283
46 1894
47 128
47 516
47 645
47 841
47 1326
47 1644
48 63
48 187
48 883
48 1836
49 759
49 802
49 1375
49 1533
49 1620
49 1926
50 253
50 332
50 423
50 447
50 496
50 688
50 900
50 1137
50 1248
51 174
51 491
51 789
51 867
51 886
51 1249
51 1297
52 313
52 378
52 496
52 510
52 649
52 684
52 1107
53 267
53 608
53 624
53 737
53 741
53 1297
53 1478
54 206
54 284
54 664
54 1121
54 1123
54 1256
55 299
55 463
55 913
55 1192
55 1303
55 1478
55 1697
55 1699
56 150
56 715
56 1035
56 1324
56 1470
57 436
57 712
57 812
57 1282
57 1995
58 140
58 441
58 563
58 1829
58 1845
58 1903
59 102
59 714
59 834
59 1171
59 1300
59 1385
59 1410
59 1647
59 1822
59 1971
60 179
60 194
60 384
60 506
60 621
60 629
60 652
60 668
60 1180
60 1796
60 1927
60 1997
61 127
61 325
61 449
61 496
61 523
61 889
61 1054
61 1398
62 916
62 1175
62 1507
63 601
63 836
63 1246
63 1269
63 1810
64 404
64 981
64 1985
65 594
65 956
65 971
65 1437
66 122
66 541
66 773
66 1390
66 1537
67 68
67 224
67 415
67 840
67 1040
67 1776
67 1859
67 1876
67 1923
68 92
68 216
68 480
68 509
68 718
68 782
68 931
68 1170
69 247
69 401
69 458
69 517
69 542
69 705
69 852
69 1031
69 1152
70 158
70 971
70 1762
71 469
71 969
71 1016
71 1041
71 1056
71 1127
71 1219
71 1447
71 1656
71 1722
71 1841
72 536
72 1740
72 1970
73 439
73 679
73 792
73 1423
74 197
74 219
74 924
74 1370
74 1387
74 1474
74 1585
74 1759
75 220
75 299
75 320
75 465
75 706
75 726
75 880
75 1091
75 1126
75 1441
75 1594
75 1888
76 128
76 176
76 347
76 487
76 556
76 681
76 714
77 1076
77 1108
77 1235
77 1505
78 341
78 549
78 763
78 1086
78 1552
78 1577
79 138
79 245
79 395
79 563
79 1049
79 1473
79 1573
79 1748
79 1843
80 609
80 971
80 1333
80 1567
81 139
81 829
81 1153
81 1639
81 1778
81 1804
82 110
82 247
82 773
82 826
82 949
82 1226
82 1507
82 1610
82 1690
83 249
83 531
83 738
83 1021
83 1037
83 1139
83 1163
83 1233
83 1408
83 1714
84 708
84 880
84 904
84 1390
84 1531
84 1764
84 1868
85 91
85 108
85 191
85 372
85 586
85 682
85 870
85 906
85 1290
86 270
86 303
86 331
86 436
86 439
86 1785
87 295
87 611
87 949
87 1193
87 1554
87 1582
87 1726
87 1818
87 1865
88 206
88 731
88 968
88 1778
89 218
89 1554
89 1735
89 1993
90 180
90 249
90 592
90 1256
90 1342
91 191
91 407
91 853
91 1265
91 1310
91 1822
91 1879
92 496
92 637
92 826
92 847
92 1960
93 128
93 254
93 1015
93 1084
93 1302
93 1319
93 1725
94 341
94 1079
94 1617
94 1640
94 1812
94 1817
95 1248
95 1339
95 1404
95 1628
95 1689
96 207
96 241
96 540
96 930
96 1359
96 1525
96 1682
97 481
97 1116
97 1342
97 1915
97 1997
98 269
98 580
99 605
99 628
99 656
99 732
99 1191
99 1428
99 1945
100 162
100 313
100 1076
100 1163
100 1232
100 1346
101 219
101 393
101 614
101 1092
101 1239
101 1279
101 1355
101 1430
101 1812
101 1836
102 200
102 620
102 698
102 842
102 1357
102 1597
102 1604
102 1999
103 124
103 321
103 486
103 555
103 693
103 928
103 1251
103 1267
103 1567
103 1708
103 1864
103 1943
104 172
104 1199
104 1437
104 1968
105 307
105 330
105 576
105 748
105 944
105 1189
105 1359
106 403
106 568
106 908
106 1202
106 1650
107 492
107 958
107 983
107 1220
107 1837
107 1956
107 1958
108 672
108 743
108 888
108 905
108 969
108 1235
109 127
109 504
109 616
109 1121
109 1387
109 1399
110 264
110 738
110 901
110 1025
110 1225
110 1813
111 114
111 601
111 1309
111 1574
111 1891
112 306
112 525
112 801
112 1073
112 1304
112 1332
112 1370
112 1633
113 644
113 757
113 1176
113 1190
113 1346
113 1586
113 1784
114 345
114 417
114 652
114 909
114 1685
114 1796
115 326
115 958
115 1146
115 1162
115 1214
115 1269
115 1456
115 1782
116 480
116 1186
116 1274
116 1670
116 1778
117 448
117 856
117 877
117 948
118 219
118 277
118 353
118 391
118 439
118 888
119 191
119 494
119 520
119 529
119 661
119 823
119 1275
119 1685
119 1825
120 723
121 136
121 517
121 1120
121 1171
121 1393
121 1856
122 382
122 404
122 427
122 690
122 1368
123 144
123 228
123 262
123 493
123 622
123 738
123 1018
123 1140
123 1522
123 1544
124 407
124 540
124 1294
124 1310
124 1331
124 1341
124 1976
125 1316
125 1527
125 1707
126 382
126 710
126 766
126 818
126 1472
126 1690
126 1717
126 1894
126 1941
127 144
127 219
127 614
127 1192
127 1208
127 1297
128 627
128 1433
128 1647
129 281
129 379
129 842
129 907
129 1301
130 724
130 777
130 833
130 1021
130 1156
130 1403
130 1776
131 209
131 575
131 752
131 1022
131 1662
131 1768
132 390
132 408
132 607
132 785
132 845
132 1027
132 1088
132 1146
132 1738
133 223
133 501
133 1225
133 1256
133 1489
133 1782
134 144
134 473
134 558
134 613
134 1374
134 1776
134 1896
135 500
135 860
135 1302
135 1385
135 1449
135 1578
135 1931
136 272
136 1073
136 1291
136 1363
136 1577
136 1746
136 1781
136 1824
136 1837
137 185
137 563
137 1123
137 1433
137 1644
137 1655
137 1662
138 565
138 787
138 1123
138 1683
139 261
139 360
139 926
139 1615
140 434
140 660
140 992
140 1712
140 1723
140 1767
140 1911
141 452
141 1041
141 1076
141 1493
142 412
142 742
142 823
142 1139
142 1144
142 1906
143 930
143 1019
143 1324
143 1362
143 1431
143 1910
144 164
144 347
144 575
144 1650
144 1769
144 1908
145 422
145 793
145 1179
145 1437
145 1813
146 947
146 1040
146 1206
146 1401
146 1483
146 1705
147 427
147 624
147 641
147 657
147 1708
148 355
148 447
148 524
148 1655
148 1662
148 1886
149 164
149 272
149 346
149 392
149 848
149 900
149 1114
149 1706
149 1942
150 482
150 1000
150 1245
150 1894
151 213
151 484
151 690
151 777
151 783
151 943
151 1416
151 1798
152 160
152 257
152 1117
152 1248
152 1824
152 1893
152 1897
153 208
153 295
153 459
153 812
153 817
153 1147
153 1242
153 1879
153 1883
153 1997
154 468
154 673
154 1401
154 1516
154 1802
155 284
155 1222
155 1698
155 1758
156 233
156 264
156 731
156 898
156 1523
156 1967
157 217
157 485
157 588
157 966
157 1138
157 1157
157 1215
157 1337
157 1417
158 437
158 521
158 526
158 946
158 1297
158 1679
158 1803
159 592
159 990
159 1520
159 1825
160 754
160 994
160 1057
160 1103
161 835
161 1489
161 1582
161 1798
161 1866
161 1919
161 1944
162 802
162 1004
162 1073
162 1123
162 1432
162 1903
163 268
163 304
163 315
163 373
163 1282
163 1557
163 1615
164 292
164 388
164 621
164 1112
165 169
165 336
165 867
165 1007
165 1154
166 765
166 1711
166 1737
167 266
167 1132
167 1531
167 1936
168 220
168 582
168 1111
168 1757
169 584
169 846
169 895
170 454
170 737
170 1119
170 1220
170 1948
170 1983
171 421
171 582
171 603
171 695
171 721
171 735
171 1092
171 1615
171 1621
173 294
173 643
173 887
173 1004
173 1819
174 191
174 332
174 1064
174 1233
174 1595
174 1673
174 1716
174 1728
174 1854
175 215
175 953
175 1514
176 251
176 458
176 723
176 1082
177 208
177 1043
177 1377
177 1875
177 1893
177 1956
178 536
178 560
178 587
178 605
178 895
178 1402
178 1502
178 1753
178 1799
178 1893
179 531
179 1357
179 1419
179 1623
179 1754
179 1934
180 414
180 754
180 811
180 1007
180 1316
180 1415
180 1600
180 1743
181 272
181 812
181 1124
181 1277
181 1550
181 1615
181 1637
181 1809
181 1844
181 1848
182 376
182 546
182 952
182 1275
182 1913
183 370
183 644
183 907
183 1417
183 1442
183 1517
183 1714
184 289
184 350
184 774
184 1634
184 1747
185 954
185 1446
185 1642
185 1801
185 1951
186 627
186 633
186 643
186 812
186 1543
186 1613
186 1915
187 297
187 415
187 707
187 793
187 1109
187 1147
187 1178
187 1516
187 1748
187 1938
188 577
188 1009
188 1103
188 1801
188 1815
189 441
189 953
189 994
189 1309
189 1369
189 1375
189 1973
190 1339
190 1536
190 1964
191 404
191 899
191 1291
191 1628
191 1716
192 311
192 314
192 349
192 472
192 626
192 1506
192 1540
192 1940
193 277
193 591
194 387
194 859
194 1673
195 635
195 1016
195 1445
195 1665
195 1702
196 306
196 502
196 542
196 652
196 659
196 837
196 944
196 1459
196 1758
196 1938
197 305
197 820
197 830
197 1318
197 1438
197 1498
197 1567
197 1806
198 451
198 717
198 747
198 821
198 1322
198 1468
199 447
199 763
199 937
199 1354
199 1687
199 1721
200 232
200 1089
200 1591
201 1132
201 1571
202 787
202 1647
202 1707
202 1871
202 1987
203 241
203 1881
203 1888
204 745
204 932
204 954
204 1257
205 453
205 574
205 1629
205 1743
205 1793
206 322
206 1511
206 1838
207 260
207 601
207 794
207 836
207 932
207 1054
207 1296
208 396
208 655
208 1003
208 1388
208 1505
208 1870
209 510
209 591
209 1907
210 462
210 792
210 1228
210 1586
211 600
211 628
211 951
211 1284
211 1531
211 1797
212 402
212 1101
213 487
213 710
213 971
213 1404
213 1544
213 1604
213 1712
213 1796
213 1920
214 353
214 453
214 650
214 849
214 901
214 1400
214 1765
215 227
216 271
216 593
216 769
216 1050
216 1511
216 1629
217 850
217 949
217 1708
218 1372
218 1630
219 400
219 1175
219 1216
219 1311
219 1957
220 349
220 701
220 735
220 820
220 858
220 904
220 1467
220 1775
221 924
221 1299
221 1913
222 290
222 706
222 1308
222 1470
223 243
223 268
223 407
223 1185
223 1567
224 1195
224 1258
225 252
225 310
225 576
225 712
225 1030
225 1148
225 1213
225 1882
226 667
226 677
226 929
226 1306
226 1580
226 1871
227 394
227 423
227 522
227 814
227 1529
228 307
228 617
228 1398
228 1975
229 664
229 821
229 1856
230 283
230 363
230 653
230 1002
230 1358
230 1598
231 869
231 975
231 1083
231 1977
232 632
232 676
232 764
232 990
232 1043
232 1094
232 1768
232 1943
233 357
233 719
233 880
233 1526
233 1599
233 1688
234 255
234 479
234 1986
235 843
235 1322
236 830
236 1069
236 1123
236 1593
236 1594
237 516
237 708
237 766
237 1697
238 1003
238 1669
238 1931
239 393
239 644
239 681
239 1949
240 593
240 755
240 1159
240 1180
240 1491
240 1936
241 247
241 304
241 322
241 856
241 1140
241 1683
241 1772
242 304
242 525
242 675
242 1744
243 846
243 880
243 1120
243 1809
244 357
244 595
244 818
244 1263
244 1406
244 1415
244 1887
245 790
245 794
245 949
245 1325
245 1534
245 1622
245 1875
246 566
246 1204
246 1866
247 956
247 1194
247 2000
248 1142
248 1191
248 1285
248 1394
248 1611
249 619
249 1065
249 1433
249 1447
249 1682
249 1783
249 1892
249 1983
250 271
250 289
250 326
250 1097
250 1158
250 1872
251 512
251 548
251 879
251 886
251 1526
251 1563
252 322
252 538
252 616
252 664
252 896
252 913
252 1580
252 1856
252 1869
253 814
253 825
253 940
253 956
253 1034
253 1612
253 1744
253 1849
253 1912
254 355
254 627
254 947
254 1132
254 1159
254 1204
254 1951
255 420
255 476
255 577
255 579
255 897
255 982
255 1021
255 1062
255 1280
255 1611
255 1614
255 1650
255 1802
256 266
256 685
256 1419
256 1439
256 1467
256 1602
256 1647
256 1848
256 1911
257 464
257 502
257 512
257 973
258 354
258 419
258 588
258 829
258 1096
259 381
259 608
259 652
259 688
259 1575
260 385
260 421
260 804
260 1452
260 1925
261 800
261 1256
261 1455
261 1476
261 1970
262 922
262 1948
263 374
263 507
263 1191
263 1373
264 740
264 789
264 1674
264 1999
265 1067
266 478
266 823
266 1184
266 1244
266 1409
266 1771
266 1827
267 842
267 1092
267 1353
267 1677
268 350
268 865
268 1590
268 1868
269 1408
269 1932
270 702
270 851
270 1680
270 1689
271 415
271 691
271 878
271 1462
271 1731
271 1782
272 357
272 425
272 1073
272 1665
273 492
273 538
273 1013
273 1272
273 1624
273 1957
274 319
274 944
274 947
274 1251
275 531
275 1922
276 567
276 813
276 1136
276 1271
276 1319
276 1842
277 892
277 1051
277 1156
277 1302
277 1843
277 1940
278 599
278 758
278 789
278 824
278 1115
278 1122
278 1241
278 1644
278 1732
278 1749
278 1786
278 1809
278 1847
278 1911
279 779
279 1106
279 1334
280 441
280 778
280 855
280 970
280 1165
280 1854
281 343
281 642
281 729
281 1121
281 1296
281 1595
282 397
282 632
282 869
282 935
282 1166
283 455
283 899
283 1912
284 735
284 1034
284 1124
284 1505
284 1581
284 1612
285 311
285 447
285 1241
285 1328
286 294
286 418
286 1373
286 1589
286 1755
286 1952
287 536
287 770
287 1683
287 1982
288 496
288 1221
288 1511
289 1077
289 1200
289 1208
289 1659
289 1832
289 1886
290 414
290 506
290 650
290 1114
290 1279
290 1307
290 1437
290 1509
290 1874
291 444
291 632
291 886
291 1035
291 1690
291 1693
291 1699
291 1804
292 338
292 826
292 1288
292 1631
293 683
293 778
293 1582
293 1633
293 1771
294 441
294 513
294 773
294 1037
294 1085
294 1244
294 1276
294 1280
294 1419
294 1507
295 371
295 681
295 819
295 1061
295 1297
296 627
296 913
296 966
296 1084
296 1174
296 1201
296 1351
296 1730
297 359
297 565
297 1021
297 1790
298 1000
298 1014
298 1374
298 1404
298 1765
298 1843
299 618
299 899
299 1604
299 1720
300 475
300 854
300 1166
300 1260
300 1326
300 1797
300 1963
301 325
301 849
301 997
301 1236
301 1382
301 1499
301 1570
302 1412
302 1681
302 1702
302 1884
303 695
303 1308
303 1561
304 516
304 1614
304 1967
305 861
305 996
305 1536
305 1672
305 1734
306 339
306 463
306 490
306 537
306 810
306 1005
306 1595
306 1813
306 1862
307 883
307 1229
307 1335
307 1607
307 1634
307 1949
308 977
308 1191
308 1360
308 1372
308 1690
308 1755
308 1785
308 1789
308 1805
308 1861
308 1960
309 378
309 524
309 537
309 559
309 610
309 710
309 1419
309 1560
310 509
310 636
310 866
310 1116
310 1277
310 1365
310 1564
310 1626
310 1634
310 1638
310 1648
310 1795
311 669
311 1065
311 1161
311 1183
311 1390
312 1088
312 1384
313 1531
313 1550
314 929
314 1086
314 1138
314 1954
315 634
315 637
315 739
315 835
315 1145
315 1306
316 540
316 942
316 970
316 1121
316 1664
317 663
317 801
317 1091
317 1414
317 1656
318 502
318 589
318 732
318 789
318 937
318 1484
318 1650
318 1931
318 1975
319 410
319 672
319 876
319 1201
320 403
320 719
320 1059
320 1865
321 488
321 975
321 1085
321 1274
321 1551
322 323
322 568
322 1098
323 1492
323 1606
324 487
324 525
324 922
324 926
324 1194
324 1718
324 1834
325 614
325 768
325 772
325 1094
325 1333
325 1376
325 1434
325 1854
326 1100
326 1273
326 1315
326 1611
326 1942
327 848
327 1432
327 1694
328 353
328 1779
328 1878
329 448
329 558
329 1442
329 1515
329 1945
330 1135
330 1731
331 528
331 1222
331 1332
331 1585
331 1611
331 1660
332 474
332 629
332 631
332 635
332 673
332 965
332 1048
332 1313
333 1115
333 1181
333 1242
333 1963
334 658
335 468
335 765
335 860
335 922
335 930
335 1559
335 1780
336 667
336 817
336 852
336 1318
336 1883
336 1928
337 845
337 971
337 1073
337 1120
337 1935
338 819
338 1092
338 1124
338 1577
338 1614
338 1698
339 439
339 773
339 933
339 1343
339 1505
339 1966
340 901
340 1020
340 1162
340 1886
341 841
341 940
341 1125
341 1513
341 1741
342 524
342 743
343 346
343 996
343 1024
343 1228
343 1501
343 1630
343 1740
343 1788
344 456
344 752
344 1107
344 1412
344 1495
344 1695
344 1751
344 1830
345 496
345 888
345 1413
345 1477
345 1484
345 1652
345 1803
346 504
346 561
346 968
346 1066
346 1468
346 1723
346 1899
347 706
347 1532
348 399
348 482
348 513
348 617
348 993
348 1408
348 1652
348 1682
348 1763
349 441
349 537
349 1542
349 1764
349 1975
350 454
350 724
350 1302
350 1319
350 1454
350 1484
350 1525
350 1959
351 496
351 1025
351 1446
351 1553
351 1796
352 564
352 672
352 850
352 1324
352 1467
353 1317
353 1323
353 1693
353 1729
354 516
354 1078
354 1157
354 1297
354 1392
354 1431
354 1989
355 407
355 603
355 853
355 1797
356 377
356 708
356 740
356 837
356 1581
356 1876
356 1894
357 885
357 1260
358 411
358 420
358 868
358 1084
358 1508
358 1659
358 1714
358 1738
358 1879
358 1880
359 522
359 1347
359 1806
360 693
360 1420
360 1687
360 1794
361 817
361 1444
361 1532
362 456
362 615
362 1574
362 1990
363 438
363 567
363 874
363 1092
363 1425
363 1611
363 1989
364 1113
364 1398
365 601
365 746
365 869
366 409
366 556
366 588
366 1435
366 1466
367 491
367 686
367 805
367 886
367 1941
368 867
368 993
368 1309
368 1682
368 1689
368 1713
368 1775
368 1782
369 930
369 1155
369 1182
369 1196
369 1249
369 1713
370 826
370 951
370 1089
370 1160
370 1189
370 1538
370 1721
371 574
371 576
371 582
371 767
371 778
372 1075
372 1108
372 1789
372 1899
373 742
373 944
373 1024
373 1170
373 1736
373 1874
373 1965
374 805
374 1803
374 1851
374 1888
375 708
375 1260
375 1657
375 1941
375 1962
376 473
376 603
376 780
376 1185
376 1187
377 1159
377 1521
377 1628
377 1804
378 471
378 629
378 691
378 1361
378 1430
379 722
379 794
379 1091
379 1648
379 1850
380 441
380 1150
380 1334
381 532
381 821
381 1113
381 1514
381 1836
382 388
382 422
382 1324
382 1844
383 386
383 1036
383 1164
383 1288
383 1493
383 1535
383 1662
383 1702
383 1828
383 1870
384 675
384 714
384 1101
384 1245
384 1496
385 649
385 699
385 1123
385 1373
385 1699
385 1805
386 978
386 1359
386 1710
387 1455
387 1929
388 522
388 659
388 684
388 703
388 1290
388 1398
388 1603
388 1677
388 1729
389 1005
389 1060
389 1697
389 1735
389 1773
389 1911
389 1944
390 455
390 457
390 572
390 867
390 891
390 906
390 1094
390 1126
390 1310
390 1850
390 1987
391 541
391 664
392 474
392 621
392 800
392 806
392 916
392 918
392 1205
392 1488
392 1495
392 1896
393 584
393 1117
393 1396
393 1698
393 1800
394 638
394 866
394 1065
394 1160
394 1301
394 1678
394 1704
395 717
395 735
395 774
395 878
395 1042
395 1912
396 871
396 1000
396 1136
396 1969
397 682
397 1604
397 1983
398 486
398 508
398 510
398 525
398 701
398 997
398 1047
398 1528
398 1791
398 1994
399 534
399 826
399 1462
400 673
400 1649
400 1690
400 1939
401 818
401 1909
401 1940
402 439
402 454
402 526
402 687
402 1282
402 1713
402 1789
402 1973
403 412
403 844
403 1625
403 1822
403 1903
403 1972
404 600
404 1002
404 1140
404 1356
404 1703
405 873
405 1012
405 1166
405 1168
405 1480
405 1530
406 665
406 1253
406 1405
406 1472
406 1549
406 1620
407 635
407 653
407 686
407 781
407 1020
407 1091
407 1627
408 1112
408 1398
408 1433
408 1520
408 1570
409 628
409 1695
409 1697
409 1800
410 1787
411 762
411 884
411 1011
411 1277
411 1647
411 1984
412 1071
412 1413
412 1445
412 1907
412 1966
413 870
414 431
414 1041
414 1683
415 582
415 1249
415 1391
415 1580
416 760
416 1595
416 1628
416 1762
417 751
418 466
418 688
418 1464
418 1669
419 802
419 842
419 1368
419 1399
420 482
420 1082
420 1185
420 1829
420 1915
420 1917
420 1972
421 427
421 661
421 717
421 915
421 1081
421 1433
421 1545
421 1606
421 1944
422 896
422 940
422 1589
422 1761
422 1895
423 511
423 528
423 813
423 831
423 976
423 1029
423 1995
424 833
424 1010
424 1189
424 1569
424 1843
424 1995
425 474
425 705
425 960
425 991
425 1045
425 1216
425 1427
425 1675
426 1096
426 1701
426 1771
426 1847
427 1118
427 1292
428 1197
428 1711
429 608
429 978
429 1137
429 1234
429 1338
429 1347
429 1364
430 538
430 578
430 698
430 916
430 1024
430 1331
430 1356
430 1710
430 1938
431 1210
431 1637
432 696
432 1182
432 1477
432 1597
432 1772
432 1833
433 454
433 699
433 1134
433 1267
433 1611
434 538
434 1050
434 1492
434 1532
434 1743
434 1794
435 1119
435 1121
435 1396
435 1854
435 1945
436 1212
436 1292
436 1435
436 1450
436 1686
436 1760
437 777
437 1067
437 1337
437 1499
437 1740
438 625
438 900
438 931
438 1226
438 1360
439 957
439 1024
439 1113
439 1418
439 1716
440 555
440 631
440 761
440 998
440 1010
440 1013
440 1049
440 1229
441 1073
441 1192
441 1278
441 1319
441 1547
442 670
442 1245
442 1247
442 1460
443 795
443 1631
443 1808
444 639
444 650
444 973
444 1859
444 1881
444 1961
445 521
445 648
445 844
445 1854
446 1020
446 1904
447 788
447 936
447 1318
447 1679
447 1737
448 1021
448 1168
448 1346
448 1441
448 1484
448 1635
449 659
449 712
449 1041
449 1068
449 1310
449 1355
449 1603
449 1689
449 1785
450 777
450 1300
450 1423
450 1493
450 1637
451 519
451 1073
451 1745
451 1998
452 687
452 780
453 597
453 1619
453 1623
453 1943
454 494
454 990
454 997
454 1344
454 1423
454 1454
454 1689
454 1726
454 1836
454 1986
455 476
455 836
455 873
455 975
455 1351
455 1455
455 1761
455 1849
455 1857
455 1963
456 500
456 817
456 1087
456 1250
456 1337
456 1553
456 1943
457 677
457 784
457 876
457 884
457 1316
457 1456
457 1472
458 496
458 569
458 1099
458 1137
458 1187
458 1432
458 1788
458 1904
459 537
459 566
459 1779
459 1834
460 642
460 733
460 781
460 1406
460 1483
460 1616
460 1659
461 506
461 895
461 1634
461 1788
461 1908
462 490
462 1157
462 1323
462 1387
462 1652
462 1718
462 1867
463 1008
463 1022
463 1051
463 1189
463 1300
463 1732
464 1073
464 1379
464 1750
464 1763
464 1774
465 1452
465 1890
466 513
466 943
466 1425
467 523
467 590
467 622
467 1692
468 666
468 910
468 1253
468 1314
468 1555
469 894
469 921
469 1331
469 1467
469 1609
470 546
470 801
470 885
470 1067
471 1029
471 1296
472 951
472 1150
472 1227
472 1482
472 1511
472 1578
472 1753
472 1878
473 550
473 744
473 1146
473 1460
473 1503
473 1533
473 1801
473 1852
474 638
474 888
474 1769
474 1834
474 1957
475 491
475 844
475 964
475 1065
475 1246
475 1297
475 1884
475 1927
475 1984
476 1483
477 565
477 602
477 630
477 646
477 993
478 513
478 1035
478 1188
478 1362
478 1460
479 613
479 1035
479 1120
479 1515
479 1542
479 1933
480 548
480 866
480 1026
480 1127
480 1147
480 1433
480 1592
481 738
481 879
481 996
481 1226
481 1240
481 1321
481 1644
481 1907
482 1420
482 1522
482 1593
483 562
483 668
483 944
483 1138
483 1389
483 1785
483 1890
484 1471
484 1728
484 1769
485 1690
485 1886
486 1281
486 1949
487 535
487 536
487 653
487 1021
487 1054
487 1482
487 1950
488 1067
488 1100
488 1362
488 1882
489 916
489 1276
489 1608
490 529
490 687
490 1298
490 1432
490 1932
490 1991
491 655
491 910
491 1073
491 1566
491 1908
492 734
492 1122
492 1675
493 504
493 719
493 953
493 1850
494 855
494 1172
494 1746
495 662
495 1014
495 1374
495 1725
495 1994
496 524
496 1306
496 1739
496 1815
496 1917
497 890
497 895
497 1089
497 1261
497 1620
497 1754
497 1929
497 1966
498 934
498 1016
498 1072
498 1267
498 1317
498 1515
499 699
499 838
499 1233
499 1300
500 786
500 821
500 1052
501 622
501 628
501 866
501 956
501 1273
502 896
502 1203
502 1984
503 614
503 994
503 1409
503 1680
503 1794
504 837
504 1126
504 1199
504 1275
504 1849
505 613
505 737
505 1535
505 1617
505 1625
505 1769
506 1477
507 750
507 1283
507 1416
507 1513
507 1809
508 605
508 1091
508 1178
508 1344
508 1825
509 559
509 1662
509 1902
510 761
510 904
510 940
510 1575
511 808
511 939
511 993
511 1272
511 1928
511 1985
512 631
512 812
512 1142
512 1170
512 1512
512 1657
513 1203
513 1520
513 1661
513 1689
513 1980
514 610
514 953
514 997
514 1152
514 1203
514 1650
514 1755
515 663
515 887
515 912
516 594
516 608
516 812
516 826
516 980
516 1481
516 1520
517 720
517 762
517 831
517 1194
518 655
518 1168
518 1351
518 1514
519 530
519 604
519 633
519 1531
520 1118
520 1706
521 763
521 1849
522 724
522 838
522 843
523 943
523 1681
524 856
524 965
524 1274
524 1491
525 756
525 1157
525 1260
525 1483
525 1737
526 778
526 898
526 1082
526 1103
526 1139
526 1411
526 1914
527 835
527 1477
527 1958
528 849
528 1086
528 1247
528 1436
528 1605
529 1136
529 1168
529 1746
530 858
530 938
530 969
530 993
530 1066
530 1307
530 1865
531 645
531 661
531 903
531 1692
531 1714
532 576
532 1129
532 1694
533 1686
533 1918
534 630
534 819
534 1526
534 1702
534 1708
534 1886
535 580
535 1004
535 1999
536 1728
536 1885
536 1975
537 592
537 1392
537 1432
537 1766
538 566
538 910
538 1122
538 1276
538 1589
538 1930
539 660
539 1042
539 1259
539 1303
539 1972
540 622
540 738
541 729
541 786
541 866
541 1349
541 1887
542 1266
543 872
543 1378
543 1802
543 1864
544 548
544 568
544 1726
544 1758
544 1950
545 920
545 994
545 1296
545 1840
545 2000
546 675
546 1252
546 1914
547 653
547 856
547 1056
547 1288
547 1558
548 676
548 950
548 1250
548 1268
548 1303
548 1431
548 1540
548 2000
549 960
549 1378
549 1629
550 611
550 613
550 1324
550 1370
551 600
551 635
551 1210
551 1272
551 1355
551 1692
551 1743
552 1892
552 1976
553 1175
553 1360
553 1651
553 1800
554 873
554 1220
554 1483
555 659
556 771
556 942
556 1019
556 1173
556 1485
557 914
557 972
557 1227
557 1291
557 1594
557 1597
557 1696
557 1707
557 1971
558 612
558 779
558 1623
559 567
559 1069
559 1262
559 1329
559 1451
559 1543
559 1905
560 1362
560 1583
560 1587
561 902
561 930
561 1588
562 1282
563 1052
563 1083
563 1447
563 1512
563 1669
563 1722
564 1019
564 1021
564 1269
564 1277
564 1578
564 1608
564 1939
565 1172
565 1209
565 1416
565 1709
565 1771
566 701
566 968
566 1155
567 812
567 1102
567 1245
567 1359
567 1436
568 676
568 742
568 1258
568 1271
568 1526
568 1602
568 1900
569 644
569 994
569 1370
570 767
570 1486
570 1605
570 1948
571 769
571 862
571 1297
572 1209
572 1570
572 1773
572 1781
572 1929
573 681
573 744
573 954
573 1017
573 1233
573 1509
573 1714
573 1765
573 2000
574 819
574 1031
574 1298
575 576
575 910
575 1040
575 1072
575 1168
575 1401
575 1449
575 1801
575 1931
576 599
576 746
576 782
576 1361
576 1858
576 1883
576 1963
577 703
577 909
577 1393
577 1470
578 728
578 963
578 1208
578 1392
578 1747
579 1016
579 1375
579 1530
579 1775
580 716
580 1248
580 1978
581 844
581 996
581 997
581 1066
581 1304
581 1349
581 1498
581 1839
582 1390
582 1465
582 1543
582 1549
582 1787
582 1918
583 742
583 813
583 1120
583 1764
583 1833
583 1966
584 613
584 999
584 1425
584 1857
585 711
585 1111
585 1163
585 1244
585 1353
585 1562
586 822
586 898
586 1336
586 1403
586 1727
587 1443
588 648
588 723
588 940
588 1578
588 1894
589 805
589 1404
590 914
590 1272
590 1637
591 779
591 1244
591 1743
591 1915
592 916
592 979
592 1582
592 1665
592 1727
593 1407
593 1814
594 838
594 883
594 1659
595 875
595 1049
595 1070
595 1101
595 1602
595 1847
596 932
596 1022
596 1303
596 1330
596 1826
597 668
597 843
597 1245
597 1315
597 1440
597 1499
597 1690
597 1951
598 657
598 899
598 1101
598 1199
598 1385
598 1615
599 600
599 618
599 670
599 947
599 1018
599 1061
599 1152
599 1236
599 1282
599 1357
599 1367
599 1860
600 1505
600 1810
601 984
601 1455
602 1072
602 1506
603 969
603 1101
603 1149
603 1408
603 1440
603 1467
603 1539
603 1792
604 608
604 1118
604 1536
604 1710
605 684
605 753
605 1648
606 811
606 969
606 1079
606 1254
606 1558
606 1697
606 1722
607 1063
607 1504
607 1558
607 1648
607 1955
608 1011
608 1503
608 1684
609 649
609 1819
610 828
610 1252
610 1274
610 1436
610 1848
610 1908
610 1926
611 641
611 711
611 723
611 739
611 1058
611 1565
611 1961
612 961
612 1043
612 1093
612 1142
612 1283
612 1950
613 862
613 1243
613 1355
613 1517
613 1834
614 680
614 1369
614 1392
614 1622
615 989
615 1339
615 1376
615 1385
615 1482
616 960
616 1197
616 1200
617 937
617 954
617 967
617 1039
617 1093
617 1683
617 1754
617 1769
618 813
618 941
618 1449
618 1456
618 1647
618 1705
618 1819
618 1944
619 684
619 897
619 998
620 1377
620 1587
620 1597
621 686
621 1035
621 1345
621 1460
621 1620
621 1773
622 1592
623 710
623 1460
624 955
624 1174
624 1600
625 911
625 1171
625 1283
625 1350
625 1750
626 1295
626 1850
627 1851
627 1953
627 1979
628 678
628 731
628 770
628 1744
629 867
629 1146
629 1513
629 1963
630 1069
630 1149
630 1151
630 1277
630 1920
631 762
631 1237
631 1273
631 1613
632 687
632 1804
633 1109
633 1129
633 1136
633 1367
633 1540
633 1865
634 799
634 876
634 1077
634 1346
634 1499
635 826
635 1819
636 727
636 1291
636 1690
637 1332
637 1789
637 1970
637 1988
638 653
638 815
638 903
638 1184
638 1227
638 1728
638 1945
639 768
639 797
639 1720
639 1732
640 1589
640 1733
640 1885
641 803
641 1419
641 1998
642 832
642 1192
642 1482
643 1892
643 1912
644 730
644 1327
644 1407
644 1684
645 1108
646 722
646 896
646 1528
646 1595
646 1841
647 796
647 899
647 1527
647 1594
647 1727
647 1922
648 1568
648 1873
649 702
649 839
649 1161
650 760
650 1080
650 1362
650 1494
650 1656
650 1705
651 1371
651 1702
651 1753
651 1806
651 1873
652 1285
652 1622
652 1777
652 1806
653 695
653 703
653 750
653 762
653 902
653 1003
653 1809
654 825
654 990
654 1258
654 1582
654 1777
655 769
655 855
655 1294
655 1496
655 1501
655 1933
655 1998
656 964
656 982
656 1216
656 1533
656 1560
656 1678
657 731
657 1293
657 1356
657 1729
657 1877
657 1954
658 1053
658 1136
658 1244
658 1362
658 1620
658 1674
658 1706
658 1940
658 1944
659 1011
659 1208
659 1490
659 1867
660 1053
660 1093
661 728
661 756
661 851
661 1531
661 1727
662 1167
662 1261
662 1332
662 1648
662 1824
663 684
663 936
663 1106
663 1259
663 1672
663 1880
664 1350
664 1366
664 1462
664 1817
665 956
665 1029
665 1753
666 1532
666 1604
667 831
667 836
667 1085
667 1092
668 780
668 1550
668 1881
669 876
669 1543
670 789
670 1673
671 848
671 1264
671 1901
672 722
672 862
672 894
672 1058
672 1341
672 1988
672 1996
673 1399
673 1662
673 1719
674 770
674 789
674 1145
674 1389
674 1502
674 1647
675 1023
675 1076
675 1170
675 1186
675 1216
676 787
676 850
676 882
676 1002
676 1617
677 837
677 947
677 1343
677 1654
677 1721
677 1885
678 1206
678 1327
678 1460
678 1995
679 928
679 1277
679 1442
679 1554
679 1699
679 1822
679 1834
679 1911
680 779
680 1541
680 1553
681 801
681 1045
681 1116
681 1692
682 990
682 1609
683 792
683 850
683 995
683 1032
683 1863
684 1242
684 1640
684 1737
685 775
685 1214
685 1266
685 1487
685 1654
685 1791
686 1220
687 903
687 1073
687 1182
687 1346
687 1780
688 884
688 1329
688 1392
688 1812
688 1912
689 783
689 1165
689 1612
689 1632
689 1636
690 1215
690 1231
690 1234
690 1801
691 947
691 1002
691 1271
691 1533
691 1551
691 1630
691 1644
691 1860
692 754
692 1036
692 1397
692 1447
692 1453
692 1662
693 825
693 868
693 947
693 1019
694 785
694 946
694 1060
694 1275
694 1349
694 1543
695 900
695 1036
695 1101
695 1247
695 1646
695 1687
695 1833
695 1991
696 955
696 1340
696 1577
696 1598
696 1629
697 1175
697 1626
698 906
698 1020
698 1981
699 907
699 1107
699 1127
699 1203
699 1355
699 1484
700 905
700 1144
700 1230
701 1293
701 1707
702 836
702 1127
702 1153
702 1174
702 1241
702 1539
702 1546
702 1793
702 1964
702 1988
703 951
703 1111
703 1177
703 1453
703 1687
704 730
704 768
704 978
705 903
705 1620
705 1786
706 848
706 1632
707 878
707 982
707 1016
707 1951
708 905
708 1051
709 1055
709 1067
709 1325
709 1612
709 1676
709 1686
709 1875
710 885
710 1206
710 1470
710 1676
710 1888
710 1960
711 892
711 1167
711 1358
711 1844
712 946
712 1262
712 1478
712 1866
712 1984
713 825
713 1374
713 1458
713 1678
714 724
714 1193
714 1225
714 1755
714 1910
716 733
716 1336
716 1827
717 1442
718 817
718 858
718 1482
719 1209
719 1456
719 1512
719 1612
719 1941
720 766
720 1390
721 952
721 966
721 1236
721 1679
721 1804
722 731
722 777
722 1100
722 1904
723 962
723 1137
723 1349
724 841
724 1762
725 1841
725 1967
726 826
726 1124
726 1316
727 894
727 1177
727 1198
727 1279
727 1552
727 1934
728 821
728 1103
728 1818
728 1864
729 818
729 928
729 1016
729 1830
730 818
730 895
730 1078
731 1462
731 1510
731 1920
733 775
733 1271
733 1319
733 1536
733 1741
733 1763
734 876
735 1692
735 1990
736 1123
737 1758
737 1824
737 1855
738 795
738 1441
739 876
740 1087
740 1157
740 1538
740 1894
741 831
741 1571
741 1700
741 1725
742 1082
742 1444
742 1515
742 1946
743 1196
743 1924
744 947
744 1339
745 870
745 1179
746 838
746 1067
746 1303
746 1389
746 1541
747 764
747 937
747 1398
747 1939
747 1984
748 777
748 800
748 1362
748 1995
749 1253
749 1318
749 1340
749 1399
749 1420
750 768
750 833
750 964
750 1074
750 1393
750 1559
750 1635
751 801
751 1318
751 1613
752 784
752 868
752 919
752 1078
752 1101
752 1881
753 1127
753 1424
753 1565
753 1631
753 1713
754 772
754 782
754 1389
754 1576
754 1685
754 1894
755 1048
756 1109
756 1399
756 1929
757 837
757 881
757 1107
757 1695
758 996
758 1295
758 1393
758 1440
758 1505
758 1932
759 766
759 808
759 956
759 1813
760 952
760 1313
761 818
761 1139
761 1449
761 1604
762 926
762 1269
763 843
763 891
763 981
763 1054
764 1105
764 1136
764 1240
764 1292
764 1404
764 1920
765 1681
766 1298
766 1444
767 1575
767 1943
768 1677
768 1995
769 1179
769 1283
769 1359
769 1384
769 1920
770 833
770 1243
770 1894
771 923
771 990
771 999
771 1395
772 808
772 824
772 1276
772 1492
773 1252
773 1414
773 1814
774 1280
774 1298
774 1723
775 822
775 1096
775 1174
775 1493
775 1739
775 1797
775 1970
776 1164
776 1232
776 1275
776 1344
776 1826
777 1001
777 1052
777 1371
777 1394
777 1533
777 1789
778 1261
778 1386
778 1555
778 1835
779 806
779 847
779 1215
779 1263
779 1386
779 1546
780 998
780 1602
780 1842
781 1123
781 1206
781 1398
782 946
782 1148
782 1240
782 1415
783 1513
784 903
784 1570
784 1692
784 1782
784 1837
785 818
785 1597
785 1693
786 919
786 1427
786 1516
787 862
787 970
787 1166
787 1468
787 1531
787 1740
789 827
789 864
789 887
789 1034
789 1136
789 1329
789 1877
790 1188
790 1519
790 1708
790 1949
791 999
791 1150
791 1502
792 927
792 1076
792 1224
792 1225
792 1623
792 1747
793 995
793 1886
794 1121
795 851
795 957
795 1029
795 1048
795 1069
795 1193
795 1476
795 1986
796 1045
796 1383
796 1596
796 1610
797 799
797 1239
798 843
798 902
798 1403
798 1899
798 1934
799 884
799 964
799 1375
799 1466
799 1479
799 1580
800 949
800 1266
800 1715
800 1776
801 1521
802 825
802 1485
804 841
804 845
804 1002
804 1038
804 1795
805 965
805 1144
805 1330
805 1631
805 1901
806 1133
806 1201
807 940
808 1901
809 824
809 1190
810 963
810 1066
810 1345
810 1449
810 1576
810 1584
810 1795
811 1257
811 1358
811 1374
811 1511
811 1745
811 1805
812 887
812 927
812 1160
812 1448
812 1478
812 1759
813 853
813 1592
813 1601
814 1337
814 1778
814 1805
814 1821
815 1008
815 1295
815 1537
815 1595
815 1743
815 1769
815 1928
816 1401
816 1867
817 1008
817 1087
817 1115
817 1594
817 1906
817 1919
818 842
818 1151
818 1272
818 1771
819 1378
820 1043
820 1140
820 1256
820 1345
820 1407
820 1466
820 1789
820 1926
820 1992
821 1304
821 1820
822 966
822 1063
822 1307
822 1795
823 884
823 940
823 1363
823 1437
823 1709
824 967
824 1111
824 1313
824 1448
824 1562
824 1992
825 1062
825 1733
825 1867
825 1884
826 1265
826 1353
826 1910
826 1914
826 1960
827 1327
827 1469
827 1707
828 1398
829 941
829 1714
830 1067
830 1199
830 1343
830 1487
830 1795
831 1397
831 1846
831 1953
832 959
833 1027
833 1150
834 968
834 1485
834 1533
834 1860
834 1972
835 1397
835 1646
835 1666
835 1748
836 1123
836 1569
836 1582
836 1713
837 943
837 1647
837 1735
837 1782
837 1806
837 1827
838 1511
838 1757
839 1348
839 1550
839 1608
840 915
840 1172
840 1955
841 1305
842 848
842 1139
842 1359
842 1393
842 1458
842 1459
842 1983
843 1067
843 1136
843 1338
843 1500
843 1965
843 1991
844 1127
844 1971
845 927
845 969
845 1237
845 1322
845 1541
845 1866
846 863
846 1634
847 1125
847 1669
848 1234
848 1239
848 1511
849 1597
849 1909
850 1169
851 1436
851 1762
852 1422
853 1029
853 1577
853 1944
854 1290
854 1782
855 1588
856 990
856 1040
856 1247
856 1364
856 1414
856 1466
856 1599
856 1977
857 1042
857 1989
858 1105
858 1335
858 1937
859 921
859 1329
859 1590
859 1788
859 1850
859 1934
861 999
861 1638
862 877
862 1237
862 1440
862 1627
862 1949
863 1644
863 1912
864 1076
864 1152
864 1632
864 1709
864 1874
865 934
865 1097
865 1303
865 1950
866 1047
866 1536
866 1757
866 1813
866 1839
866 1873
867 1841
868 1068
868 1107
868 1743
869 930
869 949
869 1763
870 1162
870 1349
870 1381
870 1458
870 1542
870 1636
870 1641
870 1661
871 1533
871 1535
872 1382
872 1414
872 1625
872 1717
873 1250
873 1675
874 929
874 948
874 1071
874 1107
874 1133
874 1496
874 1666
874 1724
874 1881
875 1388
875 1781
875 1796
876 1512
876 1803
877 902
877 912
877 1005
877 1040
877 1273
877 1344
877 1427
879 1508
879 1749
880 900
880 947
880 1036
880 1373
880 1838
880 1861
880 1893
881 1122
881 1228
881 1412
881 1438
881 1459
881 1641
881 1870
882 1411
882 1655
882 1863
883 1055
883 1350
883 1640
883 1811
884 1068
884 1096
884 1459
884 1863
885 944
885 1192
885 1211
885 1721
885 1781
885 1911
886 928
886 957
886 1392
886 1626
886 1884
886 1987
887 978
887 1041
888 1335
888 1581
890 1093
890 1368
890 1496
890 1552
890 1842
891 1662
891 1699
892 992
892 1036
892 1067
892 1156
892 1287
892 1311
892 1365
892 1505
893 1193
893 1364
893 1470
893 1502
893 1748
894 1435
895 1759
896 1045
896 1504
896 1941
897 1161
897 1358
897 1383
897 1834
897 1858
897 1862
898 985
898 1148
898 1297
898 1329
898 1481
898 1686
898 1787
899 1106
899 1311
900 963
900 1051
900 1243
900 1356
900 1402
900 1709
900 1972
900 1978
901 1285
901 1680
901 1768
901 1983
901 1997
902 997
902 1481
902 1528
902 1617
902 1762
902 1783
903 1127
903 1321
903 1531
904 1041
904 1340
904 1603
906 912
906 1037
906 1221
906 1617
906 1740
906 1935
907 1620
907 1721
908 1097
908 1453
909 1123
909 1509
910 1656
911 1258
911 1351
911 1451
911 1476
911 1809
911 1930
912 1186
912 1328
912 1453
912 1586
913 1012
913 1091
913 1450
913 1601
913 1812
914 1514
914 1556
915 941
915 1115
915 1763
915 1934
916 1590
916 1686
916 1755
916 1762
917 1259
917 1526
917 1706
918 943
918 1677
918 1720
918 1790
919 999
919 1415
919 1484
919 1676
920 950
920 1182
920 1185
920 1645
920 1781
920 1795
921 1068
921 1214
921 1340
921 1401
921 1969
922 1150
922 1656
923 995
923 1187
923 1296
923 1519
923 1577
923 1861
923 1947
924 933
924 1103
924 1246
925 1417
925 1486
925 1765
926 1026
926 1164
926 1386
926 1526
926 1758
927 1469
927 1965
928 1014
928 1080
928 1459
929 969
929 1168
929 1826
930 1383
930 1444
930 1791
930 1994
931 1176
931 1275
931 1412
931 1538
931 1565
931 1977
932 1092
932 1253
932 1766
934 1046
934 1577
934 1646
935 972
935 1268
935 1691
936 1147
936 1382
936 1601
936 1644
936 1723
936 1944
937 1124
937 1534
938 1235
939 964
939 1610
939 1692
939 1710
940 991
940 1300
940 1614
941 1028
941 1088
941 1262
941 1945
941 1951
942 1861
942 1892
943 1103
943 1898
944 995
944 1662
945 1175
945 1192
945 1982
946 1055
946 1256
946 1325
946 1547
946 1857
946 1865
946 1914
947 1453
947 1747
947 1830
948 1052
948 1088
948 1278
948 1828
949 1459
950 1085
951 1029
951 1146
951 1199
951 1437
951 1867
952 1089
952 1187
952 1470
952 1704
952 1738
952 1842
952 1845
953 979
953 1927
953 1971
954 1779
956 1000
956 1924
957 1438
957 1611
957 1705
958 1017
958 1050
958 1261
958 1834
959 1114
959 1391
959 1432
959 1481
960 1040
960 1501
960 1659
961 1012
961 1508
962 974
962 1814
963 1653
963 1845
965 1229
965 1265
965 1439
965 1588
965 1980
966 1024
966 1638
966 1848
966 1996
967 1004
967 1121
967 1291
967 1856
970 1117
970 1195
970 1835
971 1041
971 1179
971 1667
971 1881
972 1663
973 1048
973 1273
973 1424
973 1618
973 1987
974 1648
974 1828
974 1858
975 1019
975 1649
975 1903
975 1920
976 1004
977 1391
977 1604
977 1679
977 1867
978 1086
978 1130
978 1748
978 1839
978 1978
979 1090
979 1109
979 1200
979 1658
979 1673
980 1021
980 1050
980 1301
980 1920
981 1071
981 1698
981 1809
982 1251
982 1373
982 1819
983 1160
983 1714
984 1543
984 1704
984 1834
985 1797
985 1804
986 1258
986 1669
989 1716
990 1177
991 1048
991 1498
991 1707
991 1773
992 1006
992 1053
992 1171
992 1365
993 1035
993 1044
993 1267
993 1419
993 1852
994 1297
994 1388
994 1505
995 1210
995 1610
996 1475
996 1534
996 1782
996 1890
997 1434
998 1897
998 1976
999 1265
999 1916
1000 1151
1000 1463
1000 1668
1000 1762
1000 1934
1001 1143
1001 1733
1001 1997
1002 1639
1003 1102
1003 1117
1003 1146
1003 1179
1004 1052
1004 1533
1005 1469
1006 1415
1006 1512
1006 1531
1006 1649
1006 1865
1008 1095
1008 1919
1009 1352
1009 1497
1010 1533
1010 1563
1010 1607
1011 1134
1011 1391
1011 1520
1012 1493
1012 1840
1013 1502
1013 1604
1013 1958
1013 1967
1014 1035
1014 1464
1014 1556
1014 1612
1015 1186
1015 1733
1016 1085
1016 1193
1016 1430
1017 1047
1017 1411
1017 1490
1017 1826
1018 1252
1018 1369
1018 1514
1019 1096
1019 1445
1019 1490
1019 1603
1019 1623
1019 1855
1020 1095
1020 1430
1020 1942
1021 1626
1021 1764
1022 1551
1023 1029
1023 1249
1023 1421
1023 1467
1023 1684
1023 1766
1024 1064
1024 1344
1024 1468
1024 1548
1025 1130
1025 1146
1025 1968
1026 1761
1026 1777
1026 1885
1027 1047
1028 1031
1028 1112
1028 1150
1029 1069
1029 1650
1029 1882
1030 1558
1031 1209
1031 1285
1031 1600
1032 1910
1033 1688
1034 1884
1035 1214
1035 1554
1035 1560
1036 1227
1036 1453
1036 1685
1036 1955
1037 1068
1037 1245
1037 1531
1037 1877
1038 1040
1038 1201
1038 1206
1038 1921
1038 1929
1038 1979
1039 1649
1039 1734
1040 1180
1040 1562
1040 1565
1040 1702
1041 1239
1041 1503
1041 1806
1041 1852
1042 1233
1042 1909
1043 1602
1043 1682
1044 1518
1045 1115
1045 1116
1045 1284
1045 1521
1045 1562
1045 1582
1046 1377
1047 1260
1047 1743
1047 1906
1047 1991
1048 1473
1048 1774
1048 1781
1048 1896
1049 1159
1049 1364
1050 1248
1050 1277
1050 1578
1050 1629
1050 1652
1050 1904
1052 1471
1052 1529
1053 1077
1053 1689
1053 1867
1054 1090
1054 1212
1054 1278
1054 1734
1054 1755
1054 1766
1055 1358
1055 1709
1055 1903
1056 1610
1056 1882
1057 1431
1057 1491
1057 1554
1057 1594
1058 1136
1059 1697
1059 1973
1059 1980
1060 1715
1060 1753
1060 1925
1061 1603
1061 1604
1062 1645
1062 1806
1063 1078
1063 1542
1063 1592
1063 1676
1063 1802
1063 1843
1064 1078
1064 1368
1064 1779
1064 1893
1065 1089
1065 1375
1065 1450
1065 1650
1066 1348
1066 1510
1066 1928
1066 1956
1067 1140
1068 1446
1068 1939
1068 1991
1069 1664
1069 1846
1069 1914
1070 1804
1071 1422
1071 1486
1071 1764
1071 1916
1072 1167
1072 1171
1072 1296
1072 1311
1072 1703
1073 1283
1073 1485
1073 1931
1074 1150
1074 1325
1074 1698
1075 1292
1075 1376
1075 1496
1075 1558
1075 1782
1075 1810
1076 1527
1076 1705
1076 1816
1076 1995
1077 1197
1077 1410
1077 1459
1077 1515
1078 1829
1079 1153
1079 1591
1079 1708
1079 1966
1080 1470
1080 1996
1081 1215
1081 1562
1081 1613
1082 1731
1082 1882
1083 1095
1083 1125
1083 1172
1083 1325
1084 1437
1084 1475
1085 1254
1085 1492
1085 1529
1085 1706
1086 1179
1086 1778
1087 1208
1087 1335
1087 1346
1087 1467
1087 1484
1087 1583
1087 1658
1088 1338
1089 1247
1089 1445
1089 1501
1089 1569
1089 1619
1089 1898
1089 1935
1090 1180
1090 1608
1090 1769
1091 1218
1091 1600
1091 1653
1091 1789
1092 1094
1092 1297
1092 1475
1092 1896
1094 1281
1094 1293
1094 1328
1094 1862
1094 1869
1094 1954
1095 1704
1095 1719
1095 1880
1096 1134
1096 1177
1096 1551
1096 1797
1097 1168
1097 1400
1097 1888
1098 1272
1099 1127
1099 1247
1099 1258
1099 1862
1100 1586
1100 1885
1101 1102
1101 1358
1101 1558
1101 1857
1102 1673
1102 1691
1102 1704
1102 1865
1103 1596
1103 1876
1103 1990
1104 1207
1104 1240
1104 1249
1105 1169
1105 1265
1105 1538
1105 1553
1106 1398
1106 1590
1107 1299
1107 1696
1107 1796
1108 1358
1108 1361
1108 1744
1108 1995
1109 1396
1109 1461
1109 1607
1109 1922
1110 1257
1110 1526
1110 1680
1110 1896
1111 1124
1111 1179
1111 1694
1111 1695
1112 1353
1112 1711
1113 1463
1113 1882
1114 1640
1114 1694
1115 1343
1115 1410
1115 1783
1115 1958
1116 1290
1116 1912
1117 1313
1117 1643
1118 1404
1118 1424
1119 1546
1119 1555
1119 1795
1119 1877
1119 1990
1120 1394
1120 1420
1120 1456
1120 1585
1122 1733
1122 1990
1123 1669
1124 1309
1124 1334
1124 1530
1124 1788
1125 1332
1125 1779
1126 1168
1126 1228
1126 1255
1126 1434
1126 1682
1127 1378
1127 1615
1127 1866
1128 1140
1128 1199
1128 1217
1128 1313
1128 1938
1129 1239
1129 1551
1129 1728
1129 1879
1130 1229
1130 1324
1130 1435
1130 1562
1130 1679
1131 1632
1131 1685
1131 1700
1132 1857
1133 1240
1133 1638
1134 1492
1134 1790
1134 1988
1135 1463
1135 1498
1135 1796
1135 1925
1136 1151
1136 1347
1136 1507
1136 1744
1137 1574
1137 1590
1138 1842
1138 1989
1139 1149
1139 1655
1139 1760
1139 1778
1139 1797
1140 1750
1141 1544
1141 1595
1141 1889
1141 1903
1142 1160
1142 1166
1142 1262
1143 1412
1143 1553
1143 1556
1143 1761
1143 1936
1144 1310
1144 1598
1144 1653
1144 1988
1145 1281
1145 1883
1146 1578
1147 1820
1148 1328
1148 1346
1148 1369
1148 1779
1149 1286
1149 1869
1149 1902
1149 1978
1151 1184
1152 1596
1153 1295
1153 1707
1153 1723
1153 1954
1154 1227
1154 1467
1154 1758
1155 1177
1155 1425
1155 1621
1156 1803
1157 1632
1158 1301
1158 1745
1159 1236
1159 1252
1159 1523
1159 1615
1159 1638
1159 1885
1159 1892
1160 1893
1160 1906
1160 1962
1161 1427
1161 1728
1161 2000
1162 1309
1162 1769
1162 1826
1162 1931
1163 1191
1163 1348
1163 1429
1163 1496
1163 1655
1163 1750
1163 1842
1163 1955
1165 1666
1165 1860
1166 1169
1166 1210
1166 1368
1166 1911
1167 1254
1167 1548
1167 1991
1168 1232
1168 1512
1168 1771
1168 1945
1169 1360
1169 1601
1169 1699
1169 1776
1171 1175
1171 1229
1171 1305
1171 1464
1172 1394
1172 1679
1172 1875
1172 1887
1173 1239
1174 1267
1174 1955
1175 1937
1175 1972
1176 1911
1177 1498
1177 1642
1178 1182
1178 1208
1178 1342
1178 1931
1179 1323
1179 1347
1179 1380
1179 1429
1179 1722
1179 1911
1180 1214
1180 1245
1180 1612
1180 1995
1181 1322
1181 1365
1181 1498
1181 1662
1181 1747
1182 1353
1182 1478
1182 1745
1182 1856
1182 1948
1183 1207
1183 1240
1183 1328
1183 1330
1183 1710
1183 1900
1183 1969
1184 1461
1184 1562
1184 1615
1185 1336
1185 1532
1185 1886
1186 1191
1186 1332
1186 1819
1186 1896
1186 1972
1187 1238
1187 1291
1187 1524
1187 1958
1188 1447
1189 1818
1189 1841
1189 1857
1190 1448
1190 1777
1191 1207
1191 1619
1194 1462
1195 1308
1195 1754
1195 1817
1195 1987
1196 1757
1197 1857
1198 1598
1198 1998
1200 1777
1201 1416
1201 1638
1202 1317
1202 1365
1202 1721
1202 1898
1203 1358
1203 1776
1203 1795
1203 1825
1203 1949
1204 1478
1204 1566
1205 1297
1205 1867
1206 1982
1207 1846
1208 1983
1209 1440
1211 1777
1211 1807
1211 1811
1211 1983
1212 1569
1213 1242
1213 1684
1213 1919
1214 1223
1214 1283
1214 1574
1215 1520
1215 1757
1216 1247
1216 1361
1216 1835
1217 1531
1217 1947
1218 1464
1218 1608
1218 1735
1218 1888
1218 1912
1219 1446
1219 1696
1219 1906
1220 1502
1220 1541
1220 1590
1220 1801
1220 1810
1220 1847
1221 1433
1222 1386
1222 1485
1223 1721
1223 1929
1224 1467
1224 1915
1224 1994
1225 1460
1225 1496
1225 1537
1225 1568
1225 1628
1226 1680
1227 1687
1228 1268
1228 1821
1229 1230
1229 1519
1229 1600
1230 1232
1230 1311
1230 1360
1230 1406
1230 1499
1230 1669
1231 1624
1232 1543
1232 1703
1233 1792
1233 1808
1233 1886
1234 1363
1234 1554
1234 1868
1235 1661
1235 1990
1236 1327
1236 1939
1237 1450
1237 1464
1238 1390
1238 1612
1239 1341
1239 1401
1239 1804
1239 1863
1240 1241
1240 1695
1241 1243
1242 1317
1242 1377
1242 1462
1242 1727
1242 1842
1242 1999
1243 1406
1243 1472
1243 1636
1243 1797
1243 1913
1245 1350
1245 1557
1245 1638
1245 1678
1246 1562
1246 1915
1247 1466
1247 1500
1247 1585
1247 1887
1248 1298
1248 1535
1249 1498
1249 1744
1250 1284
1250 1563
1250 1617
1250 1939
1251 1323
1251 1374
1251 1854
1251 1896
1251 1993
1252 1389
1252 1456
1252 1708
1252 1779
1253 1600
1254 1295
1255 1601
1255 1650
1255 1663
1255 1734
1255 1792
1255 1990
1256 1582
1256 1627
1257 1640
1257 1733
1257 1846
1258 1269
1258 1695
1258 1722
1259 1557
1259 1641
1261 1324
1261 1631
1262 1572
1263 1767
1263 1774
1263 1970
1264 1337
1264 1807
1264 1971
1265 1475
1265 1486
1267 1348
1267 1359
1267 1411
1267 1671
1268 1587
1268 1811
1268 1970
1269 1521
1269 1730
1270 1322
1270 1409
1270 1931
1271 1317
1271 1431
1271 1857
1272 1715
1272 1971
1273 1311
1274 1419
1274 1469
1274 1761
1274 1799
1274 1880
1275 1320
1275 1883
1276 1337
1276 1740
1276 1907
1276 1952
1277 1475
1277 1710
1278 1456
1279 1542
1279 1813
1280 1617
1280 1670
1280 1875
1280 2000
1281 1380
1281 1386
1281 1778
1282 1714
1282 1881
1282 1957
1283 1334
1283 1710
1283 1965
1284 1464
1284 1696
1284 1977
1285 1309
1285 1538
1285 1902
1286 1927
1286 1971
1287 1493
1287 1590
1287 1889
1288 1434
1288 1516
1288 1691
1288 1811
1288 1819
1289 1576
1289 1798
1289 1801
1290 1429
1290 1722
1290 1774
1290 1795
1290 1951
1291 1712
1291 1805
1293 1328
1293 1786
1294 1333
1294 1382
1294 1516
1294 1821
1295 1311
1295 1336
1295 1503
1295 1626
1296 1444
1296 1445
1296 1972
1297 1635
1297 1722
1297 1732
1297 1841
1298 1564
1298 1857
1299 1703
1299 1925
1299 1973
1300 1363
1300 1841
1300 1866
1300 1959
1302 1677
1304 1426
1304 1537
1304 1675
1305 1447
1305 1468
1305 1525
1306 1354
1306 1568
1306 1736
1306 1770
1307 1391
1307 1475
1307 1521
1307 1736
1308 1890
1309 1781
1310 1510
1310 1551
1310 1657
1310 1669
1310 1887
1312 1528
1312 1916
1313 1710
1313 1809
1313 1832
1314 1516
1314 1707
1314 1743
1314 1813
1314 1872
1315 1608
1315 1662
1315 1776
1317 1603
1318 1645
1318 1946
1319 1427
1320 1339
1320 1695
1321 1829
1322 1385
1323 1339
1323 1694
1324 1429
1324 1874
1324 1966
1324 1997
1326 1348
1327 1470
1328 1551
1328 1564
1328 1851
1329 1407
1329 1466
1330 1748
1331 1419
1331 1942
1332 1550
1332 1738
1333 1479
1334 1675
1334 1785
1334 1950
1335 1393
1335 1854
1336 1633
1336 1823
1336 1895
1337 1587
1338 1523
1338 1615
1339 1409
1339 1700
1339 1728
1340 1589
1340 1618
1341 1818
1342 1450
1342 1537
1342 1671
1343 1654
1344 1906
1345 1652
1345 1856
1348 1626
1348 1941
1349 1391
1350 1364
1350 1424
1350 1956
1351 1612
1351 1941
1352 1843
1352 1893
1352 1968
1353 1476
1353 1626
1354 1357
1354 1423
1354 1500
1354 1857
1355 1603
1355 1634
1355 1804
1356 1564
1357 1397
1357 1827
1357 1869
1358 1396
1358 1399
1358 1579
1358 1703
1358 1712
1359 1629
1359 1694
1360 1421
1360 1574
1360 1856
1360 1878
1361 1381
1361 1454
1361 1540
1361 1618
1361 1745
1362 1389
1362 1694
1364 1461
1364 1691
1364 1741
1365 1888
1366 1483
1366 1708
1367 1451
1367 1705
1367 1753
1367 1810
1368 1384
1368 1437
1369 1928
1369 1984
1370 1506
1371 1804
1372 1801
1372 1862
1373 1464
1374 1421
1374 1910
1374 1922
1375 1538
1375 1722
1375 1813
1375 1852
1376 1733
1377 1745
1378 1384
1378 1522
1378 1623
1378 1681
1378 1721
1378 1849
1379 1892
1379 1897
1380 1485
1380 1510
1380 1862
1381 1537
1382 1523
1382 1805
1384 1732
1385 1444
1385 1573
1385 1590
1385 1623
1385 1920
1387 1933
1388 1989
1389 1459
1389 1579
1389 1859
1390 1625
1390 1860
1391 1728
1392 1995
1393 1468
1393 1550
1393 1636
1393 1960
1394 1524
1395 1770
1395 1798
1395 1910
1397 1637
1398 1460
1398 1974
1399 1477
1400 1875
1401 1413
1402 1645
1402 1688
1402 1783
1402 1917
1403 1623
1403 1697
1405 1932
1406 1871
1407 1576
1407 1850
1408 1753
1408 1894
1409 1631
1409 1743
1409 1841
1410 1468
1410 1538
1410 1585
1411 1503
1411 1507
1411 1641
1412 1830
1412 1960
1413 1559
1414 1624
1415 1804
1415 1899
1415 1908
1415 1915
1416 1611
1416 1743
1416 1857
1417 1442
1418 1856
1421 1634
1422 1488
1422 1968
1423 1538
1424 1732
1425 1857
1425 1916
1426 1997
1427 1700
1427 1837
1428 1786
1428 1912
1429 1683
1429 1787
1432 1462
1432 1568
1433 1467
1433 1624
1433 1748
1433 1986
1435 1635
1435 1862
1435 1976
1436 1825
1437 1515
1437 1666
1437 1859
1438 1469
1438 1503
1438 1856
1438 1896
1439 1589
1439 1929
1440 1462
1440 1591
1440 1603
1440 1711
1440 1862
1441 1481
1441 1980
1442 1809
1443 1923
1444 1763
1445 1459
1446 1574
1446 1601
1446 1726
1447 1493
1447 1561
1447 1639
1447 1919
1448 1488
1448 1506
1448 1711
1449 1831
1449 1895
1450 1760
1451 1593
1451 1666
1451 1779
1452 1680
1452 1896
1453 1871
1454 1780
1455 1742
1456 1647
1458 1504
1458 1636
1458 1794
1459 1784
1459 1863
1462 1659
1462 1823
1463 1660
1463 1663
1463 1976
1464 1638
1464 1825
1464 1909
1464 1951
1465 1807
1465 1849
1465 1949
1466 1709
1466 1795
1466 1907
1467 1637
1467 1951
1468 1755
1469 1831
1469 1873
1469 1921
1469 1922
1470 1541
1470 1964
1471 1909
1472 1542
1472 1640
1473 1677
1473 1706
1473 1994
1474 1856
1474 1873
1474 1938
1474 1967
1475 1722
1477 1594
1478 1528
1478 1678
1478 1815
1481 1873
1483 1654
1483 1702
1484 1495
1484 1632
1484 1990
1485 1769
1485 1777
1486 1636
1486 1938
1487 1635
1487 1919
1488 1698
1488 1933
1489 1918
1490 1953
1490 1969
1491 1661
1491 1772
1491 1830
1492 1750
1492 1966
1493 1925
1494 1507
1494 1674
1495 1702
1496 1657
1497 1663
1497 1933
1497 1960
1497 1992
1499 1825
1500 1751
1503 1957
1504 1815
1506 1548
1506 1941
1508 1517
1508 1544
1508 1834
1509 1623
1509 1824
1509 1847
1510 1583
1510 1662
1511 1513
1511 1637
1511 1702
1511 1866
1512 1598
1513 1759
1514 1516
1514 1758
1515 1537
1515 1919
1516 1573
1517 1710
1518 1849
1518 1866
1518 1956
1520 1583
1520 1739
1520 1779
1521 1982
1522 1739
1523 1708
1523 1822
1525 1530
1526 1843
1527 1865
1528 1605
1528 1636
1528 1988
1529 1897
1529 1922
1530 1901
1531 1536
1532 1585
1532 1970
1533 1679
1534 1761
1536 1626
1537 1601
1537 1786
1537 1864
1538 1782
1539 1706
1540 1573
1542 1645
1543 1847
1543 1985
1544 1802
1545 1705
1546 1557
1546 1879
1547 1676
1547 1814
1547 1887
1548 1664
1548 1709
1548 1785
1549 1941
1550 1797
1550 1857
1551 1823
1551 1842
1551 1980
1552 1809
1553 1640
1553 1847
1555 1696
1555 1889
1556 1801
1557 1574
1557 1861
1558 1646
1558 1689
1558 1804
1559 1887
1560 1636
1564 1813
1564 1991
1565 1986
1567 1667
1567 1747
1567 1918
1568 1838
1568 1958
1569 1644
1569 1992
1570 1584
1570 1617
1570 1667
1570 1868
1571 1628
1571 1675
1572 1615
1572 1737
1572 1739
1572 1945
1573 1916
1574 1638
1574 1866
1574 1912
1575 1651
1575 1926
1576 1876
1576 1944
1577 1646
1577 1808
1578 1797
1578 1836
1580 1590
1582 1767
1582 1866
1582 1916
1583 1763
1584 1617
1584 1678
1586 1638
1586 1752
1586 1985
1588 1903
1590 1934
1591 1601
1591 1605
1591 1829
1592 1858
1593 1709
1594 1685
1594 1713
1595 1769
1595 1775
1597 1761
1597 1774
1597 1937
1598 1675
1599 1645
1599 1932
1601 1636
1601 1655
1601 1912
1603 1733
1603 1834
1604 1942
1605 1939
1605 1967
1607 1659
1607 1783
1608 1883
1609 1779
1609 1925
1610 1927
1611 1629
1611 1838
1612 1661
1612 1929
1613 1666
1613 1688
1613 1715
1613 1770
1614 1828
1615 1632
1615 1885
1616 1775
1617 1693
1618 1631
1618 1925
1619 1669
1621 1923
1621 1954
1621 1961
1623 1986
1624 1654
1625 1772
1626 1764
1626 1851
1629 1633
1629 1923
1630 1664
1630 1982
1632 1847
1635 1713
1636 1795
1636 1875
1637 1769
1637 1808
1638 1679
1638 1874
1639 1971
1640 1694
1640 1836
1640 1892
1641 1900
1642 1722
1642 1989
1643 1757
1643 1801
1644 1719
1644 1812
1644 1847
1644 1895
1644 1965
1645 1842
1645 1913
1646 1905
1649 1679
1649 1839
1650 1934
1651 1673
1651 1815
1655 1659
1655 1935
1656 1997
1657 2000
1658 1790
1658 1912
1658 1927
1659 1697
1659 1826
1659 1892
1659 1916
1660 1674
1661 1749
1663 1841
1665 1714
1665 1900
1667 1947
1668 1672
1668 1858
1668 1900
1670 1765
1670 1831
1670 1916
1671 1882
1671 1900
1676 1720
1677 1832
1678 1987
1679 1850
1679 1950
1681 1742
1681 1811
1681 1924
1682 1762
1682 1977
1683 1684
1683 1819
1683 1985
1684 1941
1685 1871
1687 1830
1687 1908
1687 1953
1688 1765
1688 1799
1690 1868
1691 1692
1691 1986
1692 1871
1693 1836
1694 1968
1695 1828
1696 1823
1699 1750
1699 1780
1699 1919
1702 1895
1703 1789
1704 1709
1704 1784
1704 1903
1704 1912
1706 1734
1706 1882
1707 1759
1707 1927
1708 1755
1709 1885
1714 1862
1714 1868
1715 1782
1716 1873
1719 1996
1719 1998
1720 1891
1720 1909
1721 1969
1724 1980
1726 1797
1726 1801
1729 1769
1729 1938
1731 1785
1732 1899
1733 1858
1734 1999
1735 1739
1736 1815
1736 1922
1737 1773
1737 1896
1737 1997
1738 1851
1739 1769
1739 1919
1740 1797
1740 1800
1740 1812
1740 1891
1741 1978
1745 1886
1747 1903
1747 1949
1752 1757
1752 1799
1754 1840
1755 1767
1755 1854
1759 1842
1760 1792
1762 1774
1762 1917
1762 1920
1765 1829
1766 1881
1767 1819
1768 1857
1769 1886
1770 1786
1771 1827
1772 1965
1773 1781
1773 1797
1775 1919
1775 1962
1776 1821
1776 1881
1779 1931
1780 2000
1781 1915
1781 1985
1782 1908
1783 1846
1785 1910
1788 1866
1788 1926
1788 1954
1789 1988
1790 1868
1791 1916
1794 1868
1796 1975
1797 1963
1799 1935
1800 1965
1800 1997
1801 1912
1802 1885
1805 1808
1806 1948
1808 1934
1810 1956
1814 1936
1818 1852
1818 1975
1824 1827
1824 1917
1827 1874
1827 1943
1830 1933
1834 1932
1836 1974
1838 1884
1839 1981
1840 1857
1840 1865
1843 1863
1843 1971
1846 1932
1846 1958
1852 1931
1853 1994
1857 1955
1859 1886
1860 1891
1862 1916
1863 1911
1865 1871
1866 1979
1869 1932
1869 1991
1870 1981
1871 1872
1871 1935
1873 1995
1874 1907
1875 1941
1876 1893
1879 1897
1880 1922
1880 1924
1882 1994
1886 1957
1888 1918
1888 1938
1888 1939
1892 1999
1896 1994
1897 1909
1897 1935
1897 1969
1900 1916
1900 1949
1911 1992
1912 1923
1916 1925
1918 1948
1924 1932
1925 1999
1939 1974
1948 1975
1958 1989
1972 1977
