2000
1 74
1 1012
1 1302
1 1947
2 571
2 1067
2 1459
3 461
3 961
3 1243
3 1543
3 1885
4 10
4 143
4 496
4 652
4 748
4 853
4 980
5 313
5 1126
5 1163
5 1342
5 1501
6 313
6 424
6 494
6 952
6 980
6 1068
6 1594
6 1653
7 451
7 1162
7 1172
7 1195
7 1212
7 1544
7 1777
7 1911
7 1956
8 530
8 873
8 1003
8 1095
9 1560
10 1128
10 1313
11 1800
12 392
12 621
12 968
12 1525
13 60
13 360
13 656
13 1239
13 1638
14 422
14 1881
14 1943
15 776
15 902
16 267
16 432
16 1041
16 1590
16 1663
17 877
17 1945
18 682
18 886
19 66
19 1076
19 1216
19 1285
19 1461
19 1721
19 1730
20 336
20 360
20 711
20 1144
20 1381
21 641
21 1101
21 1258
21 1618
22 1958
23 42
23 87
23 1958
24 78
24 211
24 1845
25 496
25 802
25 827
25 1261
25 1877
26 921
26 1442
27 422
27 622
27 666
27 989
27 1279
28 122
28 655
28 850
28 889
28 1775
29 1080
29 1781
30 1698
30 1701
30 1957
31 179
32 501
32 1365
32 1742
33 136
33 285
33 459
33 1194
33 1425
34 834
34 1588
34 1652
34 1702
35 207
35 721
35 1043
35 1161
35 1618
36 899
36 1112
36 1626
36 1873
36 1961
37 764
37 1472
37 1975
38 367
38 395
38 1801
39 564
39 577
39 1942
40 113
40 308
40 428
40 1017
41 458
41 949
41 1201
41 1464
41 1801
42 1485
42 1586
43 1281
44 152
44 227
44 1757
44 1944
45 828
45 1127
45 1639
45 1780
46 1083
46 1731
47 985
47 1527
47 1809
47 1964
48 261
48 863
48 1164
48 1264
49 257
49 586
49 760
49 1237
49 1728
49 1949
50 857
50 1521
50 1889
51 530
51 1323
51 1973
52 89
52 835
53 91
53 214
53 306
53 625
53 838
53 1219
53 1283
53 1771
54 1073
54 1395
54 1688
55 670
55 781
56 588
57 632
57 699
57 1271
58 66
58 1415
58 1932
59 308
59 585
59 1082
59 1561
60 573
60 849
60 1017
60 1272
60 1459
61 286
61 846
61 1208
61 1308
61 1488
61 1933
62 1629
63 223
63 1323
63 1741
63 1970
64 733
64 808
64 1301
64 1639
65 1038
65 1108
65 1396
65 1508
65 1532
65 1711
66 238
66 336
66 1767
67 108
67 423
67 545
67 951
67 988
67 1046
67 1164
68 745
68 963
69 343
69 386
69 1340
70 743
70 1841
71 809
72 200
72 507
72 773
72 998
72 1300
72 1569
72 1865
72 1893
73 804
73 1228
73 1295
73 1652
74 323
74 751
74 887
74 1020
75 171
75 463
75 526
75 664
75 870
75 1528
76 564
76 764
76 906
76 1185
77 229
77 500
78 233
78 1091
78 1390
78 1612
79 528
79 656
79 994
79 1445
80 628
80 762
80 1205
80 1333
80 1342
81 625
81 1095
81 1396
82 624
82 648
82 1661
83 1002
83 1074
83 1136
83 1322
84 989
84 1011
84 1542
84 1581
84 1859
84 1972
85 97
85 1854
86 1187
86 1507
87 163
87 542
88 1473
88 1841
89 896
89 1067
89 1187
89 1421
90 251
90 573
90 1270
90 1327
90 1803
90 1888
90 1900
91 877
91 1441
91 1486
91 1572
91 1767
92 115
92 577
92 1364
93 136
93 997
93 1160
93 1709
93 1967
94 678
94 1390
94 1689
95 860
95 1635
95 1819
96 1389
96 1467
96 1501
96 1979
97 398
97 721
97 740
97 842
97 1079
97 1342
97 1499
97 1713
98 168
99 135
99 597
99 1135
99 1697
99 1818
99 1854
100 611
100 956
100 1077
100 1592
100 1594
100 1595
100 1616
100 1761
101 707
102 705
102 1217
102 1515
103 196
103 681
103 739
103 922
103 1699
104 971
104 1200
104 1223
104 1435
104 1819
104 1882
105 491
105 586
105 704
105 1819
106 1557
106 1614
106 1715
106 1812
107 701
107 881
109 664
109 755
109 1086
109 1094
109 1631
109 1934
110 245
110 1864
111 1525
111 1888
111 1900
111 1986
112 366
112 610
112 779
112 1172
113 799
113 987
113 1061
114 311
114 1080
114 1180
114 1420
115 329
115 1253
115 1690
116 309
116 541
116 789
116 1530
117 209
118 2000
119 144
119 739
119 1323
119 1441
119 1467
120 842
120 903
120 1318
120 1410
120 1455
120 1479
120 1644
120 1883
121 135
121 345
121 687
121 1619
121 1771
122 1111
122 1183
122 1230
122 1435
122 1928
123 408
123 714
123 1422
123 1982
124 1279
124 1307
124 1378
124 1464
124 1812
125 374
126 190
126 254
126 799
126 1570
126 1818
126 1982
127 515
127 1099
128 275
128 567
128 1141
128 1514
129 873
129 1005
129 1288
130 271
130 1898
131 701
131 786
131 980
131 1207
131 1751
132 1386
133 169
133 1880
134 863
134 1114
134 1136
134 1630
134 1685
134 1912
135 593
136 1111
136 1285
136 1291
136 1722
136 1769
136 1829
137 174
137 481
137 1028
137 1607
137 1810
138 1656
138 1781
138 1929
139 1488
139 1681
139 1728
140 577
140 750
141 533
141 727
141 1281
141 1964
141 1969
142 555
142 782
144 261
144 673
144 1618
145 813
145 1090
145 1145
146 209
146 408
146 1073
146 1453
147 635
147 1937
148 649
148 1033
149 647
149 1626
149 1883
150 715
150 989
151 843
151 863
151 881
151 955
151 1182
151 1339
151 1551
152 930
152 1127
152 1786
153 638
153 1326
153 1530
153 1642
153 1957
154 1280
154 1404
155 512
155 812
155 1056
155 1315
155 1687
156 741
156 913
156 1172
156 1324
156 1388
157 566
157 1465
158 183
158 1060
158 1181
158 1570
159 632
159 1157
159 1909
159 1989
160 540
160 991
160 1218
160 1344
160 1495
161 289
161 1395
161 1680
162 459
162 603
162 680
162 810
162 1088
162 1113
162 1136
162 1466
163 550
163 851
164 828
164 985
164 1282
165 842
165 1819
166 194
166 866
167 376
167 902
167 1337
167 1575
167 1733
169 311
169 624
170 498
170 968
170 1415
170 1951
171 731
171 922
171 1758
172 1480
172 1529
172 1607
173 1914
174 180
174 217
174 1275
174 1287
174 1323
176 585
176 633
176 1671
177 1125
177 1522
177 1844
178 313
178 902
178 918
178 1101
178 1903
179 354
179 554
180 865
180 1288
181 917
181 919
181 1526
182 1097
183 407
183 1212
184 210
184 281
184 1206
185 254
185 1736
185 1790
186 964
186 1608
186 1645
187 351
187 1490
187 1686
188 1285
188 1735
188 1762
189 526
190 645
190 880
190 1127
190 1565
191 496
191 526
191 928
191 1169
191 1578
192 847
192 1456
193 576
193 1096
193 1118
193 1213
193 1307
193 1376
193 1557
193 1731
193 1976
194 1773
194 1981
196 1405
196 1787
198 418
198 586
198 1639
199 541
199 722
199 759
200 271
200 660
200 914
200 1107
200 1115
200 1579
201 902
201 1029
201 1658
201 1844
201 1899
202 817
202 850
202 1182
203 369
203 421
203 1604
203 1645
203 1993
204 784
204 944
204 1128
205 772
205 903
205 1771
206 316
206 1327
206 1715
207 272
207 740
207 996
207 1005
207 1386
207 1627
208 835
208 1666
209 781
210 386
210 966
210 1276
210 1527
211 212
211 1697
211 1753
211 1942
212 944
212 1690
212 1880
213 455
213 1446
214 1109
214 1679
214 1739
215 278
215 942
215 1314
215 1353
215 1961
216 999
216 1098
217 489
217 603
217 956
217 1623
218 507
219 841
219 959
219 1376
219 1725
219 1990
220 1702
220 1747
221 335
221 624
221 1069
221 1358
221 1374
221 1942
222 231
222 548
222 782
223 640
224 380
224 1655
225 795
225 1967
226 1530
227 441
227 1343
227 1517
227 1682
227 1813
228 1546
228 1604
228 1813
229 853
229 1935
230 519
230 669
230 697
230 1243
230 1501
230 1885
231 458
231 1571
231 1938
232 443
232 739
232 1102
232 1573
232 1792
233 822
233 1269
234 1121
234 1904
235 1008
235 1632
235 1730
236 642
236 994
236 1373
236 1659
237 359
237 595
237 993
238 457
238 587
238 974
238 1500
238 1792
239 1397
239 1436
240 593
241 254
241 532
242 1223
242 1991
243 515
243 936
243 1435
243 1803
243 1861
244 749
244 771
245 825
245 1087
245 1115
246 959
247 1063
247 1799
248 890
248 1051
249 360
249 618
249 627
249 930
249 1134
249 1472
249 1786
249 1863
250 430
250 1715
250 1820
251 454
251 533
251 1990
252 540
252 972
252 1779
252 1891
253 667
253 912
253 1040
253 1405
254 523
254 742
254 955
254 1605
254 1876
254 1892
255 650
255 921
255 1202
256 594
256 1344
256 1801
256 1922
257 333
257 604
258 331
258 416
258 1288
258 1827
259 327
259 405
259 689
260 754
260 925
260 1765
261 657
261 1568
261 1712
262 315
262 785
262 1618
263 824
263 895
263 1098
263 1761
263 1973
264 774
264 984
264 1059
264 1097
264 1190
264 1636
264 1777
265 905
265 1336
265 1520
265 1784
265 1795
265 1977
266 865
266 1290
267 1157
267 1457
267 1885
268 462
268 751
268 1767
269 1231
270 636
270 689
270 1180
270 1737
270 1844
270 1879
271 1369
271 1764
272 488
272 820
272 1097
272 1659
273 1894
274 1648
275 646
275 1183
275 1948
276 922
276 1104
276 1263
276 1928
276 1941
277 590
277 1557
278 410
278 603
278 649
278 1114
278 1315
279 350
279 1534
279 1950
280 1347
280 1398
280 1570
281 299
281 549
281 898
281 1009
281 1413
282 854
282 967
282 1183
282 1427
282 1496
283 426
283 1091
283 1395
283 1463
283 1602
283 1874
284 939
285 1587
286 641
286 1438
286 1728
286 1836
287 1559
288 488
288 528
288 1005
288 1258
289 341
289 864
289 1342
289 1489
289 1828
290 325
292 409
292 724
292 869
292 1318
292 1648
292 1724
292 1802
293 1796
295 650
296 663
296 1126
296 1345
297 1570
297 1925
298 385
298 1578
298 1659
298 1704
299 703
299 941
300 405
300 682
300 823
300 1098
300 1180
300 1671
301 608
302 1213
302 1975
303 480
303 508
304 997
304 1018
304 1874
305 539
306 1820
306 1948
307 439
307 649
307 1261
307 1929
307 1988
308 966
309 638
309 742
309 1143
309 1146
309 1191
309 1627
310 1110
310 1386
310 1865
310 1956
311 343
311 480
311 841
311 1476
312 374
312 902
312 948
313 1135
313 1790
314 447
314 596
314 671
314 742
314 840
314 1005
314 1090
314 1365
315 402
315 548
315 624
315 1242
315 1294
315 1786
316 376
316 664
316 961
316 1163
317 1128
317 1337
317 1340
317 1504
317 1627
317 1999
318 370
318 987
318 1409
318 1558
318 1868
319 754
320 431
320 626
320 1036
320 1468
320 1664
321 1312
322 652
322 979
323 342
323 838
323 1709
324 515
325 783
325 1346
325 1513
325 1603
326 487
326 540
326 1990
327 519
327 861
327 1605
327 1639
328 783
328 1604
328 1612
328 1780
329 1452
329 1670
330 488
330 953
331 371
331 999
331 1282
331 1910
332 358
332 644
332 1341
332 1632
333 385
333 624
333 1477
333 1518
333 1735
333 1737
334 615
334 1559
335 591
335 684
335 816
336 526
336 916
336 1595
337 618
337 1483
337 1775
338 539
338 1503
339 1329
339 1485
339 1493
339 1671
339 1724
339 1822
340 578
340 896
341 401
341 1689
341 1838
342 1665
343 635
343 831
343 1756
344 402
344 519
344 1227
344 1519
345 679
345 1263
345 1527
345 1547
345 1753
346 1197
346 1321
346 1884
347 1027
347 1350
348 962
348 1571
348 1806
349 1575
349 1857
350 1493
350 1600
351 606
352 399
352 647
352 996
352 1029
352 1154
352 1314
352 1729
352 1939
353 1350
353 1848
354 575
354 795
354 965
354 1164
354 1205
355 1345
355 1560
355 1593
356 362
356 896
356 1636
357 774
357 1430
357 1617
358 462
358 954
358 1756
359 456
359 1443
360 701
360 707
360 1226
360 1560
361 969
361 1498
361 1959
362 406
362 1438
363 1111
363 1476
364 829
364 1475
364 1549
364 1575
365 1155
365 1264
366 617
366 786
366 1805
367 1224
367 1328
367 1726
368 825
368 1878
368 1922
369 563
369 1431
370 379
370 765
370 1177
370 1749
370 1784
371 993
371 1464
372 476
372 759
372 1275
372 1856
373 448
374 623
374 839
374 1526
374 1579
374 1669
375 471
375 582
375 594
375 1748
376 1290
376 1796
377 659
377 683
377 1093
377 1677
378 1326
378 1512
379 450
379 1152
379 1180
379 1490
380 416
380 598
380 1342
380 1523
381 397
381 558
381 667
381 833
382 997
382 1999
383 1215
384 1454
385 416
385 951
385 1125
386 1132
386 1428
386 1902
387 554
387 1323
387 1401
387 1431
388 782
388 883
388 1286
388 1982
389 767
389 1313
389 1886
390 1007
390 1173
390 1725
390 1780
391 998
391 1242
391 1556
391 1631
391 1917
391 1999
392 1084
392 1265
393 833
393 1484
394 397
394 409
394 433
394 1998
395 604
395 790
395 1161
395 1637
397 1021
398 1038
399 918
399 1235
399 1859
401 653
402 673
402 838
402 1269
402 1824
403 900
403 1331
405 497
405 775
405 1546
406 696
406 747
406 1223
407 1838
408 850
408 1143
408 1750
408 1847
410 1272
410 1612
411 601
411 626
411 823
411 1231
411 1695
412 702
412 929
412 1846
413 505
413 544
413 1575
413 1811
414 1726
414 1764
415 1325
415 1473
417 447
417 776
417 1518
418 1397
418 1644
418 1700
418 1900
419 431
419 753
419 1955
420 1093
420 1413
420 1661
420 1743
420 1974
422 1160
422 1207
422 1308
423 1623
424 1776
424 1857
425 885
425 1102
425 1613
426 560
426 561
426 627
426 1338
427 995
427 1113
427 1449
428 960
429 1339
430 814
430 1182
430 1560
431 960
432 1132
433 440
433 470
433 529
433 1128
434 639
434 825
434 1394
435 1114
435 1219
435 1752
435 1839
436 960
436 1260
437 476
437 654
437 1695
438 1236
438 1253
440 771
440 834
440 1192
440 1452
440 1969
442 519
442 579
442 778
442 800
442 1159
443 900
443 969
444 637
444 1032
444 1037
444 1059
444 1992
445 773
445 850
445 1735
445 1887
446 542
446 937
446 1007
446 1409
447 918
447 1026
447 1074
447 1270
447 1338
447 1507
448 1735
448 1829
449 959
449 987
450 864
451 921
451 1377
451 1576
451 1687
452 1471
453 1035
453 1548
454 677
454 1929
455 1004
455 1506
455 1553
455 1624
455 1745
456 1538
456 1950
457 1002
457 1011
457 1227
457 1284
457 1672
457 1962
458 482
458 1105
458 1464
459 817
460 502
460 521
460 685
460 736
460 972
460 1650
461 891
461 1249
461 1744
461 1849
463 917
463 1133
463 1281
463 1485
464 812
464 825
464 972
464 1082
464 1181
464 1913
465 957
465 1130
465 1321
465 1680
465 1686
466 1026
466 1826
466 1926
467 828
467 1266
469 604
469 1075
469 1741
470 1117
470 1196
471 715
471 1149
471 1312
471 1316
471 1491
472 1103
472 1519
472 1696
473 1036
473 1272
474 777
474 849
475 771
475 1097
476 496
476 1307
476 1384
476 1969
477 1120
477 1187
477 1751
478 702
478 1092
478 1386
478 1745
478 1830
479 509
479 931
479 1360
479 1528
479 1911
479 1922
480 558
480 615
481 1774
482 689
482 1179
482 1503
483 1346
484 983
484 1064
485 503
486 913
486 1334
486 1937
487 897
487 1128
487 1569
488 1005
488 1622
489 632
489 958
489 1904
490 959
490 1875
491 638
491 1087
491 1142
491 1621
492 512
492 1225
492 1361
493 1094
493 1170
493 1228
493 1411
493 1625
493 1717
493 1944
494 801
494 1104
495 1300
495 1466
496 628
496 1262
496 1275
497 542
497 1533
498 611
498 1592
498 1840
499 552
499 1241
499 1242
499 1484
499 1759
500 560
500 1409
501 1008
501 1252
501 1629
501 1997
502 1690
503 1170
503 1753
504 633
504 1416
504 1498
504 1943
505 1086
505 1195
505 1357
505 1902
506 524
506 1541
507 846
507 1616
507 1887
508 1589
508 1650
509 1147
509 1476
509 1503
510 1400
511 1048
511 1319
511 1653
511 1672
511 1866
512 1035
512 1893
513 708
513 1311
513 1586
513 1970
514 843
515 1483
515 1797
516 1114
516 1601
517 693
517 1450
518 844
518 917
518 919
518 1234
518 1612
519 693
519 762
519 1329
520 693
520 1362
521 651
521 764
521 765
521 1143
521 1152
521 1176
521 1539
521 1736
522 1522
522 1834
522 1937
523 635
523 709
523 721
523 1672
523 1908
524 1273
525 772
525 1884
526 630
526 782
526 1450
526 1704
526 1779
527 799
528 773
528 816
528 1437
528 1451
529 947
529 955
529 1240
529 1256
529 1465
529 1535
529 1991
530 1014
530 1297
531 576
531 1333
532 605
532 1165
532 1581
532 1710
533 723
533 775
533 1067
533 1199
533 1428
534 666
534 717
534 1929
535 814
535 1431
535 1609
535 1987
536 1348
536 1395
536 1747
536 1919
537 1196
537 1390
537 1568
538 1222
539 564
539 740
539 881
539 1425
539 1659
539 1984
540 681
540 1397
540 1440
540 1516
541 752
542 1574
542 1814
543 1813
544 669
544 1330
544 1544
545 1135
545 1187
546 745
546 1073
546 1458
547 669
547 1138
547 1324
548 1041
548 1198
549 601
549 1370
549 1449
549 1778
550 576
550 706
550 860
550 1232
550 1379
550 1530
551 772
552 839
552 1149
552 1543
553 605
553 860
553 1069
553 1217
553 1371
553 1491
553 1873
554 697
555 655
555 661
555 713
555 936
555 1046
555 1923
556 610
556 874
556 1822
557 1097
557 1350
558 1243
559 1126
559 1137
559 1538
559 1973
560 1545
560 1745
560 1868
561 798
561 1273
561 1316
561 1571
561 1721
561 1911
562 837
563 810
563 855
563 1274
563 1367
564 1149
564 1178
564 1737
565 680
565 834
565 1049
565 1146
565 1378
565 1827
566 901
566 1794
567 934
567 1028
567 1593
568 651
568 1130
568 1253
568 1268
568 1553
568 1763
570 1043
571 747
571 951
571 1285
572 808
572 1157
572 1573
572 1743
573 873
573 1662
573 1779
574 759
574 1009
574 1330
574 1521
574 1927
575 950
575 1352
575 1692
576 752
576 950
576 980
576 1630
577 1076
577 1145
577 1236
577 1974
578 1017
578 1129
578 1235
578 1360
578 1460
578 1485
578 1549
578 1731
579 1180
580 633
580 867
580 968
582 583
582 600
582 1003
583 626
583 811
584 1425
585 679
585 965
585 1325
585 1606
585 1941
586 1629
587 1382
587 1549
588 1331
588 1490
589 770
589 1357
590 1172
591 1124
591 1341
592 855
592 1075
592 1150
592 1771
593 1740
594 773
594 942
594 1330
594 1441
594 1897
595 1005
595 1216
595 1434
595 1697
595 1700
596 865
596 948
596 1699
598 896
598 1035
599 739
600 755
602 1826
602 1886
603 821
603 1322
604 624
604 918
604 964
605 795
605 1117
605 1215
605 1648
605 1833
606 1038
606 1303
606 1521
607 1425
607 1760
607 1929
607 1950
608 1156
609 1301
609 1616
610 998
610 1695
611 784
611 910
611 1048
611 1174
611 1418
612 955
612 1572
613 687
613 960
613 1050
613 1124
613 1648
615 1271
615 1688
615 1788
616 1272
616 1638
616 1910
617 719
617 1420
617 1521
618 1037
618 1136
618 1322
618 1405
619 1027
619 1045
619 1241
619 1418
619 1837
619 1912
620 642
620 832
620 1059
621 789
621 1192
621 1195
621 1207
622 629
624 1223
625 1856
626 691
626 1118
627 1682
627 1942
628 1961
629 1108
630 1145
631 995
631 1146
632 776
632 842
632 1686
633 1415
634 831
634 1465
634 1531
634 1557
634 1652
635 1444
635 1974
636 691
636 1933
636 1969
637 1192
637 1313
637 1440
637 1687
638 1667
639 839
639 972
639 1180
639 1533
639 1570
639 1898
640 1070
640 1614
641 879
641 1407
641 1952
641 1980
642 688
642 964
642 1612
643 1383
643 1753
643 1775
643 1786
643 1893
645 877
645 1534
645 1786
646 1115
646 1483
647 848
647 1330
648 1203
649 1364
649 1607
650 1340
652 1425
653 778
653 1531
654 692
654 1028
654 1669
654 1864
655 1407
655 1678
656 846
656 1313
656 1852
656 1986
657 831
657 1629
659 1896
660 1093
660 1131
660 1525
661 1402
661 1833
662 1223
662 1309
662 1335
662 1951
663 875
663 1021
663 1571
664 1514
664 1750
665 715
665 858
665 1322
665 1692
666 1686
667 1473
668 697
669 1919
669 1981
670 685
670 1951
670 1985
671 692
671 1672
672 1918
672 1939
673 952
673 979
673 1191
673 1260
674 838
674 1050
674 1670
675 795
675 1133
675 1596
675 1857
675 1922
676 1186
676 1479
677 977
677 1303
678 1789
679 1404
680 801
680 1300
680 1395
680 1731
681 1745
681 1999
682 1681
683 771
683 935
683 1026
683 1709
685 942
685 1651
685 1787
685 1821
685 1893
685 1949
687 875
687 1063
688 969
688 1197
688 1548
688 1740
688 1893
689 744
689 1461
689 1773
690 714
692 983
692 1396
692 1952
693 900
693 1307
693 1833
694 1522
695 1325
695 1926
696 840
696 1761
697 1801
698 708
699 809
699 846
699 942
699 969
699 1018
699 1316
699 1540
699 1542
699 1725
700 1611
701 742
701 764
701 1012
701 1108
701 1327
702 1932
703 1082
703 1124
703 1818
703 1947
704 916
704 935
704 1093
704 1129
705 1050
705 1833
705 1999
706 902
707 1768
708 1416
709 838
709 861
709 1464
709 1987
710 1739
711 1008
711 1017
711 1102
711 1343
711 1961
712 1102
712 1800
712 1968
713 741
714 901
714 1183
714 1265
715 865
715 1235
715 1267
715 1519
716 749
716 1043
716 1618
717 846
717 1421
717 1988
718 758
718 980
718 1798
719 834
719 996
719 1335
720 1478
721 934
721 1640
722 1515
722 1920
723 1175
723 1579
723 1985
724 829
724 857
724 1049
724 1080
724 1664
725 786
725 1148
726 988
726 1007
726 1337
727 1324
728 1472
728 1618
729 826
729 982
729 1375
729 1459
729 1859
730 820
730 1351
730 1545
730 1739
732 1030
732 1925
732 1937
733 965
733 1303
734 1006
734 1297
734 1709
734 1934
735 743
735 1372
736 764
736 1539
737 1679
738 1021
738 1937
739 1259
739 1511
739 1893
740 1235
740 1464
741 1775
742 1076
742 1260
742 1572
742 1633
742 1784
743 881
743 1064
745 1733
746 1398
746 1915
747 908
747 1024
748 1328
748 1623
748 1626
748 1727
749 1494
749 1698
750 1110
750 1202
751 885
751 979
751 1483
751 1894
752 1112
752 1135
753 760
753 942
753 1622
753 1951
754 790
754 1668
755 1332
756 882
756 1994
757 1852
758 1792
759 1348
759 1561
760 1372
761 942
761 1753
762 906
762 952
762 1419
762 1611
763 823
763 1730
763 1884
764 1836
764 1878
765 1256
765 1302
766 816
766 1360
766 1475
766 1524
766 1665
767 839
767 935
767 1565
767 1857
768 1084
769 907
769 1000
770 784
771 1193
772 839
772 1061
772 1328
773 1124
773 1148
773 1989
774 1177
774 1362
774 1426
774 1440
775 1009
775 1254
775 1393
775 1751
776 830
776 1305
776 1912
777 1183
777 1907
777 1937
778 867
778 1088
778 1241
778 1425
778 1607
779 1779
780 826
780 895
780 1020
780 1128
780 1216
780 1642
781 1039
781 1659
781 1722
781 1792
781 1979
782 998
782 1376
782 1383
782 1563
782 1782
783 1256
783 1336
784 1985
786 1121
786 1354
786 1622
787 911
787 1338
787 1782
787 1810
789 816
789 941
789 1427
790 1350
790 1663
791 960
791 1122
791 1137
791 1269
792 1396
792 1401
792 1507
792 1948
793 953
793 1046
793 1638
794 883
794 1204
794 1872
794 1911
794 1998
795 902
795 1889
796 1463
797 1566
800 1073
800 1136
800 1900
802 1106
802 1271
802 1418
802 1844
802 1986
804 1293
804 1828
805 1084
805 1627
806 1207
807 858
807 1722
808 992
808 1176
808 1518
808 1620
808 1882
809 1144
809 1888
809 1947
810 1116
810 1710
810 1733
810 1814
812 1181
812 1715
813 942
813 1122
813 1669
813 1832
815 1352
816 1403
816 1763
817 1099
817 1270
818 1542
819 934
819 1768
819 1895
820 1046
821 986
821 1862
822 908
823 1292
824 1123
824 1233
824 1758
824 1935
825 982
825 1614
825 1973
826 1372
826 1412
827 1225
827 1398
827 1552
828 1426
828 1625
828 1678
829 942
829 1191
829 1194
829 1279
829 1311
829 1718
830 1946
831 1331
831 1645
832 1282
832 1765
832 1991
833 1182
833 1372
833 1980
835 1063
836 1339
836 1739
837 929
837 1143
837 1273
837 1470
837 1606
838 1933
840 1339
840 1369
840 1621
840 1977
841 1364
841 1863
843 1106
843 1522
843 1933
844 1282
845 1667
845 1888
847 1240
848 1750
848 1830
849 1175
849 1337
849 1544
849 1774
849 1858
850 865
850 1030
851 1646
851 1713
851 1741
852 1433
852 1473
852 1623
852 1973
854 1591
854 1800
855 1016
855 1369
855 1723
855 1809
856 1310
856 1799
858 977
858 1252
858 1750
859 1460
859 1532
859 1844
860 1006
861 866
861 1579
862 1312
862 1445
863 867
863 1315
863 1485
863 1499
864 1218
864 1884
865 1539
866 1723
867 880
868 1007
869 1036
869 1764
870 1032
870 1411
871 973
871 1741
871 1778
873 1296
873 1699
874 951
874 1029
874 1917
874 1954
876 1087
876 1235
876 1662
876 1709
877 1445
878 1300
878 1421
879 1863
880 888
881 1270
881 1624
881 1736
881 1839
881 1961
882 1135
882 1166
882 1177
882 1696
886 1504
886 1603
886 1806
888 1504
888 1540
888 1630
890 942
890 1915
891 1181
891 1465
892 1010
893 1500
893 1851
893 1895
894 1286
894 1603
895 1301
895 1631
895 1855
897 996
898 1285
898 1579
900 1141
900 1317
901 1023
901 1760
902 1505
902 1692
902 1787
902 1850
902 1931
903 990
904 1536
905 1157
905 1523
905 1812
905 1889
906 1676
907 1253
907 1742
907 1763
908 944
908 1538
908 1589
909 1294
909 1404
909 1772
910 1728
911 1179
911 1256
911 1343
912 981
912 1390
912 1397
914 1947
915 964
915 1822
916 1461
916 1554
916 1665
916 1937
917 1794
918 1190
918 1419
918 1933
918 1946
919 1029
919 1352
919 1411
920 1618
920 1667
921 1226
922 1124
922 1150
922 1702
923 1207
924 1177
924 1404
925 1041
925 1619
925 1664
926 1248
926 1411
926 1554
927 988
927 1297
927 1834
928 1157
929 974
929 1174
929 1418
929 1421
929 1458
929 1644
931 1146
932 1174
932 1752
932 1839
932 1887
933 1074
933 1281
934 1130
934 1511
934 1670
934 1748
936 1636
936 1805
937 1408
937 1724
938 1112
938 1388
939 1523
939 1866
941 997
941 1165
941 1927
942 1567
943 1227
943 1534
944 1161
945 1052
945 1727
945 1788
946 1188
946 1515
947 989
947 1555
948 1228
948 1621
950 1104
950 1124
952 1290
952 1421
952 1463
952 1745
953 1223
953 1974
954 1023
954 1589
954 1695
956 1026
956 1248
956 1650
960 1677
960 1774
961 1832
962 1051
963 1744
964 1018
964 1323
964 1582
965 1708
966 1242
966 1295
967 1664
968 1817
969 1206
969 1552
969 1781
970 1640
972 1069
972 1760
972 1776
972 1968
973 1062
973 1968
974 1013
975 1557
975 1755
976 1266
976 1741
977 1015
977 1246
978 1933
979 990
979 1464
979 1507
979 1870
979 1884
981 1481
982 1084
982 1782
983 1727
984 1926
985 1665
986 1404
986 1864
987 1884
987 1916
987 1917
987 1933
988 1553
989 1173
989 1840
989 1949
990 1193
990 1534
990 1972
991 1174
992 1326
992 1420
994 1570
994 1714
995 1482
996 1343
996 1726
996 1775
997 1070
997 1553
997 1820
997 1857
998 1054
998 1334
998 1773
998 1842
1000 1450
1000 1650
1000 1932
1001 1453
1001 1493
1001 1505
1001 1527
1002 1428
1002 1887
1003 1115
1003 1154
1004 1377
1005 1821
1006 1079
1006 1228
1006 1236
1006 1456
1007 1441
1007 1443
1009 1059
1009 1376
1010 1040
1010 1186
1010 1487
1010 1526
1010 1603
1011 1041
1011 1429
1011 1458
1012 1041
1012 1153
1013 1604
1016 1192
1018 1310
1018 1506
1018 1802
1019 1568
1020 1893
1021 1385
1021 1572
1022 1974
1023 1754
1023 1956
1024 1047
1024 1603
1024 1870
1024 1990
1024 1994
1025 1562
1025 1876
1025 1995
1026 1447
1026 1609
1026 1789
1028 1409
1028 1983
1029 1040
1029 1382
1030 1145
1030 1380
1030 1908
1031 1040
1031 1143
1031 1980
1032 1486
1032 1626
1032 1771
1032 1845
1033 1601
1033 1904
1034 1967
1035 1335
1035 1474
1036 1371
1036 1621
1036 1791
1037 1452
1038 1538
1039 1070
1039 1349
1041 1087
1041 1541
1041 1604
1042 1515
1043 1827
1043 1968
1044 1278
1044 1384
1044 1684
1044 1737
1044 1809
1046 1292
1046 1880
1046 1882
1047 1795
1047 1849
1047 2000
1048 1152
1048 1404
1048 1698
1048 1932
1049 1507
1049 1695
1050 1420
1050 1448
1051 1236
1051 1314
1052 1729
1052 1965
1053 1214
1053 1423
1053 1616
1053 1668
1053 1696
1053 1859
1053 1896
1054 1237
1054 1254
1054 1555
1054 1591
1056 1073
1057 1793
1058 1715
1059 1843
1059 1986
1060 1740
1062 1420
1063 1531
1063 1538
1065 1990
1066 1933
1067 1392
1068 1481
1069 1439
1069 1971
1070 1413
1070 1667
1071 1910
1072 1118
1072 1125
1073 1480
1073 1515
1073 1665
1073 1798
1074 1130
1075 1322
1076 1328
1076 1602
1077 1670
1078 1169
1079 1462
1079 1577
1080 1729
1080 1816
1080 1895
1084 1603
1084 1820
1084 1930
1085 1757
1086 1590
1086 1661
1087 1575
1087 1664
1088 1514
1088 1712
1088 1772
1089 1405
1090 1692
1090 1783
1091 1157
1091 1336
1091 1822
1092 1998
1094 1762
1095 1442
1095 1596
1095 1647
1095 1857
1096 1611
1096 1837
1096 1846
1097 1483
1098 1736
1098 1910
1099 1598
1100 1245
1100 1726
1101 1487
1101 1864
1102 1150
1102 1388
1102 1717
1103 1845
1104 1986
1105 1392
1107 1500
1108 1715
1109 1304
1110 1382
1110 1583
1111 1655
1112 1334
1112 1594
1112 1877
1115 1892
1116 1793
1117 1524
1117 1972
1118 1342
1120 1144
1121 1458
1121 1503
1122 1415
1124 1299
1124 1347
1125 1365
1127 1177
1127 1219
1127 1506
1127 1679
1127 1762
1128 1245
1128 1441
1128 1628
1128 1792
1129 1146
1129 1807
1130 1800
1131 1390
1132 1901
1132 1926
1133 1756
1133 1795
1134 1469
1134 1520
1135 1463
1136 1182
1136 1270
1136 1598
1137 1142
1137 1297
1137 1543
1138 1508
1138 1834
1139 1473
1139 1513
1139 1540
1140 1544
1141 1794
1142 1206
1143 1453
1143 1638
1143 1656
1145 1587
1146 1423
1147 1359
1147 1836
1148 1549
1148 1951
1149 1491
1150 1201
1151 1258
1152 1511
1155 1511
1155 1543
1155 1989
1156 1474
1157 1592
1157 1799
1158 1373
1158 1384
1158 1712
1158 1733
1159 1789
1160 1410
1160 1668
1160 1950
1161 1940
1162 1595
1162 1983
1163 1471
1163 1926
1164 1939
1165 1647
1165 1654
1165 1762
1165 1888
1166 1443
1166 1568
1166 1940
1167 1982
1168 1180
1169 1346
1169 1355
1169 1664
1169 1695
1170 1292
1170 1736
1171 1468
1172 1969
1174 1750
1175 1716
1175 1951
1175 1997
1176 1219
1176 1387
1176 1922
1177 1844
1178 1244
1178 1643
1178 1915
1179 1620
1179 1817
1180 1417
1181 1382
1181 1746
1181 1911
1182 1304
1183 1301
1183 1919
1184 1696
1184 1898
1184 1974
1186 1510
1187 1472
1188 1471
1189 1963
1190 1310
1190 1846
1191 1918
1192 1235
1192 1557
1193 1267
1193 1803
1194 1248
1194 1858
1196 1231
1197 1295
1197 1555
1198 1404
1198 1668
1199 1500
1199 1750
1199 1837
1199 1893
1200 1282
1200 1589
1200 1724
1200 1811
1202 1692
1202 1935
1203 1233
1203 1588
1204 1325
1204 1726
1204 1987
1205 1437
1205 1663
1206 1235
1206 1270
1206 1673
1206 1958
1207 1623
1208 1536
1209 1633
1210 1741
1210 1880
1211 1256
1211 1394
1211 1805
1211 1926
1212 1472
1213 1424
1213 1927
1214 1436
1214 1556
1214 1834
1215 1612
1216 1330
1216 1926
1216 1967
1217 1310
1217 1554
1218 1341
1218 1874
1219 1684
1219 1986
1220 1484
1220 1642
1220 1898
1220 1976
1221 1372
1221 1657
1222 1460
1223 1726
1225 1452
1225 1740
1225 1983
1226 1534
1226 1786
1227 1921
1228 1510
1229 1302
1229 1727
1230 1341
1231 1475
1231 1534
1232 1404
1232 1532
1232 1697
1233 1844
1233 1949
1233 1963
1234 1495
1234 1956
1235 1758
1236 1621
1236 1776
1238 1495
1238 1608
1238 1788
1241 1373
1241 1671
1246 1626
1247 1466
1249 1273
1250 1596
1251 1790
1251 1877
1253 1841
1253 1923
1254 1869
1255 1315
1255 1730
1255 1758
1255 1844
1256 1735
1257 1416
1257 1485
1258 1301
1259 1489
1260 1853
1261 1838
1262 1807
1262 1999
1263 1306
1263 1579
1264 1405
1265 1408
1265 1747
1266 1615
1269 1969
1270 1562
1271 1376
1272 1638
1272 1912
1273 1423
1273 1443
1274 1889
1275 1484
1276 1280
1276 1921
1278 1504
1279 1440
1280 1773
1280 1958
1281 1360
1281 1411
1281 1715
1282 1957
1284 1297
1284 1779
1285 1301
1285 1535
1286 1580
1288 1695
1290 1332
1290 1342
1291 1767
1292 1383
1293 1303
1293 1402
1294 1898
1294 1902
1297 1633
1298 1378
1299 1466
1299 1689
1300 1308
1300 1496
1300 1710
1301 1828
1301 1887
1301 1981
1303 1383
1304 1446
1304 1555
1305 1369
1306 1581
1306 1597
1306 1692
1306 1947
1307 1410
1307 1414
1307 1655
1310 1361
1310 1366
1310 1943
1311 1996
1312 1353
1312 1557
1313 1514
1314 1392
1314 1455
1314 1518
1315 1487
1316 1519
1316 1796
1317 1592
1317 1991
1318 1446
1318 1991
1319 1403
1319 1817
1319 1865
1320 1431
1320 1880
1321 1885
1322 1374
1322 1793
1326 1914
1327 1404
1330 1805
1332 1711
1333 1351
1333 1505
1333 1779
1334 1629
1336 1493
1336 1951
1337 1427
1337 1562
1338 1664
1339 1656
1339 1963
1340 1439
1340 1682
1341 1612
1342 1800
1343 1604
1344 1362
1344 1610
1345 1813
1347 1369
1347 1693
1347 1773
1348 1478
1349 1518
1349 1629
1349 1901
1350 1920
1351 1375
1351 1517
1351 1923
1352 1389
1352 1645
1352 1712
1357 1549
1358 1517
1358 1551
1358 1616
1358 1625
1361 1815
1363 1740
1364 1568
1364 1577
1364 1781
1364 1906
1365 1926
1365 1932
1366 1626
1366 1712
1366 1855
1368 1402
1369 1605
1373 1717
1373 1897
1376 1496
1376 1602
1378 1424
1380 1732
1381 1551
1381 1983
1382 1466
1382 1724
1382 1887
1384 1785
1384 1981
1385 1412
1385 1691
1386 1562
1387 1497
1388 1630
1388 1697
1388 1751
1389 1491
1391 1783
1392 1930
1393 1752
1393 1899
1394 1501
1394 1742
1395 1944
1395 1961
1396 1573
1397 1576
1397 1987
1401 1560
1404 1523
1404 1829
1405 1496
1407 1999
1408 1911
1409 1482
1410 1531
1411 1601
1411 1783
1412 1447
1412 1501
1412 1694
1412 1707
1416 1604
1416 1656
1419 1565
1420 1487
1422 1533
1423 1730
1424 1601
1424 1674
1424 1938
1426 1636
1426 1718
1428 1482
1428 1801
1428 1919
1429 1600
1430 1664
1431 1522
1431 1597
1432 1567
1432 1974
1434 1633
1436 1624
1436 1698
1437 1526
1439 1773
1440 1792
1440 1893
1441 1968
1442 1457
1443 1536
1444 1859
1445 1746
1446 1667
1447 1724
1447 1944
1449 1594
1449 1753
1454 1467
1454 1689
1459 1791
1460 1535
1463 1981
1465 1621
1465 1767
1467 1482
1468 1690
1469 1667
1469 1742
1469 1815
1469 1910
1471 1476
1471 1829
1473 1563
1473 1771
1474 1869
1475 1817
1477 1939
1478 1483
1478 1985
1482 1849
1483 1741
1484 1894
1485 1642
1485 1880
1485 1982
1486 1780
1488 1845
1489 1819
1490 1617
1490 1691
1490 1738
1490 1975
1491 1494
1491 1824
1491 1906
1492 1600
1494 1554
1496 1641
1496 1660
1497 1612
1497 1923
1499 1565
1501 1808
1503 1597
1504 1652
1506 1877
1509 1980
1510 1517
1510 1944
1510 1972
1511 1956
1513 1861
1514 1798
1515 1823
1516 1882
1517 1831
1519 1637
1523 1670
1525 1781
1526 1943
1527 1596
1527 1993
1529 1767
1529 1970
1530 1616
1532 1884
1533 1551
1533 1933
1534 1578
1534 1601
1534 1752
1534 1871
1535 1768
1537 1654
1538 1948
1541 1852
1542 1802
1542 1813
1542 1915
1545 1895
1545 1954
1546 1895
1547 1578
1547 1644
1547 1896
1548 1611
1548 1748
1549 1616
1549 1714
1549 1742
1550 1713
1551 1816
1553 1677
1553 1791
1555 1647
1556 1580
1558 1637
1558 1919
1558 1955
1560 1614
1560 1848
1564 1590
1564 1881
1564 1939
1565 1938
1566 1594
1566 1735
1566 1944
1567 1622
1567 1632
1567 1928
1569 1720
1572 1872
1578 1588
1578 1983
1579 1736
1581 1758
1582 1858
1583 1912
1584 1925
1586 1962
1587 1701
1587 1831
1587 1873
1588 1844
1589 1593
1589 1808
1589 1823
1590 1941
1593 1596
1593 1911
1593 1912
1594 1849
1594 1973
1596 1930
1597 1611
1597 1632
1597 1934
1600 1854
1601 1929
1602 1878
1602 1904
1604 1809
1606 1817
1607 1800
1607 1869
1608 1955
1610 1843
1613 1840
1613 1906
1614 1725
1614 1904
1615 1719
1618 1892
1619 1902
1621 1692
1622 1994
1623 1865
1626 1782
1626 1794
1627 1907
1627 1953
1629 1874
1631 1856
1634 1761
1635 1641
1636 1936
1638 1850
1640 1961
1641 1642
1641 1986
1642 1764
1643 1756
1643 1782
1645 1803
1645 1861
1646 1650
1647 1894
1648 1786
1650 1770
1651 1838
1652 1804
1654 2000
1655 1780
1655 1958
1656 1984
1660 1754
1661 1801
1661 1866
1661 1894
1663 1747
1666 1802
1668 1905
1669 1971
1672 1866
1673 1742
1675 1766
1678 1938
1679 1882
1680 1988
1681 1731
1682 1913
1683 1746
1685 1721
1685 1779
1685 1783
1685 1879
1686 1867
1686 1906
1688 1982
1689 1938
1690 1869
1692 1857
1692 1962
1694 1858
1699 1762
1699 1898
1704 1776
1705 1952
1705 1980
1706 1869
1712 2000
1713 1731
1716 1964
1719 1723
1720 1857
1727 1731
1728 1927
1730 1923
1731 1751
1731 1858
1732 1838
1734 1871
1734 1947
1735 1749
1735 1975
1738 1790
1739 1896
1739 1904
1741 1749
1743 1801
1747 1936
1748 1987
1749 1810
1753 1835
1754 1804
1758 1973
1760 1800
1762 1849
1762 1952
1763 1799
1765 1975
1766 1773
1768 1935
1769 1977
1774 1848
1776 1844
1787 1903
1802 1953
1804 1869
1805 1846
1806 1890
1811 1994
1820 1913
1821 1829
1822 1902
1825 1994
1827 1970
1829 1911
1837 1877
1837 1923
1841 1950
1844 1982
1852 1940
1861 1894
1862 1892
1865 1921
1867 1927
1868 1912
1872 1889
1873 1996
1878 1998
1881 1971
1882 1895
1887 1944
1899 1937
1900 1935
1905 1961
1907 1998
1908 1927
1912 1969
1913 1952
1943 1997
1944 1949
