2000
2 191
7 564
20 1237
26 562
35 552
39 844
49 354
54 744
54 1978
55 1981
66 1233
67 590
70 251
74 803
77 434
79 963
90 654
97 524
98 1657
113 1781
128 1842
132 1456
134 1965
138 1923
140 1108
149 987
161 168
172 535
173 1649
179 1975
180 900
185 1139
187 1528
190 903
203 995
203 1747
215 1912
223 1925
229 991
230 1123
242 1130
248 1607
250 673
250 1911
260 1083
260 1781
260 1992
263 1477
272 1498
282 1682
291 692
295 1532
298 381
299 879
304 805
309 1400
314 1228
326 645
329 1448
330 1808
335 1717
336 981
344 1916
350 1156
361 649
365 1739
368 1635
371 1546
384 1066
394 1055
394 1679
399 1862
400 697
404 1896
407 685
430 1388
440 1220
443 520
444 758
460 1288
461 1231
464 1829
466 582
480 1039
486 1354
490 1043
492 1186
496 1534
496 1666
513 1554
522 1370
523 1016
537 568
544 1088
546 801
546 1988
574 685
590 1024
591 1334
600 1047
609 651
623 1494
634 1044
649 1374
665 1249
668 1410
669 1246
679 1908
688 1083
704 1232
725 1343
739 856
746 1666
746 1712
751 1237
763 1203
787 1018
800 1785
801 1475
809 1871
813 1767
815 1528
827 1352
831 1202
836 1972
842 1557
845 1357
849 1928
854 1255
856 1951
857 1142
870 934
875 1840
877 1592
898 1954
910 1215
936 1968
941 1077
941 1777
945 1523
970 1745
972 1103
991 1961
992 1011
998 1759
1006 1155
1026 1679
1027 1899
1030 1261
1039 1766
1040 1618
1052 1056
1052 1598
1062 1206
1072 1298
1103 1507
1108 1198
1119 1386
1121 1574
1129 1667
1145 1805
1177 1979
1189 1782
1207 1763
1209 1873
1209 1981
1211 1269
1212 1907
1234 1862
1257 1559
1265 1300
1270 1296
1275 1626
1279 1557
1315 1366
1315 1375
1322 1700
1333 1609
1339 1899
1376 1749
1420 1697
1432 1491
1460 1743
1474 1567
1481 1839
1487 1859
1492 1532
1501 1675
1506 1727
1555 1682
1586 1961
1589 1995
1596 1878
1628 1800
1643 1852
1688 1728
1697 1972
1710 1970
1768 1911
1800 1911
1825 1878
