2000
1 1691
1 1802
2 5
3 235
3 565
3 1922
5 1121
6 174
7 136
7 1747
8 741
8 1533
9 1901
10 439
12 1660
13 719
13 1932
14 495
14 1270
16 1730
18 135
18 1715
19 206
19 488
20 189
20 873
21 870
21 1565
21 1615
22 1830
23 387
23 713
23 1797
25 303
25 640
25 703
26 905
26 1041
28 1293
29 984
30 1671
31 412
32 1717
33 248
34 376
34 1789
35 153
35 268
35 1127
35 1389
36 672
36 975
36 1460
36 1642
36 1753
37 425
38 355
38 1364
39 414
40 465
40 906
41 967
41 1758
42 334
42 683
42 1061
42 1083
42 1239
44 235
45 1442
45 1840
47 300
49 522
49 1542
50 124
51 953
54 401
55 566
55 1646
55 1779
56 1339
57 595
58 190
60 151
60 1703
61 287
61 673
61 951
61 1082
61 1701
62 68
62 204
62 319
63 533
63 1282
64 1531
66 1059
66 1795
67 339
68 365
68 1414
68 1867
69 349
69 1759
70 1215
71 1218
71 1789
72 440
73 97
73 709
73 1116
74 1924
75 473
75 1623
75 1784
76 275
76 1135
76 1945
77 597
77 1899
81 190
82 568
82 990
83 880
84 315
84 733
84 1543
85 1105
85 1670
86 565
87 112
88 1453
88 1804
89 940
91 432
91 763
91 1790
91 1864
92 605
92 1795
93 1609
94 154
94 422
94 1983
95 1768
95 1906
96 1312
97 1631
97 1655
97 1810
98 1961
99 661
99 782
99 1200
99 1537
100 1689
101 1403
102 892
102 1057
103 1249
103 1360
103 1490
105 290
105 380
105 1220
105 1432
105 1870
105 1985
105 1990
107 634
107 973
108 914
108 1026
111 1248
111 1455
111 1489
112 244
112 1506
113 417
113 1828
114 852
114 900
115 614
115 1044
115 1216
115 1352
116 1050
117 1166
118 1867
121 1208
122 934
123 714
124 1469
124 1652
124 1896
127 229
128 1601
129 1314
129 1346
131 223
131 395
131 1630
132 784
132 1357
133 235
133 368
133 1108
134 543
134 1491
135 217
135 484
136 742
139 1614
140 257
140 523
140 1588
141 697
141 949
141 1953
142 665
143 1949
144 1292
145 419
145 603
146 797
147 393
149 493
150 316
150 1955
151 537
151 677
152 1732
153 632
154 551
155 1708
156 852
157 1479
157 1856
158 306
158 375
159 1554
159 1829
160 449
160 1468
160 1561
161 782
161 1509
163 1039
164 503
164 715
164 1227
165 685
166 781
166 1590
166 1983
167 245
168 1410
169 391
169 448
170 1118
171 1391
172 724
172 1639
175 277
175 520
175 1519
176 584
176 1009
177 1907
178 1679
180 425
181 1565
182 263
183 1148
183 1598
185 424
185 1054
185 1309
185 1698
186 1233
186 1843
187 1000
187 1190
187 1342
188 740
188 1041
188 1456
189 796
190 908
191 1990
192 235
192 995
192 1650
195 681
195 1317
196 1689
196 1741
197 913
198 656
200 924
201 780
202 676
202 1736
204 1636
205 355
205 592
205 1034
205 1746
206 418
206 1049
206 1547
206 1767
208 1289
210 1046
210 1835
210 1839
211 1044
211 1059
213 290
213 1504
213 1545
215 890
215 1733
215 1914
216 1922
219 271
221 1277
221 1502
222 862
222 1311
222 1457
223 1713
225 971
227 557
228 287
228 1040
229 587
229 1756
229 1885
230 716
231 1043
231 1370
231 1731
232 662
232 703
233 1237
234 478
234 697
234 977
235 432
236 353
236 1336
236 1389
236 1740
237 655
238 1424
238 1644
238 1943
239 1337
239 1672
240 1738
241 611
241 964
242 810
242 947
243 815
243 900
243 1372
243 1416
245 284
245 1303
246 292
246 791
246 1375
247 770
247 1481
248 621
248 1167
248 1490
248 1729
248 1923
251 432
251 1166
252 1240
252 1354
252 1576
253 708
254 365
254 506
254 1263
255 391
255 448
255 890
255 904
255 1034
255 1684
255 1956
256 1254
258 1452
259 1270
259 1638
260 1575
262 347
263 878
263 1640
265 504
265 1224
266 1148
267 909
267 1043
267 1507
267 1613
268 879
271 1280
272 472
272 533
272 1444
273 1110
274 1095
274 1430
274 1625
275 1846
276 946
276 1897
277 404
277 702
277 836
277 864
279 1074
280 576
280 886
280 1883
281 1883
281 1991
283 540
283 970
283 1118
284 385
285 756
286 817
286 1419
286 1729
287 1225
288 1011
288 1249
288 1861
289 864
289 1320
289 1402
289 1442
290 556
291 1947
293 1415
294 673
294 889
294 1062
295 395
295 1564
296 599
297 549
297 938
297 1521
297 1544
298 555
299 456
301 1324
301 1528
303 680
304 1422
306 683
307 1478
308 1863
309 1014
309 1495
310 1524
313 1168
313 1646
314 849
314 963
314 1751
315 1461
316 335
316 801
316 1206
316 1939
318 729
318 1859
320 1447
322 1016
322 1597
322 1898
323 1065
325 1534
326 972
328 584
328 937
329 382
330 1747
332 720
332 1756
333 407
335 1382
336 1747
336 1782
336 1878
337 1895
339 688
339 1324
340 1760
341 1542
343 1458
343 1842
343 1993
344 492
345 426
346 440
346 953
346 1116
347 351
349 536
349 1820
349 1905
350 546
351 403
351 550
351 807
351 975
351 1175
351 1176
352 720
352 909
352 1682
355 479
355 762
355 1176
355 1391
356 1619
356 1853
357 1151
359 784
359 1114
359 1567
360 1248
360 1847
361 1455
363 585
363 644
363 806
366 746
366 1596
367 1659
368 399
368 477
368 799
368 1624
369 915
369 1517
369 1679
370 813
371 1917
371 1919
373 1591
374 1393
375 1350
376 458
378 465
378 1651
379 382
379 1873
380 527
380 872
381 1941
382 688
382 1015
382 1966
384 499
384 1243
387 1048
387 1330
387 1408
387 1806
388 887
388 1489
388 1770
389 474
389 1828
390 404
390 540
390 1114
390 1410
391 869
392 1695
394 1462
394 1923
396 1960
398 843
399 1393
400 639
404 786
405 777
405 1191
406 1553
407 967
407 1962
409 852
409 1041
411 1181
413 517
413 747
413 860
413 1411
413 1622
414 596
414 1330
414 1332
416 959
417 626
417 942
418 838
419 454
419 1734
420 918
421 1850
422 766
425 849
425 1366
426 460
426 1692
426 1823
428 1228
429 823
429 979
429 1017
429 1619
430 1926
431 967
431 1139
431 1224
432 564
433 1980
434 1656
435 723
436 913
436 1236
438 1223
438 1281
439 743
439 1039
440 1267
440 1632
442 998
442 1159
442 1892
443 1602
443 1818
443 1952
444 1693
445 577
445 1019
445 1305
445 1854
446 1397
446 1851
447 520
447 841
447 1372
448 1605
449 961
450 494
450 1472
450 1566
451 1132
451 1699
452 518
453 1636
453 1699
455 1486
456 1529
457 829
457 1722
458 1415
459 642
460 1168
460 1604
460 1888
461 542
461 1847
462 1599
462 1807
462 1968
466 1464
467 1335
467 1752
468 494
470 1320
470 1459
471 764
471 1948
472 528
473 1712
473 1859
474 1565
476 483
476 1187
477 690
477 1693
479 1612
480 488
480 949
480 1309
481 1176
481 1827
482 1446
484 1374
484 1818
484 1959
485 576
485 639
485 1467
486 842
486 1567
486 1600
486 1783
487 1795
488 706
489 660
489 778
490 1415
490 1687
491 873
491 1075
493 1197
494 616
494 1257
494 1795
496 1805
498 1036
500 1333
502 783
502 1155
502 1492
503 1998
504 816
505 794
506 1508
507 814
507 1874
508 1108
509 1690
511 991
515 538
515 1011
516 831
517 1560
517 1772
517 1785
519 1425
519 1820
520 733
520 1265
522 1983
523 1795
525 1032
525 1215
527 1657
528 538
529 1342
529 1943
530 1415
530 1926
531 1770
532 1348
532 1792
532 1921
533 1158
533 1383
537 1781
538 784
538 1218
541 1143
542 1689
542 1844
543 1024
543 1806
545 581
547 1256
547 1582
548 856
548 1469
549 899
549 1884
550 983
551 930
551 1095
551 1998
553 787
553 1359
553 1869
554 1411
555 1082
555 1101
556 709
559 1879
560 1296
560 1366
561 1335
561 1611
563 1498
565 724
566 1137
566 1364
567 962
569 1291
569 1369
570 1364
570 1573
570 1972
573 1124
573 1206
575 1786
575 1922
578 989
578 1402
579 1496
579 1966
584 1114
584 1587
587 1653
589 1696
591 1541
592 880
594 1088
595 1640
595 1694
598 664
599 1904
600 825
600 1818
601 1014
601 1487
601 1540
602 1129
602 1187
602 1491
603 1679
604 953
604 1557
604 1613
605 1022
606 889
607 1077
609 1880
611 1549
612 969
613 699
613 982
613 1404
613 1839
614 1409
614 1704
615 1801
616 1056
616 1876
617 1493
620 1398
621 1129
624 1331
626 1027
627 689
628 680
629 1605
631 1575
631 1939
633 1852
634 801
634 953
635 914
635 1345
635 1812
636 919
637 1247
637 1374
637 1585
638 694
638 848
638 1642
639 1145
641 1590
643 934
644 1015
644 1954
645 1052
645 1489
645 1510
645 1785
645 1787
647 1740
648 1241
648 1371
649 1108
649 1245
655 1216
655 1956
656 751
657 1058
659 743
659 908
659 1076
659 1562
660 695
660 1975
661 1223
661 1570
661 1977
662 813
663 1819
664 1602
666 979
666 1248
667 1594
668 756
669 1084
671 1071
671 1325
671 1553
672 1635
673 1362
674 1425
674 1714
675 916
677 922
677 1252
679 1239
681 1404
682 1217
684 1022
684 1647
685 1618
686 1254
687 910
687 1546
687 1577
688 1932
690 1238
690 1923
691 1249
691 1643
696 1212
696 1266
696 1901
697 1332
698 913
701 1617
701 1818
704 1415
706 887
706 1211
706 1933
707 928
707 1348
707 1642
708 1039
708 1922
709 1168
709 1210
710 1845
713 1101
713 1450
713 1952
714 1247
715 884
715 1113
716 1415
716 1768
717 1940
720 1133
720 1248
721 1911
722 1532
722 1812
723 1003
723 1386
725 771
726 805
727 794
728 1569
729 1372
731 1939
732 882
734 1628
735 1898
736 1287
738 1087
739 802
739 1011
739 1274
739 1388
740 1356
742 891
743 1218
744 1172
745 1461
746 941
746 1092
747 1385
749 1522
752 1227
756 1107
759 1626
759 1863
761 1300
763 1457
766 1491
766 1959
769 1518
769 1748
770 1421
771 930
772 1763
773 1583
773 1663
782 1962
784 1063
784 1090
786 992
786 1181
787 1574
787 1579
787 1754
788 1639
789 1998
790 1386
790 1717
793 1496
798 1139
799 1335
800 1350
801 1329
803 1574
804 1802
805 1833
806 1019
807 971
807 1941
810 1087
810 1285
811 1096
813 1771
814 927
814 1526
815 1592
816 955
816 1254
819 1891
820 929
822 1668
823 1475
823 1896
825 836
825 1570
827 1080
827 1263
828 1709
828 1872
829 1954
831 1370
831 1414
831 1966
832 1900
833 1056
833 1407
833 1915
834 1118
836 924
836 1763
837 1582
838 1063
838 1770
840 1213
840 1999
841 1151
844 1047
845 1702
848 1237
852 1522
855 1944
856 1683
857 1207
857 1682
858 946
858 1059
860 1304
863 883
864 1275
864 1915
865 1903
866 1000
866 1173
867 1561
868 1572
869 954
874 1702
874 1984
876 1021
877 987
877 1010
878 1007
880 1975
881 1198
883 1937
888 1747
890 1314
893 1059
893 1906
896 1270
897 907
897 1573
900 1719
900 1928
901 1493
902 1944
904 1666
905 1124
906 1890
909 1884
910 1111
910 1791
911 993
911 1256
914 1534
916 1631
917 1082
917 1135
917 1752
918 1854
919 1217
920 1462
921 1111
921 1646
921 1856
922 1254
922 1904
924 1233
924 1686
928 1181
928 1889
928 1951
929 959
929 1154
930 1218
930 1951
931 1691
934 1374
937 1082
937 1267
940 1331
941 1082
941 1200
942 1197
942 1610
942 1945
943 1964
945 1146
945 1781
948 949
949 1216
950 1213
957 1260
959 1074
960 974
960 1290
960 1315
963 1231
963 1757
964 1511
964 1637
965 1232
965 1750
968 1150
968 1680
970 1196
974 1373
976 1646
977 1164
977 1508
977 1577
979 1712
980 1434
980 1581
981 1015
984 1928
986 1921
986 1983
991 1434
996 1314
997 999
997 1799
1001 1812
1006 1549
1008 1223
1012 1673
1013 1521
1013 1972
1015 1946
1017 1602
1018 1228
1018 1297
1021 1186
1022 1847
1022 1865
1024 1294
1026 1849
1026 1905
1027 1139
1027 1504
1027 1882
1028 1855
1029 1097
1030 1610
1031 1445
1031 1987
1032 1130
1034 1482
1034 1584
1034 1716
1035 1448
1038 1953
1039 1347
1040 1936
1042 1595
1043 1775
1044 1770
1046 1244
1047 1419
1048 1263
1048 1845
1052 1492
1053 1340
1057 1419
1058 1084
1058 1333
1059 1531
1060 1438
1060 1971
1062 1333
1065 1579
1066 1391
1066 1592
1066 1928
1070 1360
1072 1238
1072 1429
1073 1804
1075 1390
1076 1793
1077 1188
1077 1505
1078 1750
1079 1486
1080 1927
1082 1674
1082 1920
1083 1765
1084 1317
1084 1382
1085 1753
1086 1569
1087 1441
1091 1374
1093 1837
1094 1417
1095 1810
1096 1400
1096 1729
1098 1696
1098 1723
1101 1935
1103 1112
1103 1862
1104 1685
1107 1357
1108 1266
1108 1765
1110 1240
1110 1362
1112 1470
1112 1900
1114 1675
1116 1181
1116 1777
1117 1924
1118 1926
1119 1468
1120 1452
1121 1159
1123 1179
1124 1602
1124 1957
1134 1441
1136 1309
1138 1765
1142 1355
1144 1466
1146 1255
1146 1570
1147 1253
1148 1411
1149 1268
1152 1250
1152 1910
1161 1208
1161 1929
1163 1367
1163 1568
1163 1778
1165 1596
1173 1487
1173 1537
1174 1279
1174 1666
1176 1584
1182 1918
1183 1425
1185 1633
1185 1716
1186 1350
1187 1226
1189 1659
1190 1489
1193 1540
1193 1976
1194 1394
1194 1498
1195 1206
1198 1946
1199 1499
1203 1277
1203 1840
1204 1339
1204 1835
1206 1256
1206 1269
1208 1800
1212 1486
1212 1935
1215 1938
1216 1318
1217 1252
1217 1355
1218 1242
1221 1487
1221 1917
1225 1714
1227 1493
1228 1410
1228 1710
1235 1908
1236 1538
1236 1863
1241 1439
1242 1675
1244 1801
1245 1925
1250 1907
1253 1810
1257 1915
1257 1942
1258 1376
1258 1715
1261 1582
1262 1882
1263 1451
1267 1542
1270 1690
1272 1689
1272 1946
1275 1439
1276 1570
1276 1702
1279 1670
1280 1558
1285 1689
1286 1617
1287 1910
1288 1831
1289 1526
1290 1547
1291 1734
1291 1952
1292 1838
1293 1801
1298 1381
1298 1884
1302 1573
1303 1659
1303 1718
1304 1351
1304 1381
1307 1673
1307 1912
1308 1475
1311 1442
1313 1594
1315 1718
1320 1460
1321 1658
1323 1363
1326 1639
1329 1348
1330 1634
1330 1819
1330 1882
1332 1639
1334 1417
1340 1474
1341 1563
1344 1558
1346 1542
1348 1387
1351 1504
1351 1695
1354 1441
1354 1987
1357 1556
1357 1747
1358 1665
1361 1446
1364 1541
1368 1604
1368 1679
1370 1983
1373 1904
1375 1863
1379 1912
1386 1562
1386 1673
1388 1636
1388 1660
1389 1675
1389 1718
1391 1495
1392 1740
1394 1879
1402 1534
1403 1826
1404 1880
1409 1829
1411 1840
1412 1918
1422 1434
1423 1802
1424 1711
1427 1703
1435 1631
1437 1810
1440 1733
1442 1604
1445 1447
1447 1997
1450 1674
1456 1605
1456 1776
1457 1528
1459 1569
1461 1547
1465 1515
1469 1543
1469 1945
1472 1770
1473 1578
1474 1594
1476 1756
1479 1760
1483 1572
1485 1783
1494 1868
1495 1504
1498 1977
1499 1732
1500 1636
1508 1738
1514 1918
1515 1534
1519 1539
1519 1646
1523 1858
1526 1882
1529 1547
1530 1958
1538 1876
1542 1760
1552 1922
1562 1901
1563 1735
1563 1748
1564 1754
1570 1852
1581 1695
1583 1748
1586 1965
1588 1702
1597 1722
1600 1949
1605 1958
1606 1967
1624 1758
1625 1786
1626 1754
1627 1894
1628 1731
1633 1817
1634 1749
1639 1930
1643 1801
1644 1901
1657 1885
1662 1999
1663 1726
1664 1887
1674 1915
1678 1821
1690 1875
1699 1794
1705 1859
1709 1935
1714 1732
1720 1853
1738 1766
1739 1907
1770 1993
1779 1975
1781 1965
1786 1929
1800 1974
1809 1810
1809 1928
1810 1857
1822 1895
1834 1879
1846 1991
1863 1920
1971 1996
