2000
1 179
1 242
1 363
1 456
1 550
1 1972
2 199
2 380
2 1099
2 1723
3 108
3 160
3 255
3 502
3 526
3 566
3 711
3 1087
3 1463
3 1746
3 1814
4 975
4 1033
4 1336
5 494
5 1164
6 677
6 696
7 346
8 775
8 1751
8 1780
9 43
9 207
9 399
9 477
9 974
9 1063
9 1275
10 768
10 957
10 1050
10 1338
10 1893
10 1917
11 182
11 286
11 569
11 730
11 1468
11 1755
11 1758
12 127
12 512
12 1046
12 1525
12 1667
12 1820
13 541
13 545
13 1172
13 1249
13 1478
13 1502
14 487
14 627
14 727
14 882
14 1993
15 255
15 627
15 854
15 1451
16 206
16 611
16 1268
16 1672
16 1734
16 1935
16 1960
17 1245
17 1547
17 1783
17 1955
18 1080
18 1647
18 1698
18 1916
19 1287
19 1958
20 165
20 715
20 1207
20 1290
21 162
21 1330
21 1979
22 43
22 380
22 493
22 813
23 269
23 994
23 1100
23 1572
24 547
24 1119
24 1756
25 221
25 1785
26 67
26 325
26 539
26 1457
26 1590
26 1927
27 131
27 1533
27 1818
27 1935
28 132
28 892
28 1717
28 1872
29 662
29 822
29 1209
29 1433
30 937
30 1054
30 1534
31 329
31 606
31 763
31 1412
31 1423
31 1676
32 294
32 337
33 533
33 570
33 800
33 1301
34 305
34 333
34 603
34 896
34 1097
34 1110
35 218
35 338
35 1862
36 922
36 1154
36 1191
36 1388
36 1729
37 170
37 919
37 1077
38 141
38 1422
38 1428
38 1959
39 765
39 1053
39 1418
39 1465
39 1537
39 1692
39 1749
39 1762
39 1810
40 770
40 1568
40 1574
40 1938
41 187
41 261
41 404
42 756
42 778
42 878
42 995
42 1225
42 1649
43 153
43 330
43 504
43 814
43 868
43 1073
43 1788
44 1016
44 1264
44 1547
45 198
45 556
45 804
45 918
45 1059
45 1632
46 300
46 1181
46 1387
46 1493
46 1746
46 1994
47 126
47 175
47 295
47 497
47 783
47 1411
48 1133
48 1272
49 209
49 804
49 838
49 1505
49 1991
50 495
50 1195
50 1682
50 1785
50 1946
51 217
51 302
51 365
51 391
51 1819
52 341
52 1249
53 215
53 319
53 418
53 427
53 653
53 1081
53 1600
54 1042
54 1379
54 1809
55 422
55 528
55 711
55 931
55 1685
56 463
56 976
56 1019
57 525
57 1166
57 1283
58 591
58 1004
58 1272
59 152
59 510
59 1031
59 1586
59 1991
60 278
60 1059
60 1180
60 1397
60 1834
61 79
61 580
61 1098
61 1403
61 1528
61 1738
61 1741
61 1951
62 171
62 575
62 769
62 859
62 1423
62 1730
62 1753
62 1805
62 1949
62 1968
63 433
63 1238
63 1924
64 113
64 935
64 1110
64 1315
65 266
65 571
65 756
66 528
66 883
66 1267
66 1286
66 1316
66 1951
67 232
67 732
67 1941
68 735
68 1172
69 116
69 902
69 1333
70 437
70 520
70 875
70 1055
71 1036
71 1204
72 543
72 879
72 892
72 1325
72 1728
73 789
73 909
73 1013
73 1139
74 257
74 593
74 771
74 1233
74 1392
75 239
75 1025
75 1881
76 118
76 787
76 1191
77 133
77 249
77 370
77 536
77 761
77 1179
77 1468
78 1038
78 1757
78 1918
79 135
79 1168
79 1328
79 1553
79 1560
79 1714
80 441
80 877
81 451
81 510
81 596
81 1796
81 1813
81 1819
82 99
82 357
82 956
82 1047
82 1765
82 1930
83 85
83 112
83 277
83 1618
83 1682
83 1847
83 1993
84 1033
84 1983
85 237
85 773
85 1108
85 1389
85 1534
86 325
86 672
86 1260
86 1343
86 1819
87 531
87 726
87 979
87 988
87 1326
87 1374
87 1700
88 183
88 312
88 440
88 754
88 853
88 1227
88 1966
89 239
89 244
89 784
89 1918
89 1979
90 214
90 660
90 1085
90 1213
90 1818
91 188
91 730
91 1567
92 1024
92 1344
92 1682
92 1713
93 379
93 620
93 639
93 833
93 1631
94 382
94 581
94 905
94 945
94 1186
94 1559
94 1833
94 1976
95 152
95 458
95 741
95 870
96 353
96 872
96 1316
96 1599
97 867
97 1133
97 1276
97 1790
98 409
98 1513
98 1689
98 1693
98 1920
99 340
99 422
99 1811
99 1983
100 670
100 795
100 851
100 910
100 1101
100 1617
100 1625
101 129
101 245
101 1339
101 1420
102 427
102 452
102 801
102 1546
103 333
103 338
103 1104
103 1552
103 1945
104 394
104 914
104 1067
104 1722
104 1897
105 144
105 415
105 712
105 791
105 1078
105 1541
106 1073
106 1332
107 1131
107 1688
107 1850
107 1977
108 316
108 589
108 1635
108 1859
108 1919
109 191
109 1060
109 1649
109 1860
110 193
110 354
110 1651
111 219
111 772
111 834
111 924
111 1264
111 1919
112 269
112 1743
113 280
113 382
113 659
113 819
113 1493
113 1721
113 1842
114 504
114 1164
114 1617
114 1753
114 1984
115 709
115 946
115 1270
115 1358
115 1677
115 1944
116 415
116 557
116 1087
116 1275
116 1756
117 356
117 406
117 409
117 1032
118 300
118 630
118 705
118 718
118 965
118 1104
119 519
119 546
119 668
119 1223
119 1417
119 1779
120 455
120 648
120 1313
120 1717
121 674
121 1258
121 1261
121 1550
122 397
122 782
122 1063
122 1178
122 1638
123 297
123 366
123 387
123 765
123 901
123 1823
124 274
124 325
124 361
124 891
124 1098
124 1549
124 1875
125 299
125 609
125 823
125 1122
125 1510
125 1701
125 1973
126 232
126 1402
126 1738
126 1739
127 787
127 810
127 1188
127 1524
127 1657
127 1911
127 1968
128 172
128 507
128 549
128 1215
128 1495
128 1756
129 245
129 459
129 582
129 773
129 1385
129 1510
129 1629
129 1770
130 193
130 323
130 432
130 1295
130 1742
130 1941
130 1979
131 406
131 620
131 648
131 1606
132 374
132 492
132 538
132 594
132 1228
133 387
133 420
133 660
133 1286
133 1513
133 1935
134 378
134 1505
134 1508
134 1719
135 276
135 484
135 1490
136 615
136 752
136 812
136 1461
136 1463
136 1625
137 446
137 508
137 918
137 961
137 1403
137 1521
137 1561
137 1586
138 324
138 350
138 503
138 1300
138 1657
139 222
139 810
139 1283
139 1500
139 1502
139 1524
140 421
140 474
140 926
140 1081
140 1362
140 1385
141 379
141 897
141 1140
141 1179
142 522
142 634
142 754
142 837
143 723
143 759
143 917
143 1030
143 1515
143 1681
144 226
144 935
144 1345
144 1537
144 1633
144 1728
144 1869
145 1332
145 1436
146 338
146 452
146 491
146 1316
146 1348
146 1671
147 815
147 868
147 1459
148 584
148 589
148 598
148 1187
148 1296
148 1609
148 1896
148 1966
149 282
149 1278
149 1337
149 1580
149 1960
150 382
150 431
150 654
150 678
150 769
150 1139
150 1420
151 267
151 986
151 1137
151 1985
152 353
152 1791
152 1855
152 1865
152 1888
153 293
153 405
153 693
153 725
153 1189
153 1469
154 505
154 610
155 263
155 980
155 1164
155 1263
155 1351
156 288
156 413
156 1055
156 1142
156 1527
157 372
157 852
157 964
157 1053
157 1081
157 1718
158 525
158 627
158 742
158 854
158 1107
159 279
159 405
159 1554
159 1991
160 375
160 1528
160 1654
161 320
161 656
161 1160
161 1600
161 1938
162 1042
162 1475
163 273
163 368
163 1321
163 1492
163 1765
164 673
164 1847
164 1952
165 376
165 685
165 731
165 942
165 1346
165 1549
165 1688
165 1739
165 1865
166 177
166 231
166 915
167 355
167 1321
167 1817
168 442
168 558
168 570
168 862
168 1761
168 1803
169 338
169 723
169 1219
169 1246
169 1364
170 891
170 931
170 958
170 1057
170 1972
171 793
171 805
171 944
171 1365
171 1368
171 1726
172 198
172 218
172 790
172 912
172 1115
172 1431
173 772
173 948
174 457
174 542
174 1057
174 1219
174 1406
175 1579
175 1695
175 1699
176 181
176 1745
176 1935
177 747
177 939
178 184
178 1327
178 1919
178 1954
179 459
179 1084
179 1350
179 1389
179 1498
179 1639
180 647
180 742
180 1098
180 1614
180 1704
180 1748
180 1762
180 1827
181 1455
182 641
182 714
182 1619
182 1825
183 846
183 1131
183 1333
183 1408
183 1414
184 1144
184 1155
184 1540
184 1557
185 489
185 1318
186 1968
187 470
187 590
187 1253
188 781
190 886
190 1101
191 352
191 1039
191 1294
191 1537
191 1793
192 195
192 657
192 1319
192 1608
192 1963
193 525
193 904
193 1081
193 1492
193 1759
194 229
194 285
194 846
194 1056
194 1409
194 1436
194 1468
194 1873
194 1950
194 1954
195 1533
195 1858
196 637
196 654
196 929
196 1053
196 1226
196 1257
196 1581
196 1992
197 206
197 870
197 943
197 1107
197 1481
198 749
199 417
199 721
199 1170
199 1174
199 1215
199 1292
199 1591
200 230
200 272
200 831
200 899
201 319
201 457
201 1292
202 360
202 828
202 1674
202 1697
203 587
203 649
203 997
203 1202
204 395
204 812
204 1578
205 991
205 1381
205 1444
205 1583
205 1587
206 611
206 1237
206 1711
206 1894
206 1950
207 505
207 755
207 1289
207 1417
208 218
208 278
208 323
208 441
208 478
208 587
208 1009
208 1884
209 929
209 1403
209 1609
209 1977
210 628
210 1165
210 1687
210 1964
211 503
211 1157
211 1300
212 987
212 1280
212 1940
213 859
213 1130
213 1377
213 1870
213 1942
214 620
214 778
214 781
215 1042
215 1610
216 400
216 469
216 694
216 1078
216 1170
216 1483
216 1946
217 819
217 1262
217 1446
218 413
218 746
218 1801
218 1973
219 1158
219 1265
219 1560
219 1612
219 1894
220 272
220 519
220 539
220 750
220 1582
220 1660
220 1740
220 1871
221 862
221 1170
222 356
222 361
222 579
222 717
222 1004
222 1503
222 1581
222 1679
222 1725
223 476
223 629
223 1010
223 1048
223 1417
223 1469
223 1750
223 1887
224 996
224 1020
224 1495
224 1828
224 1952
225 406
225 1058
225 1300
225 1471
226 857
227 393
227 1145
227 1220
228 381
228 790
228 1216
228 1912
228 1941
228 1974
229 292
229 1032
229 1154
229 1574
229 1803
230 639
230 727
230 1450
230 1967
231 388
231 607
231 649
231 927
231 1040
231 1043
231 1153
231 1684
231 1737
232 495
232 1246
232 1492
233 1313
233 1358
233 1535
233 1937
234 1639
235 486
235 512
235 1281
236 1609
237 548
237 676
237 1264
237 1491
237 1515
237 1691
238 477
238 1059
238 1366
238 1769
238 1993
239 766
239 785
239 834
239 902
239 982
239 1076
239 1162
239 1889
240 1012
240 1132
240 1515
241 671
241 719
241 988
241 1184
241 1194
242 311
242 1362
242 1625
242 1776
242 1948
243 985
243 1364
244 611
244 1434
244 1539
244 1908
245 1152
245 1836
246 1388
246 1570
246 1794
247 476
247 520
247 1203
247 1629
248 340
249 356
249 1806
249 1818
250 463
250 1387
250 1813
250 1882
251 311
251 911
251 927
252 594
252 929
252 1035
252 1248
252 1497
252 1531
252 1630
252 1751
253 495
253 667
253 1372
254 475
254 757
254 1062
254 1185
254 1406
254 1496
255 913
255 1048
255 1088
255 1116
255 1466
255 1694
255 1821
255 1835
255 1954
256 295
256 1572
257 575
257 800
257 847
257 1440
257 1513
257 1877
257 1969
258 479
258 1167
258 1690
258 1874
259 1218
259 1352
259 1391
259 1664
259 1740
260 1684
260 1811
261 828
261 1212
261 1550
261 1980
262 549
262 693
262 839
262 1079
262 1113
262 1449
263 265
263 442
263 568
263 875
263 917
263 1001
264 1723
265 407
265 454
265 580
265 1141
265 1500
266 1063
267 293
267 476
268 359
268 960
268 1040
269 325
269 848
269 1308
269 1310
269 1919
270 581
270 836
270 960
270 1275
271 515
271 650
271 852
271 1850
272 359
272 770
273 1501
273 1699
273 1718
273 1763
275 428
275 719
275 1177
275 1741
275 1892
276 856
276 1911
277 508
277 716
277 823
277 1030
277 1232
277 1608
277 1625
278 1574
279 987
279 1125
279 1520
280 925
280 935
280 1175
280 1430
280 1944
281 1490
281 1536
281 1803
281 1974
282 681
282 1015
282 1074
282 1527
283 1966
284 501
284 776
284 1027
284 1058
284 1131
284 1492
284 1716
284 1809
284 1908
285 1052
285 1387
285 1789
286 333
286 568
286 923
286 1390
288 1468
289 291
289 425
289 1003
289 1323
289 1615
289 1723
290 941
291 599
291 1001
291 1080
291 1912
292 373
292 631
292 808
292 1499
292 1788
293 537
293 1250
293 1255
294 842
294 973
294 1809
295 316
295 809
295 1985
296 732
296 986
296 1394
297 595
297 713
297 809
297 979
297 1198
297 1494
297 1757
298 911
298 1149
298 1274
298 1494
298 1865
299 490
299 565
299 891
299 1197
299 1394
299 1850
300 454
300 461
300 1131
300 1664
300 1815
300 1931
301 858
301 1025
301 1942
302 796
302 870
302 908
302 1007
302 1200
302 1667
303 390
303 821
304 445
304 1370
304 1745
304 1796
304 1853
304 1889
304 1966
305 335
305 780
305 1617
306 710
306 845
306 1006
306 1468
307 1090
307 1885
308 312
308 395
308 516
308 1243
308 1577
308 1766
309 1317
309 1572
309 1629
309 1998
310 996
310 1821
310 1879
311 378
311 440
311 665
311 691
311 1235
311 1976
312 1182
312 1377
313 489
313 490
313 676
313 1373
313 1899
314 1445
314 1824
315 368
315 695
315 1178
315 1251
315 1322
315 1615
315 1720
316 464
316 465
316 820
316 1122
316 1636
316 1642
316 1878
317 713
317 1980
318 446
318 690
318 804
318 1140
318 1232
319 1503
319 1745
320 1244
320 1539
320 1570
320 1899
321 457
321 646
321 805
321 844
321 1716
322 1969
323 1409
323 1780
324 1501
324 1973
325 792
325 844
325 983
325 1036
326 1305
327 425
327 1695
327 1900
327 1920
328 385
328 515
328 1299
328 1620
328 1705
329 571
329 893
329 1192
329 1199
329 1449
329 1957
330 505
330 730
330 1322
330 1756
331 811
331 1131
331 1376
331 1774
332 1875
333 1033
333 1398
333 1893
334 1262
334 1573
334 1622
334 1727
335 518
335 1034
335 1137
335 1323
335 1383
335 1464
335 1573
335 1584
335 1889
336 382
336 397
336 1048
336 1305
336 1919
337 342
337 396
337 467
337 1290
337 1625
338 905
339 494
339 584
339 634
339 1145
339 1275
339 1364
339 1773
340 357
340 406
340 523
340 566
340 719
340 901
340 1364
340 1373
340 1585
340 1880
340 1941
341 1146
341 1524
341 1758
341 1885
342 438
342 620
342 1011
342 1113
342 1330
342 1759
343 521
343 808
343 1006
344 1013
344 1310
345 715
345 1020
345 1570
346 610
346 1034
346 1187
346 1252
347 512
348 419
348 458
348 1909
349 1030
349 1425
350 1175
350 1835
351 1215
351 1527
351 1586
351 1609
351 1930
352 542
352 988
352 1630
353 366
353 1211
353 1691
354 570
354 1050
354 1058
354 1570
355 550
355 622
355 942
355 1205
356 869
356 1255
356 1779
357 1012
357 1734
357 1871
358 1108
358 1463
358 1498
358 1878
358 1978
359 1140
359 1767
359 1944
360 915
360 977
360 1755
360 1862
361 425
361 785
361 868
361 979
361 1420
361 1607
362 438
362 1591
362 1698
363 695
363 853
363 1576
364 588
364 1197
365 954
365 996
365 1796
366 533
366 866
366 1429
367 472
367 861
367 1098
367 1208
367 1293
367 1569
367 1776
368 674
368 1176
369 509
369 771
369 1085
369 1830
370 425
370 609
370 1391
370 1477
370 1544
370 1821
371 704
371 1968
372 379
372 1259
372 1734
372 1870
373 490
373 583
373 1707
373 1883
374 534
374 595
374 1954
375 887
375 1058
376 496
376 758
376 1685
376 1803
377 552
377 1009
377 1620
377 1636
378 904
378 1087
379 450
379 1729
379 1740
379 1943
380 1743
380 1855
381 420
381 735
381 1913
382 502
382 694
382 1098
382 1209
383 702
383 848
383 1516
383 1637
383 1739
383 1833
384 475
384 810
384 1192
385 1007
386 515
386 1050
386 1291
386 1296
386 1561
386 1625
386 1929
387 449
387 1368
387 1418
387 1525
387 1739
388 1068
388 1192
388 1238
388 1372
388 1571
388 1637
389 891
390 456
390 786
390 954
390 1277
390 1479
390 1686
391 628
391 1884
392 589
392 1507
392 1528
393 506
393 877
393 932
393 1219
393 1517
393 1609
394 1328
395 947
395 1424
395 1599
395 1793
395 1891
396 710
396 1273
396 1298
396 1639
396 1720
396 1985
397 465
397 599
397 629
397 709
398 921
398 1141
398 1540
398 1798
398 1905
399 445
399 1744
400 408
400 494
400 581
400 773
400 1022
400 1217
401 1026
401 1762
403 1270
403 1475
404 1022
404 1027
404 1399
404 1444
405 481
405 671
405 716
405 1065
405 1722
406 699
406 1330
406 1669
406 1695
407 1137
407 1593
408 795
408 1684
408 1875
408 1909
409 632
409 692
409 992
409 1247
409 1303
409 1832
409 1896
410 1172
410 1298
410 1406
410 1769
411 618
411 719
411 1554
411 1598
411 1874
412 878
412 947
412 1008
412 1019
412 1330
412 1829
413 1396
414 450
414 1062
414 1108
414 1674
414 1788
415 567
415 946
416 1231
417 532
417 555
417 595
417 1023
417 1283
417 1466
417 1667
418 574
418 887
418 900
418 1254
419 903
420 499
420 1712
421 944
421 1005
421 1258
421 1748
422 606
422 815
422 880
422 1731
423 929
423 1188
423 1808
423 1983
424 470
424 641
424 677
424 1131
424 1148
424 1205
424 1542
424 1635
424 1689
425 447
426 741
426 1129
426 1867
427 797
427 799
427 820
427 1011
427 1145
427 1211
428 592
428 602
428 899
428 1697
429 1345
430 577
430 627
430 1413
430 1502
431 798
431 1574
431 1735
432 1250
432 1666
433 1318
433 1515
433 1913
434 710
434 1065
434 1218
434 1389
434 1634
435 1048
435 1313
436 799
436 931
436 1485
437 582
437 668
437 747
437 1331
437 1817
438 769
439 517
439 575
439 996
439 1904
439 1952
440 443
440 1085
440 1266
441 1418
441 1717
442 639
442 806
442 890
442 1236
442 1550
442 1836
442 1953
443 1189
444 1152
444 1752
444 1824
445 625
445 1047
445 1484
446 605
446 1469
446 1502
447 1320
447 1541
448 612
448 674
448 835
448 858
448 1145
448 1211
448 1992
449 527
449 1238
449 1247
449 1520
450 1591
450 1847
450 1935
451 1265
451 1852
452 492
452 698
452 711
453 776
453 846
453 1049
454 476
454 861
455 531
455 1469
455 1701
456 710
456 1010
456 1485
456 1859
456 1985
457 803
458 525
458 1011
458 1320
461 1833
461 1871
462 1053
463 802
463 931
463 1207
463 1365
463 1470
463 1990
464 691
464 1494
465 812
465 1733
466 498
466 581
466 1571
466 1604
467 494
467 1130
467 1274
467 1366
467 1546
467 1564
467 1899
468 615
468 629
469 1080
469 1274
469 1440
469 1757
470 591
470 655
470 660
471 821
471 928
471 955
471 1008
471 1292
471 1863
472 675
472 930
472 1951
472 1975
473 1200
473 1329
473 1754
473 1857
475 979
475 1135
475 1632
476 1494
476 1752
477 737
477 770
477 804
477 1208
477 1391
477 1855
477 1936
477 1994
478 545
478 745
478 1220
478 1335
478 1385
478 1665
479 1304
480 515
480 606
480 905
480 935
481 1139
481 1383
482 747
482 819
482 1173
483 1155
483 1166
483 1681
483 1720
484 732
484 774
484 1339
484 1891
485 1033
485 1216
486 588
486 1580
486 1761
487 815
487 1130
487 1255
487 1351
487 1368
487 1482
487 1608
487 1995
488 684
488 1093
488 1193
488 1518
488 1581
489 765
489 1231
489 1637
489 2000
490 835
490 1406
491 841
491 1509
491 1664
491 1946
492 1358
492 1439
492 1487
492 1542
492 1612
492 1735
493 596
493 988
493 1091
493 1101
494 503
494 582
494 970
494 1251
494 1617
495 653
495 809
496 1000
496 1565
496 1607
496 1635
497 1116
497 1419
497 1696
498 508
498 1401
498 1885
498 1979
499 1620
500 690
501 1020
501 1511
501 1574
501 1624
501 1958
502 551
502 846
502 1711
502 1950
503 839
503 1860
504 953
504 1180
504 1491
505 1170
505 1217
505 1222
506 670
506 1781
506 1852
507 929
507 1051
507 1440
507 1543
508 592
508 1151
508 1280
508 1757
508 1814
509 1570
509 1758
509 1857
509 1932
510 582
510 640
510 644
510 732
511 585
511 698
511 1319
511 1455
511 1793
511 1895
512 523
513 599
513 615
513 760
513 890
513 1753
514 660
514 1199
515 892
515 1304
516 1009
516 1796
517 607
517 1172
517 1509
517 1953
518 661
518 1432
518 1531
518 1645
519 871
520 583
520 1365
520 1398
520 1639
521 610
521 1359
521 1936
522 1488
523 649
523 831
523 845
523 900
523 1395
523 1418
523 1544
523 1717
523 1846
524 990
525 673
525 936
525 1047
525 1096
525 1328
526 580
526 625
526 1079
526 1747
526 1927
526 2000
527 534
527 1105
527 1511
527 1656
528 536
528 584
528 837
528 855
528 1008
528 1581
528 1844
529 1307
529 1453
529 1528
529 1586
529 1853
529 1956
530 940
530 986
530 1561
530 1897
531 1446
531 1447
531 1611
531 1671
532 1361
532 1808
533 1390
533 1630
533 1851
533 1931
534 563
534 1615
534 1725
534 1980
535 596
535 1488
536 1295
536 1838
537 866
538 815
538 1278
538 1335
539 951
539 1082
539 1350
539 1468
540 1936
541 948
541 1118
541 1390
541 1560
542 689
542 1310
542 1486
543 564
543 1758
543 1963
544 722
544 1051
544 1519
545 577
545 620
545 660
545 1111
545 1457
545 1574
546 1310
546 1429
546 1987
547 936
547 941
547 1743
548 837
548 1355
549 619
549 698
549 745
549 1355
549 1904
549 1913
550 810
550 980
550 1398
550 1674
551 1068
551 1566
551 1713
552 1495
552 1546
552 1769
553 1463
554 864
554 906
554 1296
554 1546
555 1155
555 1655
555 1908
556 946
556 1354
556 1495
557 633
557 1346
558 580
558 1228
558 1459
558 1520
559 1501
559 1668
560 612
560 977
560 1362
561 884
561 996
561 1354
562 870
562 1160
562 1253
563 733
564 795
564 1131
564 1408
565 881
565 973
565 1335
565 1382
565 1495
565 1563
565 1746
566 762
566 1155
566 1770
566 1818
566 1950
567 1745
567 1807
568 738
568 1493
568 1799
569 794
569 956
569 1439
569 1865
569 1887
570 778
570 933
570 1430
570 1531
571 713
572 781
572 925
573 1651
574 762
574 868
574 876
574 1214
574 1725
575 831
575 982
575 1220
576 1563
577 1361
578 722
578 1380
578 1828
579 602
579 683
579 752
579 1334
579 1891
580 638
580 864
580 880
580 1340
580 1363
580 1373
581 631
581 1277
581 1448
581 1855
582 614
582 1086
582 1094
582 1179
582 1591
583 622
583 768
583 1085
584 1282
584 1853
585 663
585 802
585 816
585 1941
586 786
586 1037
586 1429
586 1437
586 1552
586 1795
587 644
587 1001
587 1226
588 612
588 1201
589 916
589 1130
589 1181
590 638
590 691
590 1174
590 1448
590 1728
590 1941
590 1978
591 819
591 1012
591 1638
591 1647
592 686
592 982
592 1322
592 1379
592 1573
593 873
593 1301
593 1537
594 1399
594 1968
595 970
595 1462
595 1504
595 1793
596 763
596 1355
596 1367
597 1114
597 1682
598 698
598 1365
598 1406
598 1593
601 1149
601 1548
601 1821
602 1267
602 1368
602 1398
602 1605
602 1809
603 1014
603 1413
603 1488
604 1857
605 710
606 1008
606 1297
607 820
607 1315
608 1185
608 1277
608 1440
609 740
609 1824
610 626
610 1329
611 956
611 1596
611 1837
612 740
612 1267
612 1552
613 980
613 1100
613 1317
613 1398
614 1384
614 1856
614 1934
615 634
615 1152
615 1531
615 1661
615 1847
615 1968
615 1986
615 1998
616 719
616 1457
617 705
617 1002
617 1403
617 1476
618 1214
619 1114
619 1518
619 1607
620 1390
620 1978
621 639
621 644
622 1381
622 1841
622 1884
623 925
623 956
623 1439
623 1511
623 1554
623 1666
623 1856
624 1249
624 1325
624 1348
624 1402
624 1582
624 1755
624 1873
625 737
625 1058
625 1611
625 1636
626 1629
627 778
627 1487
627 1644
627 1741
628 780
628 972
629 656
629 787
629 1078
629 1281
629 1495
629 1586
629 1676
630 765
630 910
630 1101
630 1335
630 1579
630 1702
630 1721
631 877
631 1317
632 822
632 1615
633 759
634 643
634 999
634 1913
635 1214
635 1767
636 1481
636 1593
636 1967
637 768
637 1060
637 1125
637 1275
638 793
638 1222
638 1631
639 833
639 884
639 1039
639 1047
639 1282
639 1379
639 1462
639 1650
639 1908
640 814
640 982
640 1321
640 1680
641 1640
641 1923
642 1104
642 1259
643 1146
643 1473
643 1655
643 1999
644 735
644 884
644 1060
644 1075
644 1115
645 790
645 927
645 1666
646 1064
647 910
647 956
647 1847
647 1905
648 925
648 1009
648 1762
649 1410
649 1940
650 727
650 1169
650 1655
650 1698
651 920
652 693
653 963
653 1261
653 1494
653 1886
654 675
654 707
654 759
654 969
654 1218
654 1395
654 1595
655 1402
655 1728
655 1813
656 733
656 1114
656 1177
656 1537
656 1678
657 856
657 881
657 960
657 986
657 1289
657 1727
658 811
658 924
658 1039
658 1306
658 1547
658 1557
658 1836
659 1991
660 1556
660 1877
660 1924
661 1616
661 1734
661 1760
662 1062
662 1470
663 1021
663 1142
663 1546
663 1650
663 1660
663 1697
664 1006
664 1285
664 1287
664 1479
665 701
665 1077
665 1544
665 1868
666 1567
667 980
667 1246
667 1725
667 1819
667 1877
668 750
668 1188
668 1200
668 1454
668 1487
669 764
669 1016
669 1025
669 1941
670 685
670 1239
670 1345
670 1603
670 1739
671 785
671 1253
671 1332
671 1758
671 1941
672 691
672 760
672 1078
672 1951
673 1088
673 1693
674 834
674 1201
675 1035
675 1217
675 1535
676 1004
676 1696
677 1833
677 1961
678 910
678 1215
679 1343
679 1551
680 720
680 995
680 1011
680 1261
680 1401
680 1599
681 725
681 1767
681 1870
681 1880
681 1988
682 1863
683 697
683 703
683 911
683 1512
683 1524
684 743
684 1304
684 1906
684 1937
684 1951
685 1062
685 1208
685 1967
686 730
687 712
687 1041
688 743
688 1430
689 849
689 948
689 1546
691 778
691 845
691 1015
692 971
692 1255
693 1247
693 1472
693 1691
693 1748
694 815
694 1986
695 1103
695 1297
695 1375
696 775
696 967
696 1038
696 1776
697 1953
698 874
698 1160
698 1369
699 1001
699 1236
699 1768
700 847
700 1202
700 1386
701 1010
701 1618
701 1759
701 1918
701 1927
702 1201
702 1795
702 1853
702 1884
703 1104
703 1716
703 1780
704 718
704 964
704 1623
704 1917
705 852
705 1617
706 722
706 724
706 1892
706 1945
708 817
708 933
708 1448
708 1792
709 911
709 1624
709 1822
709 1985
710 905
710 1087
710 1352
710 1596
711 1367
711 1514
711 1787
711 1965
712 752
712 764
712 1192
713 1224
714 1774
715 1467
715 1490
715 1504
715 1835
716 759
716 996
716 1110
716 1248
716 1276
716 1625
716 1750
716 1870
717 1217
717 1308
717 1392
717 1567
717 1665
718 786
718 857
718 1753
718 1862
718 1988
719 1373
719 1424
719 1835
719 1926
720 915
720 1765
721 1202
721 1603
722 810
722 847
722 1183
722 1616
722 1940
723 1198
724 764
724 1039
724 1120
725 1058
725 1217
725 1333
725 1422
725 1883
726 1964
726 1969
728 1790
729 989
729 1248
729 1664
730 1162
730 1515
730 1518
730 1586
731 1336
731 1345
731 1930
732 1000
732 1507
733 895
733 1067
733 1209
733 1593
734 1165
734 1244
734 1781
734 1794
735 1963
736 1009
736 1518
736 1567
736 1827
737 1347
737 1409
737 1493
738 1979
739 791
739 818
739 1176
739 1206
740 883
740 906
740 1512
741 1166
741 1357
741 1873
741 1950
742 1453
742 1720
743 1025
744 1057
744 1375
744 1492
744 1923
745 1016
745 1077
745 1688
746 913
746 1388
746 1994
747 806
747 1058
747 1626
748 826
748 900
748 1090
748 1971
749 1121
749 1192
749 1309
749 1340
749 1556
749 1972
750 1434
750 1597
751 830
751 1032
751 1191
751 1269
751 1314
752 1436
752 1534
752 1561
752 1934
753 1030
753 1519
753 1879
754 829
754 1164
754 1168
754 1257
754 1289
754 1325
754 1381
754 1399
754 1416
754 1602
754 1842
755 979
755 1956
756 899
757 849
757 1173
758 870
758 1689
758 1783
759 848
759 1066
759 1857
760 788
760 1539
761 1118
761 1180
761 1449
761 1619
761 1735
762 901
762 1768
762 1790
763 1134
763 1305
763 1325
763 1581
763 1645
764 1088
764 1708
764 1715
764 1912
765 770
765 772
765 1896
765 1992
766 945
766 1943
767 884
767 1137
767 1588
768 1368
769 785
769 836
769 864
769 1156
769 1712
770 1619
771 1324
771 1486
771 1677
772 1647
772 1907
773 1243
773 1473
773 1625
774 1206
774 1351
774 1592
775 1169
775 1259
775 1324
775 1752
776 1252
776 1356
776 1885
777 1138
777 1292
777 1961
778 1806
778 1834
779 1526
780 1235
780 1739
780 1993
781 1072
781 1083
781 1456
781 1935
782 867
782 1137
782 1884
783 1073
783 1117
783 1181
783 1531
783 1682
783 1915
784 840
784 1453
787 912
787 1779
788 996
788 1911
789 801
789 1398
789 1494
789 1714
790 800
790 1084
790 1120
790 1704
790 1722
791 1145
791 1475
792 1134
792 1822
792 1949
794 1440
794 1993
794 1999
796 902
796 1106
797 857
797 1514
797 1981
798 966
798 1054
799 1040
799 1732
800 852
800 1176
801 1679
802 1545
802 1676
802 1940
803 1825
804 1249
804 1883
805 1007
805 1367
805 1775
806 1074
806 1246
806 1432
806 1716
806 1946
807 1238
807 1424
807 1854
808 1005
808 1522
809 1957
810 932
810 1567
811 1434
811 1542
811 1664
811 1710
812 1090
812 1170
812 1205
812 1365
812 1577
813 892
814 893
814 1280
814 1488
815 887
815 1282
815 1820
817 1458
817 1999
818 961
818 1128
818 1185
818 1442
818 1537
819 1210
819 1936
820 1161
820 1770
820 1944
820 1969
821 1120
821 1918
822 1013
822 1275
823 1078
823 1455
824 1807
824 1953
825 1340
825 1455
825 1468
825 1921
826 1740
826 1897
827 855
827 1863
828 1125
828 1300
828 1371
828 1679
828 1889
829 836
829 1987
830 1005
830 1085
830 1223
830 1493
830 1583
830 1737
831 1120
831 1817
831 1945
832 1338
832 1572
832 1829
834 1095
834 1497
834 1542
835 940
835 1163
835 1165
835 1341
835 1574
836 843
836 1216
836 1672
837 1011
837 1311
837 1328
838 855
839 1736
839 1771
840 858
840 1035
840 1170
840 1219
840 1918
841 1061
841 1082
841 1225
841 1358
841 1738
841 1872
841 1927
842 857
843 1313
843 1732
843 1818
845 1445
845 1489
847 893
847 1007
848 1349
848 1352
848 1615
848 1797
848 1969
850 1749
850 1885
851 1209
851 1399
852 1513
852 1697
853 923
853 1892
855 1525
855 1774
856 889
856 977
856 1549
857 1152
857 1301
857 1651
858 1429
858 1442
858 1794
859 1228
859 1661
859 1703
859 1884
859 1961
860 990
860 1877
861 1235
861 1527
861 1553
861 1556
861 1644
862 987
862 1511
862 1871
862 1943
863 973
863 1456
864 1011
864 1759
864 1975
865 1502
865 1615
865 1972
867 1083
867 1900
868 1180
868 1198
868 1435
869 1157
869 1496
869 1769
869 1960
870 1329
870 1590
870 1619
870 1669
871 1856
872 1290
872 1986
873 1120
874 880
874 942
875 1466
875 1606
875 1667
876 1131
876 1556
877 979
877 1835
878 1493
879 936
879 1253
879 1656
880 905
880 1010
880 1552
880 1846
881 1531
881 1624
881 1959
882 952
882 1437
882 1577
883 1116
884 1009
884 1492
884 1530
884 1705
884 1742
884 1873
884 1921
885 937
885 1739
885 1822
885 1909
885 1952
886 1223
886 1379
886 1525
886 1728
888 1907
889 1275
889 1882
890 1203
890 1211
891 1001
891 1510
891 1556
892 1224
893 1920
894 903
894 1513
894 1661
896 1150
896 1282
896 1742
896 1883
897 1305
898 995
898 1293
898 1642
899 1042
899 1180
899 1199
899 1552
900 963
900 1419
900 1845
900 1950
901 1373
901 1646
901 1885
902 1228
902 1240
902 1989
903 1340
903 1619
904 1300
904 1787
905 1161
905 1639
906 1907
907 969
907 1295
907 1705
907 1740
907 1805
907 1812
907 1832
908 1197
909 1493
909 1924
910 951
910 1754
911 1416
911 1444
912 947
912 1141
912 1638
913 1032
913 1681
913 1971
915 936
916 1565
916 1572
916 1879
916 1999
917 1098
917 1378
918 930
918 1562
918 1753
919 1092
919 1588
920 1069
920 1176
920 1852
921 932
921 1090
921 1449
921 1893
922 1603
922 1768
923 1131
923 1553
923 1705
924 930
924 1339
924 1700
924 1731
925 1312
926 1124
926 1202
926 1922
927 1435
928 1145
929 1039
929 1425
930 1081
930 1144
930 1209
930 1417
930 1718
931 1650
932 1028
932 1297
932 1446
932 1793
933 1338
933 1573
934 1353
934 1750
934 1937
934 1948
935 1008
935 1104
935 1633
935 1701
935 1743
935 1753
935 1960
936 1269
936 1599
936 1810
936 1950
936 1958
937 1117
937 1169
937 1336
937 1345
937 1402
938 1023
938 1146
938 1766
939 984
939 1072
939 1170
939 1173
939 1287
939 1521
939 1702
939 1839
940 1105
941 1372
941 1565
942 1240
942 1602
942 1668
943 1450
944 1141
944 1652
945 1322
945 1759
946 1751
948 1136
950 1066
950 1461
950 1550
950 1936
951 1009
951 1212
951 1571
951 1792
951 1961
952 1339
952 1482
952 1587
953 1556
953 1622
953 1891
954 1044
954 1147
954 1756
954 1857
955 1605
955 1629
956 987
956 1044
956 1472
956 1705
957 1122
957 1168
957 1321
957 1566
957 1726
957 1871
958 1032
958 1581
960 1897
961 1080
961 1491
962 1285
963 1782
963 1968
965 1608
966 991
966 1049
966 1273
966 1614
968 1029
969 1534
970 1823
971 1229
972 1926
973 1007
973 1341
973 1383
973 1727
974 1271
975 1652
975 1953
976 992
976 1935
977 1226
977 1413
977 1420
978 1089
978 1459
978 1542
978 1567
978 1971
979 1046
979 1750
980 1200
980 1307
980 1507
981 1052
981 1290
981 1566
981 1569
982 1315
982 1546
982 1770
982 1863
983 1050
983 1258
983 1416
983 1797
983 1925
984 1530
985 1255
985 1352
985 1912
985 1961
986 1512
986 1773
987 1234
987 1430
987 1444
987 1693
988 1078
988 1279
988 1417
988 1798
988 1885
989 1194
989 1603
989 1604
989 1764
989 1906
990 1092
990 1396
990 1993
991 1435
992 1929
994 1792
994 1828
994 1916
995 1950
996 1865
996 1888
997 1442
998 1478
998 1867
999 1548
999 1680
1000 1571
1000 1572
1000 1698
1000 1789
1000 1809
1000 1875
1001 1231
1002 1274
1002 1660
1002 1745
1003 1593
1004 1079
1005 1014
1005 1592
1005 1996
1006 1008
1006 1260
1006 1308
1006 1438
1006 1583
1006 1761
1006 1959
1007 1065
1007 1082
1007 1167
1007 1180
1007 1526
1008 1093
1008 1829
1008 1960
1009 1393
1009 1528
1009 1996
1010 1806
1010 1871
1011 1580
1011 1674
1012 1340
1013 1269
1013 1313
1013 1847
1013 1944
1014 1719
1014 1791
1014 1803
1014 1848
1015 1091
1015 1820
1016 1420
1016 1432
1017 1732
1018 1898
1019 1105
1019 1380
1019 1576
1020 1314
1020 1529
1021 1256
1021 1702
1022 1636
1022 1705
1022 1932
1023 1470
1023 1525
1024 1177
1024 1253
1025 1292
1025 1384
1025 1730
1025 1765
1026 1371
1026 1854
1026 1882
1027 1042
1027 1191
1027 1304
1027 1336
1027 1482
1027 1518
1028 1170
1028 1315
1028 1391
1029 1188
1029 1454
1029 1566
1029 1714
1029 1801
1029 1959
1030 1775
1031 1040
1032 1682
1033 1057
1033 1155
1034 1532
1034 1725
1035 1467
1035 1607
1035 1627
1035 1752
1036 1159
1036 1304
1036 1577
1036 1856
1037 1815
1038 1062
1038 1380
1039 1272
1039 1323
1039 1881
1040 1861
1041 1440
1041 1523
1041 1801
1042 1184
1042 1215
1042 1233
1042 1943
1044 1134
1044 1406
1045 1380
1046 1687
1046 1759
1047 1117
1047 1145
1047 1313
1047 1555
1048 1397
1048 1781
1048 1835
1048 1905
1048 1966
1049 1140
1049 1306
1050 1139
1051 1079
1052 1586
1052 1836
1054 1330
1055 1201
1056 1198
1056 1818
1056 1851
1057 1503
1059 1096
1059 1210
1059 1263
1059 1537
1059 1892
1060 1350
1060 1760
1060 1996
1061 1410
1061 1431
1062 1446
1063 1382
1063 1561
1064 1239
1064 1277
1064 1682
1064 1874
1064 1907
1066 1142
1067 1115
1067 1146
1067 1328
1067 1586
1067 1897
1067 1953
1068 1116
1068 1149
1068 1624
1069 1342
1069 1875
1071 1111
1071 1232
1072 1302
1072 1367
1072 1857
1074 1343
1075 1236
1075 1556
1077 1719
1078 1469
1079 1374
1079 1975
1080 1139
1080 1386
1081 1899
1082 1233
1082 1492
1083 1309
1083 1317
1083 1691
1084 1157
1084 1397
1085 1178
1085 1390
1085 1452
1085 1919
1086 1949
1086 1960
1086 1989
1087 1266
1087 1319
1087 1388
1087 1964
1088 1104
1088 1170
1088 1745
1088 1838
1089 1572
1089 1797
1090 1427
1090 1726
1090 1832
1090 1964
1091 1174
1091 1450
1091 1543
1092 1549
1092 1891
1093 1197
1093 1332
1093 1654
1094 1572
1095 1591
1095 1777
1095 1870
1096 1473
1096 1649
1097 1561
1098 1308
1098 1874
1098 1940
1099 1209
1099 1448
1099 1482
1099 1903
1100 1122
1100 1162
1100 1315
1100 1614
1100 1631
1100 1632
1101 1428
1101 1580
1101 1756
1101 1820
1102 1544
1103 1431
1104 1420
1104 1582
1105 1953
1106 1124
1106 1202
1106 1824
1107 1586
1107 1771
1107 1854
1107 1903
1109 1222
1110 1161
1111 1805
1111 1979
1112 1274
1112 1485
1113 1125
1113 1331
1113 1530
1113 1566
1113 1812
1114 1158
1114 1656
1114 1769
1115 1209
1115 1217
1115 1930
1116 1365
1117 1226
1117 1589
1117 1912
1118 1509
1118 1516
1119 1146
1119 1353
1119 1380
1120 1324
1120 1675
1121 1145
1122 1160
1122 1324
1123 1711
1124 1500
1124 1955
1125 1389
1125 1494
1125 1654
1126 1635
1126 1856
1126 1969
1127 1425
1127 1894
1129 1144
1130 1437
1130 1997
1131 1347
1131 1391
1131 1934
1132 1194
1132 1420
1132 1529
1133 1333
1133 1381
1133 1628
1134 1403
1134 1735
1136 1231
1136 1415
1137 1477
1137 1927
1138 1191
1138 1315
1139 1323
1139 1472
1139 1935
1139 1969
1139 1986
1140 1176
1140 1937
1141 1417
1141 1729
1141 1776
1142 1316
1142 1494
1142 1516
1142 1669
1143 1839
1144 1145
1144 1169
1144 1217
1144 1386
1145 1736
1146 1977
1147 1169
1147 1326
1147 1600
1147 1812
1148 1289
1148 1302
1148 1879
1148 1930
1148 1982
1150 1157
1150 1686
1150 1837
1151 1678
1151 1790
1152 1705
1153 1508
1153 1878
1154 1288
1154 1892
1155 1313
1156 1375
1156 1536
1157 1198
1157 1209
1157 1693
1157 1712
1157 1984
1158 1645
1162 1190
1162 1663
1163 1348
1163 1558
1163 1719
1164 1641
1164 1674
1166 1517
1166 1637
1167 1411
1167 1776
1167 1882
1168 1315
1168 1674
1170 1389
1170 1747
1170 1907
1171 1828
1172 1399
1172 1468
1175 1214
1175 1475
1176 1626
1177 1284
1177 1459
1177 1857
1178 1402
1179 1371
1179 1720
1180 1445
1181 1737
1181 1853
1182 1657
1183 1196
1183 1726
1184 1722
1184 1822
1185 1559
1186 1719
1187 1472
1187 1800
1187 1864
1188 1745
1188 1787
1189 1825
1189 1972
1190 1869
1191 1284
1191 1367
1191 1381
1192 1709
1193 1275
1193 1830
1194 1391
1194 1474
1194 1821
1194 1914
1195 1795
1196 1284
1196 1641
1196 1689
1197 1723
1198 1364
1198 1841
1198 1847
1199 1466
1199 1537
1200 1307
1200 1910
1201 1359
1201 1950
1203 1415
1203 1766
1204 1749
1204 1775
1205 1469
1206 1457
1206 1493
1206 1787
1207 1330
1207 1431
1207 1695
1210 1969
1211 1212
1212 1997
1213 1345
1214 1650
1214 1751
1214 1992
1215 1605
1216 1357
1216 1642
1216 1646
1216 1764
1216 1820
1217 1876
1220 1287
1220 1566
1220 1996
1221 1316
1222 1330
1222 1915
1223 1273
1224 1270
1224 1339
1224 1720
1225 1357
1225 1760
1225 1799
1225 1832
1225 1961
1226 1556
1228 1324
1228 1683
1228 1915
1229 1295
1229 1828
1230 1269
1230 1326
1231 1912
1234 1313
1235 1237
1235 1454
1235 1787
1235 1831
1236 1444
1237 1305
1237 1680
1238 1440
1238 1771
1239 1770
1239 1841
1241 1876
1242 1653
1243 1690
1243 1738
1244 1319
1244 1327
1244 1709
1245 1452
1245 1539
1245 1604
1245 1923
1246 1967
1247 1566
1247 1591
1247 1630
1248 1355
1248 1463
1248 1751
1249 1259
1249 1564
1249 1777
1250 1412
1250 1417
1250 1804
1251 1647
1251 1830
1252 1968
1253 1491
1254 1374
1254 1679
1254 1683
1254 1996
1255 1417
1255 1481
1255 1932
1256 1402
1257 1813
1258 1437
1259 1291
1259 1302
1259 1712
1259 1957
1261 1945
1262 1874
1262 1930
1263 1607
1263 1671
1263 1721
1264 1663
1265 1624
1265 1755
1266 1274
1266 1388
1267 1918
1268 1307
1268 1374
1268 1974
1268 1994
1271 1392
1271 1468
1273 1790
1274 1342
1275 1765
1276 1476
1276 1477
1276 1909
1277 1500
1277 1662
1277 1821
1278 1280
1278 1541
1278 1842
1279 1461
1279 1904
1281 1533
1281 1951
1282 1593
1282 1907
1282 1995
1283 1285
1283 1305
1283 1402
1283 1670
1283 1988
1284 1484
1285 1370
1285 1414
1285 1735
1285 1831
1286 1309
1286 1662
1286 1787
1287 1352
1287 1552
1287 1858
1289 1408
1292 1890
1293 1416
1294 1613
1294 1731
1294 1821
1295 1486
1295 1563
1296 1429
1296 1644
1296 1758
1297 1368
1297 1565
1298 1718
1298 1837
1299 1611
1300 1639
1301 1559
1301 1753
1301 1919
1302 1463
1303 1400
1303 1522
1303 1583
1306 1530
1306 1689
1307 1653
1308 1469
1309 1547
1309 1548
1309 1902
1309 1912
1309 1989
1310 1414
1310 1512
1310 1599
1311 1963
1313 1442
1313 1447
1316 1669
1316 1978
1317 1738
1318 1889
1320 1649
1320 1660
1320 1721
1320 1883
1320 1973
1321 1643
1322 1366
1322 1556
1323 1419
1323 1575
1323 1595
1323 1962
1324 1708
1326 1604
1326 1671
1326 1750
1327 1434
1327 1744
1327 1914
1328 1671
1328 1885
1329 1780
1329 1879
1330 1615
1331 1438
1331 1573
1331 1687
1332 1650
1332 1768
1333 1418
1333 1809
1334 1643
1335 1730
1336 1578
1337 1628
1338 1514
1338 1568
1339 1505
1339 1657
1340 1614
1340 1783
1343 1795
1344 1570
1344 1925
1346 1494
1346 1635
1346 1987
1347 1668
1348 1373
1348 1775
1349 1358
1349 1718
1350 1875
1351 1499
1352 1371
1352 1716
1353 1436
1354 1640
1354 1875
1355 1897
1357 1818
1357 1966
1358 1772
1360 1765
1361 1754
1361 1849
1362 1662
1363 1723
1363 1731
1364 1495
1364 1629
1365 1583
1365 1893
1367 1831
1368 1589
1368 1822
1368 1934
1370 1371
1370 1846
1370 1870
1371 1585
1371 1587
1371 1869
1371 1944
1372 1583
1372 1892
1373 1833
1375 1936
1376 1776
1376 1949
1377 1619
1377 1960
1378 1510
1378 1777
1378 1925
1379 1449
1379 1599
1379 1707
1380 1652
1380 1786
1380 1870
1381 1833
1382 1422
1382 1518
1382 1649
1384 1839
1386 1509
1386 1777
1386 1981
1388 1481
1388 1534
1388 1670
1388 1676
1389 1886
1391 1491
1391 1930
1393 1705
1393 1782
1393 1998
1394 1939
1394 1961
1395 1627
1396 1538
1396 1554
1397 1578
1397 1812
1398 1561
1398 1640
1398 1650
1398 1655
1398 1678
1399 1426
1399 1763
1400 1657
1401 1641
1401 1689
1401 1751
1402 1641
1403 1617
1403 1784
1404 1484
1404 1563
1405 1544
1406 1674
1406 1835
1406 1963
1408 1813
1408 1843
1408 1924
1409 1446
1409 1724
1410 1431
1411 1636
1411 1655
1411 1971
1412 1855
1412 1866
1413 1472
1413 1655
1413 1660
1416 1984
1417 1435
1419 1662
1419 1849
1420 1815
1421 1555
1424 1642
1425 1575
1426 1622
1426 1932
1427 1431
1430 1467
1431 1646
1432 1474
1434 1590
1434 1727
1435 1458
1436 1723
1437 1785
1439 1754
1439 1874
1440 1725
1440 1800
1440 1842
1441 1699
1445 1743
1445 1843
1446 1602
1447 1814
1449 1510
1449 1791
1450 1473
1450 1571
1451 1778
1451 1959
1454 1608
1454 1801
1455 1457
1455 1616
1456 1474
1456 1808
1457 1664
1459 1692
1459 1901
1459 1914
1460 1573
1460 1763
1461 1554
1464 1586
1465 1739
1466 1642
1466 1718
1466 1780
1467 1488
1467 1519
1467 1625
1468 1711
1468 1717
1469 1713
1469 1966
1470 1554
1471 1483
1471 1999
1475 1566
1475 1867
1476 1727
1476 1761
1476 1843
1478 1742
1479 1909
1479 1917
1480 1875
1480 1877
1480 1949
1481 1817
1481 1913
1482 1789
1483 1914
1483 2000
1484 1625
1484 1800
1485 1713
1485 1861
1486 1543
1486 1785
1487 1795
1488 1625
1488 1763
1489 1695
1489 1825
1490 1533
1490 1566
1490 1792
1490 1873
1492 1538
1492 1715
1492 1925
1494 1712
1495 1503
1496 1942
1497 1627
1497 1667
1497 1823
1497 1946
1498 1802
1499 1662
1500 1685
1501 1519
1501 1540
1504 1572
1504 1679
1505 1641
1505 1895
1506 1581
1509 1663
1509 1745
1509 1918
1510 1732
1510 1828
1511 1906
1512 1709
1516 1796
1517 1614
1519 1544
1519 1825
1519 1949
1520 1776
1521 1866
1523 1664
1523 1717
1525 1923
1526 1767
1526 1848
1526 1886
1526 1973
1527 1744
1528 1688
1528 1694
1528 1796
1529 1961
1530 1870
1531 1849
1532 1931
1532 2000
1533 1808
1539 1720
1539 1839
1540 1599
1540 1763
1541 1653
1541 1860
1542 1728
1542 1729
1543 1877
1544 1975
1545 1709
1546 1799
1548 1869
1548 1896
1550 1701
1550 1895
1550 1955
1551 1626
1551 1888
1553 1625
1553 1907
1555 1632
1555 1667
1555 1766
1555 1931
1555 1984
1556 1696
1556 1779
1556 1919
1558 1975
1560 1563
1560 1704
1560 1815
1562 1689
1563 1911
1565 1618
1565 1702
1565 1807
1566 1712
1566 1728
1566 1917
1566 1964
1568 1582
1569 1777
1570 1577
1573 1628
1574 1600
1574 1869
1575 1906
1575 1958
1576 1643
1576 1953
1576 1958
1577 1825
1578 1673
1580 1876
1581 1891
1583 1793
1585 1940
1587 1613
1587 1793
1587 1855
1588 1660
1589 1625
1589 1722
1589 1822
1591 1820
1592 1876
1592 1929
1594 1614
1594 1633
1594 1892
1595 1810
1597 1898
1597 1957
1598 1703
1598 1866
1600 1654
1600 1722
1600 1830
1603 1892
1604 1848
1605 1866
1606 1889
1607 1755
1608 1887
1609 1921
1610 1643
1610 1965
1611 1620
1614 1635
1615 1927
1616 1734
1616 1873
1617 1918
1619 1885
1619 1902
1620 1962
1621 1647
1621 1738
1621 1876
1622 1814
1624 1787
1626 1887
1626 1960
1627 1992
1628 1881
1629 1902
1630 1713
1631 1656
1633 1690
1633 1829
1634 1905
1635 1660
1636 1933
1637 1717
1637 1817
1637 1894
1638 1988
1639 1873
1639 1931
1641 1751
1641 1831
1642 1842
1644 1937
1644 1988
1645 1909
1645 1932
1649 1984
1652 1747
1654 1869
1657 1880
1659 1992
1663 1897
1663 1978
1666 1764
1667 1811
1667 1859
1668 1751
1669 1939
1669 1972
1670 1861
1670 1884
1670 1931
1671 1843
1672 1948
1676 1898
1679 1702
1679 1983
1680 1734
1680 1882
1681 1786
1681 1919
1681 1985
1684 1870
1685 1755
1692 1803
1693 1760
1695 1705
1696 1952
1700 1729
1701 1745
1703 1733
1703 1867
1704 1879
1709 1892
1711 1831
1711 1845
1714 1898
1715 1985
1717 1829
1720 1934
1721 1729
1721 1907
1723 1950
1724 1806
1724 1932
1724 1967
1725 1895
1725 1896
1727 1862
1731 1859
1731 1962
1732 1931
1732 1975
1735 1855
1737 1770
1738 1779
1740 1892
1743 1980
1746 1780
1747 1753
1747 1948
1749 1750
1749 1879
1749 1888
1752 1853
1753 1898
1753 1918
1755 1944
1756 1832
1756 1876
1759 1767
1760 1761
1760 1958
1763 1890
1764 1951
1770 1893
1771 1819
1775 1957
1780 1959
1781 1784
1782 1838
1783 1840
1784 1803
1784 1877
1787 1881
1788 1873
1795 1902
1796 1836
1796 1978
1799 1828
1802 1879
1803 1974
1809 1896
1810 1982
1814 1840
1818 1819
1818 1871
1824 1825
1824 1829
1826 1889
1829 1849
1837 1992
1847 1965
1848 1899
1859 1888
1859 1942
1860 1880
1861 1948
1863 1992
1865 1966
1867 1873
1869 1879
1872 1929
1873 1970
1874 1972
1879 1913
1879 1976
1885 1904
1885 1920
1887 1914
1888 1894
1889 1950
1894 1918
1899 1991
1902 1915
1908 1984
1909 1989
1922 1933
1934 1965
1937 1973
1938 1962
1952 1980
1961 1974
1969 1973
