2000
1 476
1 828
1 897
1 994
1 1106
1 1560
1 1807
2 318
2 396
2 686
2 842
2 863
2 1584
2 1830
2 1879
3 341
3 708
3 865
3 1114
3 1246
3 1441
3 1968
4 132
4 506
4 626
4 647
4 717
4 1149
4 1316
4 1839
5 143
5 334
5 432
5 1237
5 1350
5 1954
6 7
6 186
6 348
6 520
6 634
6 649
6 1049
6 1053
6 1246
6 1283
6 1383
7 355
7 380
7 629
7 1076
7 1235
7 1471
7 1550
7 1588
7 1690
7 1958
8 30
8 119
8 409
8 470
8 1182
8 1225
8 1321
8 1668
8 1706
8 1865
9 153
9 249
9 300
9 379
9 433
9 597
9 643
9 678
9 686
9 712
9 1332
9 1740
9 1752
9 1871
10 383
10 980
10 1127
10 1207
10 1527
10 1619
11 316
11 398
11 427
11 758
11 772
11 843
11 1102
11 1105
11 1135
11 1263
11 1381
11 1553
11 1672
11 1844
12 347
12 601
12 713
12 1311
12 1517
12 1589
13 45
13 130
13 319
13 633
13 650
13 1176
13 1389
13 1447
13 1505
13 1512
14 75
14 163
14 407
14 501
14 563
14 1176
14 1336
14 1822
14 1996
15 84
15 534
15 545
15 741
15 1018
15 1869
15 1889
15 1953
16 233
16 527
16 552
16 636
16 790
16 1117
17 119
17 330
17 334
17 942
17 957
17 1090
17 1177
17 1256
17 1294
17 1730
17 1912
18 232
18 872
18 985
18 1053
18 1316
18 1460
19 126
19 377
19 638
19 823
19 927
19 1407
19 1441
19 1825
19 1972
19 1978
20 322
20 556
20 840
20 938
20 1644
20 1776
20 1880
21 117
21 201
21 295
21 367
21 802
21 1166
21 1228
21 1358
21 1446
22 514
22 549
22 639
22 793
22 1084
22 1337
22 1366
22 1372
22 1378
22 1503
22 1648
22 1732
23 46
23 217
23 1231
24 94
24 310
24 852
24 928
24 1535
25 160
25 296
25 565
25 909
25 1120
25 1691
25 1910
26 602
26 819
26 1268
26 1305
26 1372
26 1542
26 1578
26 1680
26 1682
26 1827
27 752
27 775
27 939
27 1079
28 292
28 960
28 1048
28 1326
28 1584
28 1976
29 540
29 655
29 1455
29 1560
30 107
30 856
30 1049
30 1292
30 1593
30 1795
30 1874
30 1962
31 185
31 352
31 440
31 614
31 1034
31 1087
31 1731
32 115
32 233
32 711
32 797
32 1135
32 1331
32 1430
33 79
33 86
33 107
33 277
33 333
33 503
33 550
33 609
33 746
33 785
33 1020
33 1052
33 1161
33 1377
33 1474
33 1592
34 88
34 1076
34 1260
34 1282
34 1591
34 1774
34 1825
34 1949
35 58
35 182
35 202
35 222
35 245
35 409
35 557
35 591
35 988
35 1100
35 1445
35 1497
35 1926
35 1933
36 252
36 888
36 1086
36 1349
36 1599
36 1678
36 1890
37 835
37 991
37 1130
37 1137
37 1179
38 217
38 444
38 506
38 616
38 968
38 1628
38 1817
39 181
39 376
39 596
39 668
39 1168
39 1635
39 1841
39 1876
40 1296
40 1334
40 1786
40 1963
41 95
41 114
41 225
41 354
41 493
41 759
41 967
41 1455
42 99
42 125
42 248
42 343
42 546
42 641
42 1275
42 1381
42 1626
43 220
43 270
43 582
43 703
43 732
43 912
43 1002
43 1017
43 1258
43 1374
43 1740
43 1882
43 1958
44 141
44 181
44 746
44 1129
44 1168
44 1209
44 1587
44 1683
44 1893
44 1988
45 165
45 276
45 340
45 384
45 434
45 505
45 641
45 701
45 959
45 1329
45 1614
45 1726
45 1738
46 165
46 282
46 300
46 360
46 683
46 740
46 988
46 990
46 1050
46 1089
46 1207
46 1366
46 1861
47 153
47 384
47 687
47 768
47 818
47 903
47 936
47 959
47 1056
47 1365
47 1583
47 1590
47 1659
48 580
48 606
48 1157
48 1342
48 1356
48 1475
48 1504
48 1506
48 1734
49 198
49 326
49 537
49 718
49 1521
49 1632
49 1682
49 1891
50 58
50 376
50 469
50 532
50 605
50 669
50 923
50 1208
50 1261
50 1783
51 131
51 1096
51 1284
51 1311
51 1878
52 575
52 658
52 734
52 737
52 1417
52 1572
52 1619
52 1637
52 1821
52 1917
52 1945
53 145
53 225
53 277
53 444
53 641
53 1020
53 1101
53 1255
53 1278
53 1480
53 1927
54 246
54 304
54 487
54 787
54 1196
54 1366
54 1544
54 1665
55 89
55 154
55 690
55 1189
55 1226
55 1500
55 1673
55 1686
55 1729
55 1852
56 204
56 523
56 594
56 898
56 1291
56 1350
56 1529
56 1626
56 1979
57 284
57 287
57 815
57 1073
57 1916
57 1990
58 84
58 552
58 848
58 1012
58 1059
58 1073
58 1438
58 1682
58 1773
59 334
59 377
59 661
59 1002
59 1202
59 1348
59 1443
59 1445
59 1591
59 1642
59 1686
59 1737
60 86
60 172
60 513
60 670
60 955
60 1466
60 1501
60 1509
61 387
61 470
61 1355
61 1564
61 1595
61 1624
61 1880
61 1964
61 1981
62 253
62 519
62 923
62 1168
62 1455
62 1564
62 1800
62 1835
62 1873
62 1938
63 137
63 198
63 323
63 444
63 585
63 801
63 1563
63 1568
63 1769
64 271
64 521
64 1133
64 1309
64 1786
64 1870
65 316
65 823
65 1126
65 1262
65 1495
65 1571
65 1714
65 1883
66 377
66 462
66 467
66 676
66 1192
66 1278
66 1799
66 1892
67 499
67 618
67 1005
67 1396
67 1484
67 1755
68 313
68 590
68 1017
68 1690
68 1734
69 652
69 751
69 880
69 1105
69 1160
69 1328
69 1375
69 1457
69 1707
69 1756
70 378
70 551
70 960
70 1349
70 1369
70 1587
70 1648
71 73
71 115
71 191
71 302
71 618
71 722
71 989
71 1405
71 1518
72 74
72 261
72 367
72 429
72 683
72 759
72 1132
72 1253
72 1351
72 1694
72 1829
72 1980
73 118
73 192
73 486
73 536
73 663
73 713
73 1397
73 1765
74 278
74 282
74 537
74 1061
74 1627
74 1682
75 233
75 460
75 508
75 658
75 938
75 1556
75 1582
75 1695
76 151
76 214
76 338
76 566
76 628
76 664
76 1036
76 1300
76 1320
76 1348
76 1760
76 1764
76 1971
77 242
77 596
77 1163
77 1306
77 1719
77 1858
77 1911
78 249
78 600
78 906
78 1029
78 1038
78 1552
78 1790
79 129
79 327
79 396
79 699
79 741
79 1176
79 1524
79 1575
79 1578
79 1910
80 372
80 1054
80 1202
81 361
81 908
81 1185
81 1289
81 1536
81 1614
81 1660
81 1874
81 1888
82 977
82 1052
82 1333
82 1727
82 1936
83 185
83 527
83 758
83 905
83 1111
84 329
84 400
84 429
84 766
84 1026
84 1143
84 1194
84 1459
84 1617
84 1786
85 114
85 223
85 424
85 515
85 993
85 1080
85 1446
85 1689
85 1836
85 1987
86 756
86 759
86 1265
86 1470
86 1927
87 134
87 255
87 447
87 677
87 930
87 1053
87 1103
87 1114
87 1624
87 1897
87 1968
88 401
88 1099
88 1340
88 1489
88 1962
89 101
89 221
89 454
89 863
89 969
89 1144
89 1414
89 1588
89 1824
90 184
90 233
90 584
90 1102
90 1196
90 1616
90 1688
90 1889
90 1927
91 155
91 219
91 547
91 978
91 1036
91 1186
91 1301
91 1374
91 1605
91 1609
91 1703
91 1819
91 1872
92 476
92 617
92 758
92 765
92 801
92 983
92 1354
92 1475
92 1966
93 443
93 649
93 739
93 902
93 1166
93 1419
93 1462
93 1515
93 1538
93 1653
93 1958
94 400
94 419
94 837
94 950
94 1032
94 1115
94 1337
94 1571
94 1843
94 1977
95 161
95 601
95 740
96 452
96 526
96 535
96 657
96 1388
96 1923
97 286
97 521
97 709
97 1002
97 1311
97 1551
97 1928
98 601
98 640
98 833
98 865
98 930
98 1398
98 1408
98 1657
98 1981
99 733
99 780
99 948
99 1169
99 1266
99 1509
99 1569
99 1815
100 110
100 267
100 289
100 584
100 634
100 645
100 1060
100 1578
100 1613
100 1628
100 1852
100 1933
100 1984
101 393
101 625
101 668
101 890
101 910
101 1443
101 1657
101 1736
101 1962
102 518
102 739
102 792
102 1018
102 1891
102 1991
103 617
103 768
103 944
103 1092
103 1750
104 301
104 750
104 772
104 787
104 1024
104 1037
104 1127
104 1292
105 135
105 181
105 665
105 842
105 1321
106 257
106 436
106 481
106 741
106 751
106 867
106 937
106 1034
106 1119
106 1350
106 1905
107 412
107 643
107 1399
107 1404
107 1481
107 1607
107 1730
107 1750
108 403
108 974
108 1207
108 1370
108 1697
108 1894
109 243
109 478
109 1159
109 1367
109 1635
109 1671
110 145
110 266
110 708
110 719
110 1549
110 1715
110 1871
111 294
111 553
111 821
111 1103
112 585
112 633
112 676
112 736
112 1071
112 1806
112 1869
113 356
113 746
113 788
113 1217
113 1474
114 133
114 234
114 299
114 448
114 457
114 542
114 681
114 695
114 951
114 1121
114 1391
114 1435
114 1603
115 1086
115 1707
115 1785
116 303
116 683
116 699
116 780
116 1001
116 1057
116 1116
116 1167
116 1381
116 1717
117 223
117 989
117 1021
117 1312
117 1916
118 895
118 1104
118 1159
118 1633
118 1704
118 1804
119 207
119 596
119 672
119 752
119 1035
119 1838
120 464
120 468
120 706
120 711
120 954
120 1077
120 1458
120 1704
120 1965
121 301
121 386
121 517
121 624
121 626
121 704
121 840
121 921
121 961
121 1413
121 1428
121 1461
121 1465
121 1638
121 1708
121 1730
122 609
122 1012
122 1774
123 195
123 311
123 843
123 1634
123 1636
123 1754
123 1893
124 262
124 332
124 412
124 652
124 692
124 699
124 910
124 1143
124 1776
124 1901
125 541
125 882
125 1393
125 1996
126 148
126 442
126 460
126 876
126 965
126 1034
126 1691
127 282
127 468
127 483
127 559
127 650
127 927
127 1014
127 1286
127 1348
127 1426
127 1508
127 1601
127 1763
127 1872
127 1905
128 421
128 505
128 665
128 820
128 849
128 1346
128 1623
129 155
129 746
129 845
129 1009
129 1092
129 1280
129 1401
129 1471
129 1687
129 1708
129 1807
129 1995
130 199
130 338
130 957
130 1108
130 1274
130 1718
130 1954
131 448
131 521
131 597
131 879
131 1240
131 1650
131 1900
132 149
132 170
132 256
132 257
132 1224
132 1227
132 1457
132 1715
132 1844
132 1915
133 147
133 638
133 646
133 1269
133 1285
134 242
134 336
134 660
134 676
134 780
134 787
134 1294
134 1468
134 1670
135 266
135 276
135 441
135 662
135 733
135 1325
136 444
136 741
136 818
136 1080
136 1158
136 1187
136 1271
136 1303
137 417
137 710
137 1643
137 1807
137 1882
137 1949
138 384
138 393
138 731
138 734
138 878
138 1148
138 1296
138 1751
138 1755
138 1776
138 1785
138 1813
139 284
139 839
139 927
139 949
139 1404
139 1477
139 1537
139 1773
139 1873
139 1963
140 234
140 346
140 800
140 810
140 1117
140 1165
140 1177
140 1406
140 1629
140 1631
140 1872
141 395
141 648
141 759
141 1150
141 1206
141 1698
141 1711
141 1756
142 285
142 612
142 648
142 761
142 790
142 821
142 868
142 894
142 1233
142 1256
142 1942
142 1949
142 1987
143 208
143 1164
143 1282
143 1614
143 1733
144 200
144 575
144 787
144 813
144 1012
144 1350
144 1411
144 1481
144 1527
144 1608
144 1655
144 1696
144 1705
144 1802
144 1916
144 1967
145 302
145 412
145 521
145 569
145 792
145 1060
145 1064
145 1247
145 1268
145 1408
145 1513
145 1692
145 1744
146 588
146 620
146 882
146 1027
146 1346
146 1903
147 176
147 196
147 251
147 287
147 334
147 469
147 590
147 662
147 741
147 1131
147 1256
147 1310
147 1320
147 1878
148 624
148 864
148 909
148 1278
148 1358
148 1566
148 1900
148 1939
148 1947
149 451
149 519
149 859
149 949
149 977
150 271
150 288
150 377
150 391
150 501
150 983
150 1295
150 1696
151 574
151 848
151 1183
151 1240
151 1526
151 1642
152 168
152 402
152 447
152 905
152 918
152 1226
152 1324
152 1720
152 1888
152 1950
153 313
153 651
153 993
154 194
154 391
154 519
154 720
154 1090
154 1104
154 1389
154 1485
154 1511
154 1563
154 1613
154 1638
154 1691
154 1867
155 422
155 592
155 825
155 964
155 1296
155 1335
155 1976
156 173
156 244
156 332
156 659
156 798
156 1300
156 1829
157 1236
157 1530
158 879
158 913
158 1083
158 1156
158 1265
158 1358
158 1557
158 1630
159 163
159 225
159 361
159 581
159 756
159 813
159 1111
159 1211
159 1230
160 368
160 381
160 649
160 880
160 965
160 1075
160 1351
160 1771
161 1067
161 1279
161 1377
161 1529
161 1542
161 1635
161 1664
162 764
162 1230
162 1701
163 427
163 875
163 1106
163 1886
164 582
164 656
164 860
164 1038
164 1188
164 1220
164 1221
164 1258
164 1279
164 1383
164 1799
164 1840
164 1911
165 617
165 719
165 890
165 1014
165 1188
165 1279
165 1301
165 1319
165 1506
165 1710
166 193
166 314
166 362
166 776
166 1566
166 1625
166 1641
167 474
167 847
167 955
167 1619
167 1673
168 714
168 826
168 876
168 1274
168 1440
168 1575
168 1732
168 1921
169 625
169 1680
169 1759
169 1800
169 1952
169 1998
170 301
170 688
170 949
170 1163
170 1767
171 190
171 293
171 544
171 929
171 1007
171 1077
171 1387
171 1903
172 307
172 348
172 824
172 1423
172 1430
173 247
173 354
173 514
173 624
173 973
173 1042
173 1230
173 1619
174 562
174 636
174 1210
174 1977
175 914
175 937
175 1025
175 1093
175 1193
175 1328
175 1346
175 1832
175 1872
175 1900
176 483
176 1654
177 242
177 371
177 375
177 952
177 1231
177 1504
177 1600
177 1654
177 1887
177 1945
178 266
178 272
178 1127
178 1336
178 1647
178 1846
179 414
179 436
179 533
179 716
179 890
179 927
179 1124
179 1430
179 1443
179 1524
179 1697
179 1776
180 711
180 840
180 875
180 1111
180 1293
180 1921
181 235
181 334
181 669
181 717
181 816
181 946
181 1033
181 1258
181 1370
181 1403
181 1452
181 1652
181 1793
181 1966
182 296
182 464
182 1314
182 1846
183 204
183 326
183 588
183 613
183 960
183 1028
183 1207
183 1493
183 1517
183 1615
183 1662
183 1683
184 314
184 334
184 397
184 547
184 591
184 646
184 1154
184 1420
184 1534
184 1665
184 1773
185 1001
185 1165
185 1618
185 1742
185 1943
186 207
186 402
186 838
186 983
186 1637
187 583
187 643
187 1102
187 1640
187 1734
187 1917
188 504
188 550
188 871
188 966
188 1026
188 1045
188 1055
188 1655
188 1680
188 1751
188 1785
189 866
189 939
189 1035
189 1507
189 1740
189 1822
189 1932
190 328
190 613
190 786
190 1333
190 1388
191 611
191 818
191 1039
191 1070
191 1845
191 1850
192 279
192 367
192 378
192 601
192 666
192 1036
192 1207
192 1223
192 1346
192 1373
192 1525
192 1966
193 296
193 336
193 612
193 736
193 753
193 814
193 852
193 1122
193 1461
193 1488
193 1814
193 1903
194 248
194 286
194 492
194 652
194 712
194 934
194 1337
194 1341
194 1539
194 1683
194 1851
195 352
195 385
195 547
195 634
195 805
195 892
195 905
195 1325
195 1580
196 260
196 279
196 342
196 379
196 405
196 442
196 857
196 1058
196 1679
196 1851
197 457
197 466
197 1070
197 1488
197 1653
197 1683
197 1761
198 472
198 681
198 783
198 801
198 945
198 975
198 1110
198 1276
198 1438
198 1622
198 1727
198 1753
198 1902
198 1935
199 353
199 546
199 799
199 821
199 1198
199 1268
199 1318
199 1431
199 1669
199 1829
200 1608
200 1623
201 729
201 746
201 805
201 1080
201 1368
201 1383
201 1981
202 622
202 689
202 736
202 782
202 1107
202 1243
202 1335
202 1655
202 1740
202 1836
203 480
203 537
203 655
203 696
203 1102
203 1131
204 393
204 578
204 887
204 1237
204 1792
204 1854
205 559
205 674
205 777
205 1462
205 1603
205 1770
205 1925
206 304
206 398
206 688
206 979
206 1049
206 1318
206 1806
207 252
207 316
207 610
207 634
207 1183
207 1518
207 1761
207 1763
207 1803
207 1909
208 358
208 679
208 1159
208 1422
208 1478
208 1580
208 1989
209 814
209 978
209 1250
209 1318
209 1356
209 1652
209 1767
209 1918
210 230
210 362
210 501
210 735
210 928
210 1018
210 1645
210 1976
211 272
211 291
211 362
211 371
211 454
211 1273
212 781
212 808
212 860
212 1249
212 1287
212 1377
212 1479
212 1886
213 334
213 354
213 396
213 554
213 973
213 1065
213 1145
213 1179
214 603
214 783
214 1020
214 1182
214 1735
214 1868
215 422
215 431
215 604
215 634
215 694
215 859
215 959
215 1102
215 1161
215 1475
215 1478
215 1558
215 1747
216 592
216 947
216 1258
216 1689
216 1851
217 350
217 369
217 650
217 750
217 803
217 1048
217 1184
217 1424
217 1798
218 379
218 769
218 1095
218 1282
218 1457
218 1461
218 1864
219 311
219 564
219 800
219 883
219 945
219 1212
219 1378
219 1488
219 1807
220 228
220 237
220 458
220 528
220 699
220 996
220 1190
220 1270
220 1329
220 1455
220 1569
220 1827
220 1984
221 261
221 285
221 993
221 1047
221 1253
221 1298
221 1573
221 1675
222 403
222 496
222 909
222 1242
222 1396
222 1422
222 1484
222 1713
222 1983
223 481
223 566
223 623
223 823
223 935
223 1295
223 1505
223 1537
224 370
224 543
224 613
224 664
224 683
224 1280
224 1486
224 1665
224 1690
224 1876
225 258
225 561
225 680
225 711
225 1194
225 1305
225 1913
226 736
226 1222
226 1350
226 1641
226 1764
226 1850
227 241
227 469
227 514
227 755
227 1445
227 1735
227 1895
228 591
228 995
228 1128
228 1284
228 1492
228 1723
229 260
229 575
229 603
229 863
229 931
229 1056
229 1175
229 1585
229 1899
230 414
230 544
230 589
230 809
230 1205
230 1756
231 718
231 817
231 1662
232 592
232 715
232 831
232 885
232 1261
232 1711
233 474
233 624
233 684
233 1183
233 1810
233 1964
234 239
234 598
234 741
234 1605
234 1720
234 1737
234 1829
234 1852
234 1948
235 446
235 1116
235 1261
235 1613
235 1680
235 1718
235 1779
236 358
236 370
236 515
236 675
236 729
236 918
236 955
236 1047
236 1065
236 1372
236 1617
236 1919
237 411
237 1027
237 1144
237 1181
237 1195
237 1427
237 1656
237 1684
237 1818
237 1852
238 693
238 1173
238 1725
238 1972
239 386
239 1135
239 1333
239 1502
239 1574
239 1631
239 1798
240 726
240 937
240 1180
241 306
241 326
241 763
241 1438
241 1656
241 1841
241 1990
242 361
242 781
242 845
242 860
242 1284
242 1482
242 1904
243 817
243 955
243 995
244 401
244 765
244 1002
244 1205
244 1343
244 1598
245 844
245 1030
245 1080
245 1205
246 334
246 337
246 577
246 679
246 733
246 1000
246 1306
247 567
247 628
247 889
247 956
247 1388
247 1448
247 1600
247 1860
248 394
248 810
248 861
248 1573
248 1609
248 1922
249 468
249 503
249 612
249 659
249 954
249 1548
249 1933
250 284
250 315
250 333
250 375
250 435
250 751
250 1018
250 1046
250 1107
250 1160
250 1203
250 1213
250 1356
250 1544
250 1900
250 1921
251 397
251 504
251 532
251 721
251 887
251 1007
251 1282
251 1399
251 1594
251 1631
251 1922
251 1997
252 309
252 338
252 485
252 642
252 1009
252 1244
252 1271
252 1350
252 1791
253 575
253 606
253 620
253 1069
253 1130
253 1186
253 1642
253 1829
254 599
254 1044
254 1191
254 1705
254 1792
254 1985
255 594
255 723
255 760
255 841
255 866
255 1918
256 495
256 526
256 700
256 831
256 839
256 853
256 889
256 930
256 1206
256 1376
256 1777
257 926
257 987
257 1006
257 1649
257 1951
257 1956
258 507
258 679
258 859
258 1038
258 1060
258 1725
258 1797
259 1220
259 1425
259 1550
259 1755
260 720
260 738
260 1359
260 1446
261 710
261 844
261 1097
261 1183
261 1423
261 1430
261 1587
261 1717
261 1851
262 388
262 843
262 1145
262 1496
262 1584
262 1772
262 1883
262 1931
263 786
263 897
263 959
263 1100
264 484
264 1368
265 329
265 705
265 848
265 1184
265 1581
265 1621
265 1911
266 387
266 952
266 1613
266 1815
266 1843
266 1943
266 1946
267 311
267 630
267 1075
267 1125
267 1510
267 1518
267 1590
267 1745
268 721
268 740
268 1229
268 1794
268 1847
268 1975
269 377
269 615
269 916
269 988
269 1111
269 1733
270 363
270 538
270 611
270 849
270 1075
271 605
271 671
271 1156
271 1223
271 1345
271 1419
271 1429
271 1800
271 1863
272 605
272 615
272 682
272 715
272 872
272 880
272 888
272 1052
272 1114
272 1302
272 1469
272 1498
272 1646
272 1687
272 1771
273 282
273 308
273 935
273 1326
273 1635
273 1772
273 1868
274 639
274 745
274 1131
274 1212
275 282
275 540
275 1039
275 1288
275 1507
275 1575
276 617
276 685
276 784
276 1111
276 1124
276 1127
276 1257
276 1740
276 1747
276 1789
276 1903
277 430
277 850
277 1006
277 1947
278 389
278 490
278 527
278 681
278 1279
278 1355
278 1589
279 293
279 529
279 782
279 875
279 921
279 1465
279 1488
279 1611
280 495
280 613
280 1174
280 1255
280 1470
280 1476
280 1840
280 1988
281 612
281 671
281 1000
282 592
282 868
282 979
282 995
282 1211
282 1684
283 655
283 881
283 939
283 973
283 1061
283 1130
283 1184
283 1293
283 1954
284 745
284 960
284 1128
284 1169
284 1377
284 1531
284 1920
284 1950
285 968
285 1142
285 1221
285 1831
285 1968
286 649
286 716
286 1089
286 1194
286 1391
286 1713
286 1726
287 763
287 1229
287 1644
288 782
288 1106
288 1237
288 1559
288 1848
289 301
289 333
289 463
289 648
289 747
289 1174
289 1528
289 1768
290 704
290 941
290 1008
290 1668
290 1911
291 713
291 775
291 846
291 1206
291 1390
291 1481
291 1865
292 400
292 908
292 1263
292 1276
292 1443
292 1523
292 1702
292 1824
292 1958
292 1962
293 384
293 435
293 494
293 516
293 624
293 887
293 936
293 984
293 1210
293 1271
293 1348
293 1534
293 1958
294 584
294 637
294 781
294 849
294 1146
294 1457
294 1556
294 1557
294 1851
295 333
295 1301
295 1329
296 417
296 611
296 1164
296 1460
296 1570
296 1639
296 1731
297 857
297 1156
297 1561
297 1895
298 628
298 742
298 745
298 755
298 784
298 1312
298 1540
298 1673
298 1683
298 1689
298 1713
298 1876
299 821
299 1004
299 1178
299 1318
299 1670
299 1839
299 1987
300 301
300 444
300 473
300 751
300 957
300 1167
300 1370
300 1408
300 1968
301 442
301 684
301 712
301 790
301 1116
301 1291
301 1464
301 1473
301 1521
301 1908
302 456
302 506
302 1770
303 311
303 474
303 554
303 605
303 1008
303 1024
303 1048
303 1248
303 1367
303 1424
303 1571
303 1878
304 555
304 563
304 565
304 720
304 1027
304 1065
304 1343
304 1433
304 1494
304 1627
304 1751
304 1794
305 810
305 1129
305 1694
305 1759
306 318
306 552
306 1221
306 1530
306 1826
307 504
307 797
307 872
307 897
307 1569
307 1914
307 1949
308 980
308 1020
308 1217
308 1615
309 435
309 453
309 785
309 1058
309 1136
309 1203
309 1485
309 1505
309 1544
309 1645
309 1695
309 1806
310 320
310 333
310 476
310 835
310 939
310 1209
310 1357
310 1670
311 525
311 572
311 961
311 997
311 1979
312 349
312 819
312 1144
312 1490
312 1526
312 1967
313 626
313 670
313 956
313 1208
313 1315
313 1367
313 1952
314 422
314 604
314 653
314 739
314 1244
314 1292
314 1345
314 1472
314 1548
314 1630
314 1815
315 982
315 1265
315 1282
315 1316
315 1393
315 1715
315 1772
316 345
316 431
316 580
316 1144
316 1395
316 1727
316 1842
316 1872
316 1942
317 989
317 1231
317 1391
317 1832
318 1040
318 1117
318 1133
318 1414
318 1514
318 1689
318 1910
319 479
319 1120
319 1126
319 1250
319 1566
320 385
320 549
320 848
320 1333
320 1447
321 346
321 464
321 975
321 1023
321 1239
321 1377
321 1889
322 609
322 948
322 972
322 1035
322 1095
322 1318
322 1321
322 1329
322 1497
322 1874
323 1575
323 1701
323 1743
323 1855
323 1931
324 407
324 460
324 522
324 835
324 986
324 1143
324 1324
324 1606
324 1907
325 499
325 642
325 810
325 937
325 940
325 1055
325 1235
325 1740
325 1777
325 1935
325 1981
326 596
326 706
326 964
326 1116
326 1452
326 1904
327 467
327 1140
327 1163
327 1523
327 1537
327 1551
327 1601
327 1954
328 422
328 477
328 656
328 779
328 1379
328 1781
328 1860
328 1914
329 456
329 462
329 519
329 729
329 878
329 1085
329 1286
329 1297
329 1719
330 415
330 462
330 887
330 1185
330 1376
330 1593
330 1903
330 1910
331 378
331 545
331 854
331 1565
331 1694
332 1088
332 1126
332 1401
332 1412
332 1472
332 1735
333 375
333 615
333 665
333 1040
334 767
334 1028
334 1164
334 1293
334 1469
334 1529
334 1882
334 1921
334 1969
335 1066
335 1557
335 1620
335 1633
336 394
336 683
336 800
336 855
336 1191
336 1924
337 366
337 629
337 845
337 1451
337 1633
337 1780
337 1803
337 1869
338 399
338 800
338 808
338 1201
338 1467
338 1796
339 575
339 625
339 728
339 838
339 933
339 1139
339 1281
339 1719
339 1846
340 780
340 1040
340 1661
340 1750
340 1893
341 742
341 896
341 1006
341 1218
341 1894
342 363
342 539
342 712
342 806
342 887
342 1348
342 1362
342 1538
343 592
343 707
343 965
343 1428
343 1490
343 1646
343 1829
344 698
344 744
344 868
344 936
344 1043
344 1101
344 1169
344 1233
344 1410
345 679
345 802
345 1048
345 1216
345 1664
345 1674
346 407
346 535
346 562
346 675
346 684
346 1969
347 869
347 1199
347 1673
348 352
348 1582
348 1789
349 494
349 581
349 1245
349 1384
349 1416
349 1701
349 1971
350 353
350 978
350 1352
350 1413
350 1756
350 1887
350 1906
351 469
351 559
351 578
351 655
351 688
351 745
351 1230
351 1256
351 1625
352 384
352 888
352 895
352 1046
352 1103
352 1199
352 1677
352 1972
353 491
353 1233
353 1285
353 1321
354 366
354 693
354 942
354 1243
354 1602
354 1678
354 1795
354 1847
354 1911
354 1998
355 390
355 526
355 604
355 675
355 1087
355 1227
355 1410
355 1498
355 1650
356 453
356 454
356 553
356 732
356 1086
356 1168
356 1747
356 1770
357 1126
357 1247
357 1590
357 1656
357 1721
358 466
358 696
358 1590
358 1666
359 406
359 518
359 545
359 821
359 877
359 943
359 1009
359 1142
359 1199
359 1510
359 1518
359 1584
360 440
360 510
360 672
360 1070
360 1101
360 1392
360 1512
360 1788
361 396
361 543
361 682
361 728
361 781
361 855
361 907
361 1199
361 1420
361 1700
361 1932
362 565
362 963
362 1410
362 1662
362 1706
362 1735
363 426
363 746
363 810
363 979
363 1621
363 1712
363 1735
364 663
364 910
364 1277
364 1659
364 1903
365 638
365 655
365 760
365 947
365 1120
365 1135
365 1619
365 1620
366 646
366 1135
366 1917
367 702
367 835
367 1102
367 1238
367 1452
367 1566
367 1680
367 1892
368 841
368 1173
368 1311
368 1386
368 1839
368 1916
369 502
369 859
369 916
369 1019
369 1189
369 1356
369 1556
369 1709
369 1774
369 1797
370 633
370 1192
370 1202
370 1444
370 1530
370 1675
370 1890
371 1217
371 1367
371 1504
371 1692
372 527
372 733
372 764
372 1066
372 1164
372 1854
373 458
373 728
373 831
373 963
373 1101
373 1453
373 1582
373 1585
373 1905
374 611
374 626
374 798
374 870
374 880
374 1100
374 1169
374 1303
374 1801
374 1969
375 435
375 752
375 848
375 875
375 1047
375 1598
375 1610
376 408
376 790
376 987
376 1150
377 452
377 1151
377 1191
378 509
378 595
378 1826
378 1983
379 1282
379 1314
379 1657
379 1728
379 1890
380 777
380 783
380 836
380 843
380 1105
380 1259
380 1746
380 1938
380 1981
380 1982
380 1984
381 550
381 1299
381 1811
381 1976
382 889
382 985
382 1404
382 1897
382 1936
383 530
383 575
383 962
383 1017
383 1140
383 1443
383 1452
383 1529
383 1742
384 625
384 779
384 864
384 1261
384 1656
384 1795
384 1959
385 1110
385 1284
385 1596
385 1609
386 864
386 1013
386 1084
386 1517
386 1769
387 569
387 699
387 886
387 939
388 431
388 572
388 584
388 961
388 1118
388 1762
389 767
389 1248
389 1795
390 507
390 573
390 904
390 989
390 1068
390 1291
390 1337
390 1631
390 1823
391 769
391 808
391 960
391 1011
391 1150
391 1431
391 1488
391 1780
391 1811
392 583
392 612
392 657
392 750
392 1410
392 1746
392 1944
393 692
393 1159
393 1189
393 1244
393 1298
393 1421
393 1596
393 1936
394 479
394 552
394 703
394 1063
394 1069
394 1400
394 1555
394 1852
395 871
395 993
395 1311
395 1982
396 806
396 863
396 982
396 1003
396 1317
396 1573
397 547
397 633
397 731
397 1190
397 1257
397 1734
398 532
398 568
398 702
398 1284
398 1455
398 1609
398 1683
398 1829
398 1914
399 473
399 702
399 755
399 1031
399 1069
399 1454
400 486
400 598
400 632
400 687
400 1054
400 1068
400 1181
400 1644
400 1706
400 1751
401 850
401 1088
401 1270
401 1907
401 1942
402 713
402 1057
402 1432
402 1466
402 1833
403 948
403 1012
403 1285
403 1553
404 1673
405 423
405 527
405 597
405 618
405 1649
406 592
406 743
406 889
406 921
406 1058
407 699
407 862
407 1494
407 1850
407 1951
408 687
408 690
408 744
408 821
408 888
408 896
408 1207
408 1639
408 1660
409 424
409 661
409 771
409 843
409 1034
409 1248
409 1250
409 1280
409 1308
409 1376
410 580
410 603
410 730
410 1125
410 1142
410 1319
411 487
411 760
411 1057
411 1119
411 1619
411 1746
411 1905
412 452
412 928
412 936
412 1895
413 418
413 424
413 983
413 1552
414 432
415 681
415 752
415 753
415 1386
415 1441
415 1890
415 1910
416 663
416 876
416 909
416 1086
416 1124
416 1613
416 1828
416 1875
416 1900
416 1927
417 888
417 1038
417 1048
417 1416
417 1499
417 1512
417 1669
418 798
418 802
418 892
418 1405
418 1414
418 1485
418 1918
419 523
419 870
419 1464
419 1632
419 1719
419 1789
420 530
420 547
420 756
420 776
420 1175
420 1192
420 1577
420 1649
420 1670
420 1678
420 1901
421 427
421 662
421 999
421 1196
421 1225
421 1785
422 641
422 1123
422 1773
422 1856
422 1882
423 947
423 1254
423 1519
423 1634
424 510
424 802
425 454
425 1131
425 1665
426 707
426 1099
426 1264
426 1519
426 1978
427 927
427 1148
427 1164
427 1765
427 1842
427 1962
428 432
428 1466
428 1874
428 1877
428 1886
428 1993
429 481
429 536
429 635
429 680
429 752
429 1120
429 1242
429 1455
429 1457
429 1465
429 1491
429 1631
429 1661
430 761
430 817
430 905
430 1045
430 1326
430 1514
431 442
431 858
431 1061
431 1298
431 1332
431 1349
431 1602
432 553
432 595
432 657
432 749
432 808
432 1279
432 1825
433 450
433 800
433 850
433 1049
433 1210
433 1255
434 727
434 762
434 884
434 1163
434 1894
434 1976
435 474
435 594
435 602
435 909
435 1551
435 1890
435 1898
435 1944
435 2000
436 618
436 1867
436 1967
437 498
437 562
437 835
437 1287
437 1312
437 1414
437 1574
437 1761
437 1912
437 1926
438 507
438 529
438 755
438 824
438 1675
438 1791
438 1934
439 561
439 832
439 873
439 887
439 979
439 1202
439 1246
439 1608
439 1640
440 608
440 1044
440 1129
440 1165
440 1296
440 1997
441 472
441 483
441 573
441 705
441 871
441 895
441 947
441 1258
441 1314
441 1321
441 1470
441 1813
441 1877
442 499
442 696
442 1169
442 1302
442 1513
442 1586
442 1787
442 1835
442 1868
443 446
443 482
443 838
443 1010
443 1322
443 1379
443 1507
443 1718
443 1838
444 952
444 1044
444 1726
444 1746
444 1866
444 1995
445 482
445 830
445 867
445 1015
445 1140
445 1532
445 1553
445 1656
445 1721
445 1853
445 1872
445 1935
446 544
446 861
446 1213
446 1260
446 1338
446 1464
446 1580
446 1875
447 575
447 910
447 1503
447 1808
447 1916
448 657
448 1336
448 1538
448 1880
448 1942
448 1949
448 1959
448 1986
449 1295
450 541
450 721
450 748
450 760
450 1082
450 1279
450 1662
450 1681
450 1746
451 633
451 791
451 1135
451 1354
451 1417
451 1457
451 1715
451 1976
452 703
452 890
452 905
452 1011
453 943
453 1519
453 1693
453 1767
453 1879
454 836
454 938
454 1113
454 1339
454 1502
454 1677
454 1819
454 1875
454 1986
455 1183
455 1358
455 1389
455 1692
455 1831
456 589
456 651
456 785
456 978
456 1436
456 1794
457 488
457 609
457 660
457 661
457 671
457 742
457 763
457 801
457 1711
458 793
458 1008
458 1058
458 1101
458 1122
458 1603
458 1778
458 1937
458 1957
459 1181
459 1323
459 1366
459 1469
459 1534
459 1663
459 1757
460 660
460 733
460 741
460 1013
460 1088
460 1671
461 632
461 647
461 1648
461 1982
462 715
462 722
462 817
462 1307
462 1500
462 1599
462 1958
463 480
463 882
463 1216
463 1942
464 566
464 1011
464 1027
464 1107
464 1377
464 1735
464 1805
464 1983
464 1984
465 640
466 714
466 811
466 1060
466 1061
466 1224
466 1304
466 1446
466 1472
466 1813
467 1144
467 1180
467 1302
467 1633
467 1796
468 1182
468 1695
469 610
469 636
469 649
469 722
469 915
469 1245
469 1255
469 1911
470 800
470 1000
470 1074
470 1080
470 1234
470 1321
470 1528
470 1740
470 1927
470 1982
471 754
471 967
471 1078
471 1154
471 1184
471 1190
471 1461
471 1717
471 1860
471 1995
472 765
472 810
472 814
472 897
472 937
472 943
472 952
472 984
472 1153
472 1686
473 646
473 654
473 708
473 1120
473 1215
473 1504
473 1936
474 645
474 758
474 776
474 991
474 1468
474 1888
474 1996
475 821
475 918
475 1405
475 1634
475 1758
475 1955
476 731
476 804
476 811
476 922
476 1232
476 1391
477 733
477 746
477 917
477 1112
477 1213
477 1503
477 1518
477 1536
477 1562
477 1834
478 1149
479 604
479 933
479 951
479 1082
479 1105
479 1157
479 1181
479 1193
479 1431
480 709
480 763
480 881
480 970
480 1272
481 666
481 800
481 1784
481 1897
482 571
482 866
482 1200
482 1228
482 1403
482 1467
482 1907
482 1921
483 798
483 853
483 979
483 1520
484 522
484 802
484 857
484 864
484 927
484 1051
484 1160
484 1930
485 1173
485 1765
485 1944
486 672
486 1353
486 1495
486 1591
486 1963
487 663
487 726
487 748
487 759
487 1050
487 1313
487 1889
487 1919
488 943
488 1019
488 1105
488 1162
488 1413
488 1826
489 496
489 666
489 795
489 905
489 1174
489 1469
489 1476
489 1577
489 1654
489 1983
490 617
490 1348
490 1387
490 1474
490 1547
490 1712
490 1851
491 722
491 846
491 865
491 953
491 1182
491 1195
491 1387
492 591
492 956
492 1159
492 1251
492 1266
492 1488
492 1612
492 1742
493 1039
493 1710
494 704
494 854
494 1038
494 1555
494 1607
494 1773
495 701
495 1117
495 1264
495 1974
496 840
496 845
496 967
496 1119
496 1660
496 1716
496 1850
497 578
497 638
497 726
497 742
497 982
497 986
497 1181
497 1351
497 1481
497 1486
497 1807
498 776
498 1417
498 1470
498 1497
498 1744
499 1038
499 1470
499 1606
500 797
500 883
500 1073
500 1090
500 1109
500 1223
500 1288
500 1656
500 1988
501 1441
501 1522
501 1819
502 585
502 718
502 1253
502 1434
502 1455
502 1504
502 1514
502 1559
503 522
503 1311
503 1342
503 1463
503 1741
503 1835
504 848
504 1156
504 1175
504 1514
504 1532
504 1615
504 1805
504 1842
505 648
505 726
505 886
505 1224
505 1278
505 1413
505 1475
505 1763
506 738
506 1151
506 1183
506 1810
506 1882
506 1901
506 1978
507 659
507 732
507 1004
507 1736
507 1938
508 1160
508 1535
508 1630
509 535
509 761
509 1428
509 1527
509 1699
509 1744
509 1797
509 1832
509 1918
510 573
510 664
510 942
510 1185
510 1372
510 1374
510 1758
510 1858
510 1884
510 1899
511 554
511 727
511 999
511 1659
511 1785
511 1845
511 1937
512 568
512 703
512 1305
512 1405
512 1756
512 1762
512 1770
513 649
513 666
513 667
513 877
513 1257
513 1261
513 1278
513 1681
513 1742
513 1752
513 1933
514 538
514 713
514 884
514 887
514 1577
514 1596
514 1620
514 1637
514 1849
515 1167
515 1389
515 1436
515 1583
515 1609
515 1932
516 621
516 904
516 1112
516 1451
516 1476
516 1913
517 731
517 756
517 858
517 1506
518 1184
518 1765
519 625
519 1579
519 1735
519 1926
520 691
520 777
520 1200
520 1267
520 1305
520 1437
520 1507
520 1526
520 1665
520 1926
521 953
521 983
521 1090
521 1332
521 1366
521 1500
521 1649
521 1898
521 1956
522 1097
522 1523
522 1533
522 1804
522 1834
522 1952
523 963
523 1165
523 1222
523 1332
524 634
524 1643
524 1862
524 1979
525 685
525 844
525 983
525 1026
525 1176
525 1326
525 1414
525 1507
525 1658
525 1874
526 534
526 646
526 792
526 1312
526 1492
526 1604
526 1886
526 1945
527 971
527 1232
527 1422
527 1492
527 1705
527 1832
527 1873
528 1019
528 1062
528 1311
528 1479
529 743
529 766
529 918
529 948
529 1040
529 1488
529 1904
530 595
530 1050
530 1053
530 1075
530 1387
530 1488
530 1840
531 997
531 1196
531 1678
531 1827
531 1891
532 580
532 1567
532 1808
532 1910
533 565
533 1017
533 1162
533 1224
533 1573
533 1621
534 1025
534 1061
534 1077
534 1111
534 1644
534 1681
535 552
535 597
535 1054
536 569
536 893
536 896
536 1077
536 1259
536 1633
537 615
537 688
537 748
537 804
537 1044
537 1231
537 1663
537 1731
537 1902
538 782
538 1035
538 1046
538 1113
538 1189
538 1197
538 1239
538 1665
538 1888
538 1945
538 1982
539 868
539 1051
539 1200
539 1521
540 1218
540 1234
540 1282
540 1553
540 1827
540 1937
541 856
541 1073
541 1371
541 1661
541 1726
542 1397
542 1450
542 1702
542 1743
542 1941
543 1109
543 1122
543 1190
543 1501
543 1718
543 1982
544 662
544 799
544 1176
544 1311
544 1644
545 638
545 1376
545 1441
545 1492
545 1541
545 1839
546 1004
546 1270
546 1390
546 1512
546 1564
546 1629
546 1753
547 561
547 702
547 835
547 1273
547 1354
547 1386
547 1446
547 1875
548 572
548 609
548 827
548 1105
548 1240
548 1245
548 1307
548 1375
548 1395
548 1782
548 1836
549 700
549 785
549 885
549 1033
549 1973
550 1078
551 647
551 659
551 827
551 978
551 1125
551 1421
551 1898
552 981
552 1087
552 1433
552 1882
552 1995
553 791
553 803
553 844
553 869
553 889
553 1068
553 1462
553 1831
553 1891
554 684
554 772
554 1156
554 1471
554 1762
554 1777
555 580
555 645
555 774
555 793
555 808
555 998
555 1066
556 710
556 909
556 1169
556 1260
556 1598
556 1610
557 1398
557 1521
557 1755
557 1859
557 1969
558 636
558 658
558 901
558 907
558 1175
558 1279
558 1586
559 568
559 617
559 1335
559 1450
559 1569
559 1581
559 1610
559 1779
559 1833
559 1902
559 1950
560 835
560 1119
560 1352
560 1513
560 1594
560 1864
560 1968
561 913
561 1184
562 638
562 1388
562 1445
562 1691
562 1923
563 817
563 868
563 1162
563 1181
563 1382
563 1397
563 1599
564 608
564 680
564 690
564 1202
565 1021
565 1045
565 1194
565 1546
565 1782
565 1960
566 616
566 767
566 776
566 1203
566 1258
566 1313
566 1540
566 1648
567 679
567 1355
567 1521
568 889
568 1591
568 1785
568 1825
569 975
569 1123
569 1541
569 1543
569 1699
570 858
570 1357
570 1799
570 1885
571 582
571 667
571 668
571 768
571 1014
571 1153
571 1282
571 1562
572 816
572 961
572 1302
572 1447
572 1527
572 1532
572 1537
572 1686
572 1799
573 1115
573 1253
573 1725
573 1745
573 1895
573 1937
573 1943
573 1981
574 925
574 1497
574 1528
574 1548
574 1658
574 1759
575 784
575 1050
575 1168
576 812
576 855
576 968
576 1792
576 1866
577 1312
577 1457
577 1555
577 1683
577 1871
577 1926
577 1928
578 644
578 702
578 779
578 951
578 959
578 1167
578 1200
578 1296
578 1319
578 1329
578 1935
578 1982
579 855
579 891
579 982
579 1238
579 1245
579 1319
579 1623
579 1740
579 1762
579 1793
579 1831
579 1856
579 1904
580 688
580 1212
580 1472
580 1558
580 1593
581 960
581 1504
581 1649
581 1777
581 1807
581 1929
581 1990
582 665
582 800
582 801
582 846
582 922
582 998
582 1061
582 1634
583 1101
583 1355
584 784
584 1008
584 1113
584 1155
584 1206
584 1512
584 1760
584 1939
584 1977
584 1983
585 654
585 888
585 1063
585 1115
585 1156
585 1370
585 1785
586 695
586 1088
586 1412
586 1524
586 1819
587 820
587 1152
587 1200
587 1211
587 1282
587 1589
587 1731
588 896
588 1085
588 1511
588 1585
588 1877
588 1962
589 651
589 670
589 821
589 851
589 1075
589 1208
589 1478
589 1516
589 1769
589 1786
590 666
590 969
590 1407
590 1949
591 1650
592 865
592 910
592 1069
592 1083
592 1419
592 1680
592 1822
592 1863
592 1902
593 842
593 910
593 1155
593 1328
593 1724
593 1870
594 1414
594 1455
594 1461
594 1594
594 1673
595 862
595 1162
595 1250
595 1679
595 1737
596 798
596 1083
596 1261
596 1357
596 1526
596 1577
596 1737
596 1948
597 867
597 1208
597 1500
597 1508
597 1973
598 1009
598 1275
598 1667
599 690
599 791
599 841
599 1386
599 1757
599 1942
600 660
600 733
600 744
600 768
600 999
600 1291
600 1996
601 606
601 740
601 789
601 798
601 972
601 1050
601 1640
601 1763
601 1833
602 1070
602 1899
603 738
603 1929
604 653
604 683
604 1112
604 1317
604 1584
604 1876
605 628
605 825
605 1111
605 1323
605 1689
605 1700
606 630
606 641
606 724
606 955
606 998
606 1278
606 1672
607 618
607 889
607 963
607 1152
607 1317
607 1665
607 1967
608 1143
608 1563
608 1803
608 1908
608 1972
609 636
609 843
609 883
609 1025
609 1184
609 1384
609 1461
609 1530
609 1803
609 1891
609 1914
610 1131
610 1933
610 1940
611 676
611 716
611 841
611 1224
611 1336
611 1392
611 1617
611 1751
611 1788
612 621
612 675
612 728
612 855
612 923
612 940
612 1010
612 1221
612 1277
612 1461
613 1794
614 1101
614 1410
614 1429
614 1678
614 1846
614 1962
615 738
615 854
615 1159
615 1666
615 1780
615 1960
616 983
616 1803
616 1869
617 1104
617 1299
617 1571
617 1855
618 1091
618 1554
618 1736
618 1778
619 1370
619 1900
619 1928
620 999
620 1214
620 1235
620 1257
620 1389
620 1443
621 1216
621 1680
621 1719
621 1797
621 1842
621 1853
621 1956
622 797
622 1318
622 1427
623 846
623 896
623 905
623 1083
623 1107
623 1204
623 1356
623 1749
623 1923
624 691
624 828
624 924
624 1287
624 1612
624 1795
625 673
625 814
625 891
625 949
625 1179
625 1666
625 1693
625 1867
625 1872
626 703
626 1407
626 1453
626 1640
626 1675
626 1859
627 857
627 1270
627 1769
628 769
628 960
628 1145
628 1296
628 1328
628 1341
628 1443
629 1030
629 1082
629 1149
629 1524
629 1592
629 1776
630 767
630 1671
630 1906
630 1955
630 1970
631 888
631 982
631 1393
631 1423
631 1796
632 803
632 1098
632 1379
632 1405
632 1498
632 1901
633 890
633 1423
635 656
635 1068
635 1143
635 1448
635 1534
635 1561
635 1617
635 1711
636 692
636 879
636 928
636 985
636 1671
636 1693
636 1736
637 829
637 951
637 1003
637 1893
638 817
638 1148
638 1615
638 1980
638 1990
639 1014
640 729
640 801
640 1064
640 1208
640 1325
640 1578
640 1726
641 944
641 984
641 1046
641 1285
641 1689
642 681
642 749
642 943
642 1041
642 1163
642 1245
642 1617
642 1701
642 1731
643 1476
643 1500
643 1548
643 1884
644 777
644 864
644 1122
644 1696
645 950
645 1114
645 1355
645 1468
645 1614
645 1622
645 1753
646 956
646 1538
646 1569
646 1713
646 1754
646 1780
646 1855
647 1299
647 1314
647 1351
647 1688
647 1766
647 1803
648 667
648 744
648 1122
648 1626
648 1683
648 1925
649 779
649 798
649 1137
649 1723
649 1950
649 1989
650 808
650 956
650 1037
650 1100
650 1348
650 1408
650 1863
651 769
651 1257
651 1540
651 1596
651 1706
651 1983
652 653
652 718
652 747
652 1064
652 1506
653 726
653 893
653 1163
653 1175
653 1323
653 1383
653 1848
654 757
654 938
654 1542
654 1907
654 1968
655 663
655 1265
655 1428
655 1730
655 1870
656 1566
656 1599
656 1885
657 672
657 887
657 1028
657 1183
657 1319
657 1394
657 1454
657 1724
657 1801
658 783
658 883
658 1055
658 1173
659 826
659 949
659 1077
659 1367
659 1583
659 1730
659 1857
659 1981
660 1188
660 1904
660 1976
661 762
661 919
661 973
661 1241
661 1258
661 1290
661 1419
661 1525
662 745
662 1035
662 1160
662 1334
662 1412
662 1751
662 1827
662 1949
662 1959
663 765
663 907
663 1003
663 1091
663 1115
663 1146
663 1220
663 1259
663 1651
663 1653
663 1790
664 1016
664 1019
664 1067
664 1586
664 1930
665 1283
665 1382
665 1509
665 1672
665 1798
665 1858
665 1980
666 1139
666 1276
666 1340
666 1757
666 1913
666 1987
667 952
667 1201
668 1933
669 898
669 908
669 962
669 1034
669 1339
669 1385
669 1549
669 1711
670 673
670 798
670 1561
670 1595
671 939
671 955
671 1177
671 1375
671 1438
671 1584
671 1608
671 1884
672 733
672 825
672 1118
672 1182
672 1479
672 1547
673 1030
673 1173
673 1544
673 1692
673 2000
674 912
674 1571
675 946
675 1226
675 1310
675 1547
675 1633
675 1963
676 803
676 974
676 1082
676 1180
676 1678
676 1991
676 1999
677 842
677 1172
677 1291
677 1422
677 1555
678 846
678 973
678 1084
678 1619
679 834
679 857
679 978
679 1654
679 1830
680 733
680 975
680 1521
680 1598
680 1875
680 1931
680 1940
681 725
681 1256
681 1375
682 690
682 780
682 829
682 843
682 1071
682 1104
682 1127
682 1167
682 1275
682 1449
682 1452
682 1604
683 840
683 1248
683 1318
683 1456
683 1581
683 1637
683 1853
683 1969
683 1998
684 865
684 1106
684 1242
684 1428
684 1558
684 1893
685 1505
685 1558
686 1057
686 1432
686 1506
686 1577
686 1737
686 1749
686 1826
687 714
687 1474
687 1827
687 1842
688 815
688 1037
688 1119
688 1628
688 1671
688 1893
689 1213
689 1386
689 1438
689 1476
689 1499
689 1614
689 1795
689 1918
690 931
690 1422
690 1504
690 1587
690 1639
690 1676
690 1794
690 1840
691 904
691 1233
691 1238
691 1395
691 1809
691 1916
691 1946
692 698
692 849
692 950
692 968
692 1077
692 1142
692 1513
692 1604
692 1732
692 1754
692 1944
692 1972
693 718
693 980
693 1349
693 1484
693 1614
693 1762
693 1922
694 884
694 945
694 961
694 1448
695 992
695 1170
695 1309
695 1333
695 1511
695 1686
695 1757
695 1865
695 1966
696 1388
696 1499
696 1508
696 1546
696 1739
696 1841
697 1283
697 1377
697 1502
697 1602
697 1852
697 1957
698 699
698 791
698 882
698 1192
698 1409
698 1437
699 840
699 925
699 963
699 1160
699 1307
699 1362
699 1390
699 1401
699 1421
699 1476
699 1698
700 1097
700 1740
700 1914
701 824
701 849
701 1296
701 1448
701 1549
701 1578
701 1767
702 820
702 914
702 925
702 1029
702 1031
702 1200
702 1382
702 1707
702 1736
703 722
703 860
703 902
703 1073
703 1656
703 1995
704 813
704 1072
704 1148
704 1464
704 1624
704 1717
705 846
705 1216
705 1268
705 1465
705 1565
705 1627
705 1757
706 835
706 851
706 941
706 943
706 987
706 1048
706 1497
706 1951
707 855
707 889
707 1087
707 1206
707 1275
707 1531
707 1789
707 1879
708 1032
708 1079
708 1381
708 1382
708 1753
709 1428
709 1634
710 729
710 772
710 1022
710 1607
710 1784
711 719
711 1087
711 1318
711 1469
711 1589
711 1614
711 1644
711 1709
711 1912
712 798
712 812
712 892
712 998
712 1498
712 1780
712 1795
712 1811
712 1940
713 870
713 1419
713 1749
714 747
714 798
714 1105
714 1380
714 1445
714 1569
714 1633
715 734
715 756
715 874
715 1028
715 1047
715 1073
715 1165
715 1246
715 1473
715 1487
715 1722
715 1771
716 832
716 840
716 1176
716 1275
716 1366
716 1517
716 1988
717 776
717 999
717 1083
717 1219
717 1449
717 1900
718 1015
718 1050
718 1485
719 1139
719 1192
719 1322
719 1430
720 1116
720 1212
720 1499
720 1525
720 1642
720 1966
720 1992
721 1317
721 1470
721 1712
721 1813
722 1456
723 905
723 952
723 1131
723 1470
723 1905
723 1987
724 1084
724 1143
724 1365
724 1377
724 1474
724 1600
724 1781
724 1811
725 782
725 850
725 1122
725 1206
725 1666
726 842
726 958
726 1214
726 1415
726 1845
727 1673
727 1773
728 901
728 1068
728 1298
728 1395
728 1756
728 1878
729 807
729 1411
729 1509
729 1726
729 1974
730 1185
730 1730
730 1883
731 783
731 945
731 1199
731 1349
731 1370
731 1545
732 820
732 849
732 1548
732 1741
732 1777
733 1380
733 1442
733 1457
734 744
734 1289
735 738
735 970
735 1253
735 1279
735 1310
735 1334
735 1614
735 1723
735 1940
736 786
736 1349
736 1736
736 1949
737 742
737 972
737 1021
737 1066
737 1222
737 1414
737 1472
737 1930
738 788
738 1015
738 1566
738 1572
738 1723
739 792
739 846
739 1020
739 1227
740 797
740 1085
740 1364
740 1512
740 1582
740 1642
740 1653
740 1791
741 970
741 993
741 1001
741 1430
741 1483
741 1781
741 1799
742 925
742 1114
742 1132
742 1478
742 1658
742 1923
743 853
743 1294
743 1609
743 1649
745 770
745 776
745 1183
745 1229
745 1600
745 1609
745 1664
745 1750
745 1787
745 1791
745 1905
746 988
746 1050
746 1313
746 1355
746 1601
747 1252
747 1274
747 1557
747 1614
747 1788
747 1985
748 793
748 969
748 1186
748 1987
749 1249
749 1299
749 1663
749 1831
749 1878
750 773
750 948
750 1021
750 1446
750 1493
751 1151
751 1271
751 1324
751 1709
751 1757
751 1785
751 1908
752 1166
752 1379
752 1466
752 1693
752 1846
753 755
753 1136
753 1274
753 1600
753 1905
753 1944
754 1206
754 1269
754 1324
754 1470
754 1922
755 1118
755 1791
755 1806
755 1850
756 1245
756 1440
756 1735
757 766
757 1407
757 1830
758 944
758 1544
758 1764
758 1896
759 803
759 1313
759 1316
759 1735
759 1748
759 1875
760 810
760 1210
760 1461
760 1537
760 1739
760 1967
761 946
761 1061
761 1214
761 1228
761 1236
761 1294
761 1491
761 1532
761 1873
762 961
762 1097
762 1789
763 1075
763 1405
763 1441
763 1514
763 1675
763 1714
764 767
764 858
764 999
764 1096
764 1622
764 1898
765 775
765 1551
765 1593
765 1878
765 1897
766 780
766 1232
766 1817
767 1217
767 1333
767 1401
767 1878
768 907
768 916
768 1080
768 1094
768 1687
768 1708
768 1838
768 1858
768 1880
769 1060
769 1195
769 1849
770 900
770 1067
770 1147
770 1174
770 1342
770 1584
770 1948
770 1972
771 1050
771 1393
771 1502
771 1509
771 1730
771 1869
771 1875
771 1914
772 986
772 1743
772 1773
773 906
773 1208
773 1799
773 1855
773 1963
774 971
774 1171
774 1262
774 1363
774 1379
774 1869
774 1881
775 1035
775 1153
775 1235
775 1236
775 1293
775 1485
775 1650
775 1666
775 1705
776 1779
777 902
777 1697
777 1915
778 1323
778 1541
778 1630
779 1184
779 1681
779 1807
779 1925
780 943
780 1629
780 1693
780 1953
781 1042
781 1364
781 1688
781 1949
781 1951
782 928
782 1039
782 1071
782 1160
782 1307
782 1448
782 1970
783 1009
783 1157
783 1179
783 1895
784 1422
784 1485
784 1521
784 1695
785 802
785 1398
785 1418
785 1681
785 1866
786 965
786 1033
786 1709
786 1752
787 811
787 878
787 937
787 1069
787 1240
787 1473
787 1818
788 795
788 1150
788 1327
788 1664
788 1771
788 1847
788 1905
789 884
789 893
789 972
789 1016
789 1326
789 1861
790 1322
790 1330
790 1668
790 1979
791 833
791 969
791 1458
791 1882
791 1994
792 1149
792 1224
792 1386
792 1667
792 1696
793 928
793 953
793 1132
794 1378
794 1613
795 1117
795 1272
795 1578
795 1912
796 825
796 1215
796 1273
796 1299
796 1434
796 1469
796 1503
796 1663
796 1717
796 1995
797 1117
797 1137
797 1381
797 1521
797 1563
797 1724
797 1850
797 1892
798 817
798 1067
799 865
799 1209
799 1528
799 1719
799 1725
800 1568
800 1768
800 1817
800 1897
801 886
801 892
801 968
801 1328
801 1355
802 857
802 1108
802 1497
803 1147
803 1404
803 1663
803 1666
803 1872
803 1991
804 1313
804 1392
805 1090
805 1161
805 1196
805 1450
805 1459
805 1610
805 1851
806 1796
806 1916
807 1213
807 1382
807 1508
807 1559
807 1993
808 930
808 1145
808 1177
808 1466
808 1550
808 1614
808 1828
808 1884
809 915
809 1990
810 924
810 1030
810 1127
810 1192
810 1349
810 1545
810 1789
811 1049
811 1144
811 1167
811 1250
811 1400
811 1633
811 1815
811 1968
812 1483
812 1566
812 1660
812 1702
812 1880
812 1942
813 867
814 1199
814 1308
814 1506
814 1713
815 1089
815 1115
815 1373
815 1506
815 1783
815 1799
816 930
816 1408
817 902
817 1137
817 1537
817 1644
818 1123
818 1155
818 1802
819 1113
819 1254
819 1472
819 1613
819 1759
819 1804
819 1816
819 1824
820 832
820 913
820 1376
820 1567
820 1576
821 1024
821 1460
821 1472
821 1551
821 1686
822 1014
822 1335
822 1545
822 1588
823 945
823 1172
823 1442
823 1713
823 1728
823 1923
824 845
824 950
824 1324
824 1437
824 1567
824 1882
825 829
825 1030
825 1044
825 1518
826 848
826 1496
826 1565
826 1819
826 1822
827 840
827 1321
827 1495
827 1769
828 1138
828 1383
828 1539
828 1831
828 1995
829 883
829 1394
829 1623
830 1038
830 1461
831 1100
831 1786
832 836
832 851
832 877
832 934
832 1084
832 1338
832 1429
832 1795
832 1923
833 1042
833 1104
833 1590
833 1875
833 1892
833 1934
834 1381
834 1836
835 839
835 1150
835 1170
835 1286
835 1323
835 1369
835 1505
835 1519
835 1961
835 1983
836 942
836 1102
836 1197
836 1554
836 1637
836 1993
837 898
837 1179
837 1285
837 1914
838 892
838 1017
838 1267
838 1523
838 1689
838 1822
838 1854
839 1156
839 1188
839 1525
840 973
840 1093
840 1146
840 1447
840 1604
840 1739
841 1327
841 1409
841 1432
841 1757
841 1905
842 844
842 984
842 1356
842 1460
842 1662
842 1668
842 1952
842 1988
843 925
843 1034
843 1346
843 1524
843 1584
843 1607
843 1713
844 849
844 1227
844 1279
844 1357
844 1390
844 1434
844 1554
844 1641
845 1111
845 1126
845 1412
845 1949
845 1959
846 1179
846 1812
846 1854
846 1926
847 974
847 1049
847 1143
847 1290
847 1331
847 1697
847 1713
848 852
848 961
848 1516
848 1780
848 1922
848 1947
849 1168
849 1232
849 1773
849 1819
849 1853
850 1171
850 1355
850 1443
850 1611
850 1659
850 1862
851 1534
852 1424
852 1821
853 1005
853 1116
853 1158
853 1340
853 1467
853 1778
853 1904
854 908
854 1059
854 1141
854 1149
854 1275
854 1302
854 1707
854 1901
855 983
855 1086
855 1306
855 1316
855 1489
855 1624
855 1861
855 1957
856 1300
856 1902
856 1986
857 897
857 1277
857 1296
857 1470
857 1675
857 2000
858 978
858 1065
858 1593
858 1804
859 888
859 1118
859 1136
859 1247
859 1484
859 1559
859 1794
859 1834
860 1080
860 1233
860 1324
860 1843
861 1017
861 1034
861 1091
861 1163
861 1303
861 1368
861 1531
861 1551
861 1618
861 1652
861 1746
861 1773
861 1933
861 1980
862 911
862 1344
862 1365
862 1655
862 1731
862 1766
863 878
863 882
863 990
863 1311
863 1440
863 1836
864 956
864 1061
864 1781
864 1848
865 1112
865 1781
866 1000
866 1054
866 1496
866 1516
866 1829
867 1073
867 1692
867 1726
867 1802
867 1929
868 1190
868 1272
868 1300
868 1390
868 1436
868 1531
868 1768
868 1778
868 1983
869 1000
869 1435
869 1455
869 1538
869 1576
869 1597
869 1875
870 1052
870 1228
870 1453
870 1484
870 1946
871 1069
871 1369
871 1412
871 1643
871 1678
871 1786
872 964
872 1182
872 1232
872 1463
872 1466
872 1772
873 1235
873 1243
873 1248
873 1735
874 911
874 1040
874 1207
874 1301
875 1058
875 1098
875 1218
876 908
876 1268
876 1487
877 1539
877 1540
878 1141
879 950
879 1042
879 1398
879 1824
879 1997
880 1645
880 1734
880 1837
880 1939
881 931
881 932
881 1178
881 1277
881 1335
881 1459
881 1748
881 1858
881 1924
882 1165
882 1207
882 1328
882 1543
882 1926
882 1927
883 1487
883 1599
884 984
884 1012
884 1049
884 1482
884 1544
884 1552
884 1750
884 1824
885 1203
885 1318
885 1340
885 1545
886 951
886 1029
886 1704
887 1297
887 1785
887 1811
887 1851
888 1212
889 1342
889 1416
889 1622
889 1652
890 1029
890 1107
890 1485
890 1494
890 1529
890 1883
891 949
891 1060
891 1612
891 1929
892 966
892 1310
892 1370
892 1847
893 929
893 1081
893 1515
893 1584
893 1775
893 1866
893 1900
893 1980
894 1199
894 1244
894 1579
895 923
895 1152
895 1510
895 1550
895 1803
895 1836
895 1976
896 941
896 1050
896 1064
896 1416
896 1620
896 1653
897 1434
897 1501
897 1574
898 1082
898 1126
898 1581
898 1592
898 1685
898 1713
898 1833
899 1220
899 1236
899 1328
899 1375
899 1422
899 1809
900 1145
900 1311
901 1090
901 1296
901 1857
902 978
902 1188
902 1196
902 1248
902 1603
902 1886
903 913
903 956
903 1100
903 1373
903 1379
903 1998
904 1173
904 1326
904 1917
904 1946
905 998
905 1076
905 1088
905 1709
905 1812
906 1608
906 1710
906 1893
907 1139
907 1184
907 1375
907 1554
907 1964
907 1993
908 1161
908 1291
908 1483
908 1546
908 1770
909 926
909 1193
909 1416
909 1640
909 1798
910 936
910 1013
910 1235
910 1314
911 1644
912 1530
912 1565
912 1609
912 1801
913 1403
913 1520
913 1586
913 1858
913 1867
913 1875
913 1983
914 1002
914 1282
914 1304
914 1450
915 1019
915 1224
915 1518
915 1577
916 1221
916 1335
916 1781
917 1134
917 1552
917 1849
918 970
918 1059
918 1176
918 1628
919 1082
919 1187
919 1252
919 1674
919 1976
920 1214
920 1216
920 1540
920 1917
921 966
921 1176
921 1568
921 1909
922 938
922 1137
922 1183
922 1387
922 1522
922 1618
922 1736
922 1882
923 1030
923 1032
923 1208
923 1278
923 1291
923 1867
924 1274
924 1420
924 1898
925 1222
925 1323
925 1941
926 1528
926 1645
927 1095
927 1206
927 1297
927 1500
927 1639
927 1781
927 1902
928 1523
928 1759
929 1254
929 1476
929 1495
929 1621
929 1839
929 1865
929 1920
930 1474
930 1947
931 935
931 1702
931 1971
932 1424
932 1433
932 1478
932 1588
932 1646
932 1852
933 1017
933 1253
933 1707
933 1942
933 1992
934 1038
934 1112
934 1635
934 1774
934 1888
935 1284
935 1287
935 1656
935 1708
935 1871
935 1933
936 1174
936 1316
936 1482
937 1044
937 1793
937 1896
938 1174
938 1382
938 1705
938 1748
939 973
939 1496
939 1624
939 1744
939 1816
940 1399
941 1432
941 1481
941 1500
941 1605
941 1702
942 1410
942 1831
942 1975
943 1186
943 1360
943 1725
943 1764
944 1119
944 1232
944 1446
944 1610
944 1616
944 1773
944 1811
944 1940
945 1001
945 1040
945 1209
945 1491
945 1743
947 997
947 1034
947 1406
947 1415
947 1626
947 1921
948 1275
948 1400
948 1557
949 1000
949 1044
949 1181
949 1388
950 1131
950 1620
950 1647
951 1008
951 1309
951 1338
951 1351
951 1417
951 1963
952 1303
952 1348
952 1467
953 1444
953 1822
953 1892
954 1208
954 1725
955 1041
955 1147
955 1288
955 1690
955 1977
956 1071
956 1522
956 1917
957 1011
957 1230
957 1308
957 1361
957 1458
957 1819
958 1040
958 1152
958 1379
958 1564
958 1748
958 1808
958 1872
958 1932
958 1938
959 1199
959 1221
959 1470
959 1509
959 1947
959 1970
960 1847
961 1432
961 1570
961 1840
962 1035
962 1080
962 1120
962 1127
962 1636
962 1900
962 1909
963 1102
963 1255
963 1299
963 1733
963 1995
964 1084
964 1446
964 1684
964 1694
964 1739
964 1924
965 1255
965 1796
965 1808
966 1049
966 1261
966 1490
966 1501
966 1638
966 1746
967 1369
967 1805
967 1858
968 1011
968 1051
968 1101
968 1244
968 1439
968 1476
968 1634
968 1657
968 1893
968 1958
969 1353
969 1428
969 1654
969 1792
969 1846
970 1079
970 1219
970 1249
970 1262
970 1309
970 1342
970 1467
970 1637
971 1639
971 1823
972 1255
972 1495
973 1413
973 1966
974 983
974 1029
974 1225
974 1975
975 1419
975 1780
976 1530
976 1736
976 1770
977 1154
977 1230
977 1334
978 1275
978 1752
978 1838
978 1994
979 1098
979 1322
979 1699
979 1717
979 1732
979 1902
980 1765
981 1103
981 1113
981 1296
981 1449
981 1468
981 1500
981 1741
982 1299
982 1508
983 1111
983 1443
983 1545
983 1627
983 1715
983 1881
983 1982
984 1186
984 1220
984 1752
985 1024
985 1135
985 1215
985 1316
985 1330
985 1410
985 1822
985 1913
986 1417
987 1180
987 1322
987 1403
987 1755
987 1775
987 1975
988 1609
988 1640
988 1824
988 1888
988 1912
988 1948
989 1192
989 1210
989 1246
989 1336
989 1372
989 1545
990 1189
990 1290
990 1311
990 1387
990 1893
990 1945
991 1449
991 1758
992 1021
992 1052
992 1074
992 1625
992 1647
994 1505
995 1558
996 1067
996 1492
996 1503
996 1522
996 1595
996 1687
997 1288
997 1426
997 1909
998 1462
998 1660
998 1679
998 1932
998 1953
999 1243
999 1460
999 1560
999 1701
999 1884
1000 1072
1000 1104
1000 1254
1000 1272
1000 1625
1000 1968
1001 1063
1001 1263
1001 1681
1001 1784
1002 1015
1002 1226
1002 1281
1002 1569
1002 1873
1003 1058
1003 1344
1003 1782
1003 1887
1005 1091
1005 1168
1005 1358
1005 1697
1006 1919
1007 1058
1007 1864
1007 1922
1008 1074
1008 1084
1008 1471
1008 1501
1009 1266
1009 1690
1010 1369
1010 1438
1010 1464
1010 1706
1010 1731
1010 1752
1010 1784
1010 1893
1011 1404
1011 1787
1011 1806
1012 1060
1012 1164
1012 1258
1012 1400
1012 1454
1012 1586
1012 1698
1013 1292
1013 1550
1013 1668
1013 1908
1014 1025
1014 1124
1014 1464
1015 1048
1015 1269
1015 1561
1016 1222
1016 1845
1016 1911
1017 1170
1017 1173
1017 1360
1017 1406
1017 1409
1017 1538
1017 1608
1017 1702
1018 1100
1018 1153
1018 1321
1018 1595
1018 1876
1019 1083
1019 1361
1019 1365
1019 1726
1019 1758
1019 1855
1019 1971
1020 1260
1020 1444
1020 1522
1020 1681
1020 1737
1020 1797
1020 1985
1021 1071
1021 1074
1021 1577
1021 1746
1022 1048
1022 1401
1022 1509
1022 1904
1023 1450
1023 1491
1023 1618
1023 1674
1024 1367
1024 1698
1024 1709
1024 1875
1025 1658
1025 1709
1025 1745
1026 1070
1026 1200
1026 1211
1026 1282
1026 1481
1026 1809
1027 1186
1027 1240
1028 1070
1028 1192
1028 1273
1028 1542
1028 1576
1028 1682
1029 1273
1029 1529
1030 1119
1030 1413
1030 1763
1030 1774
1030 1988
1031 1113
1031 1175
1031 1298
1031 1486
1031 1605
1031 1797
1031 1863
1031 1917
1032 1207
1032 1230
1032 1451
1032 1595
1032 1827
1033 1156
1033 1728
1033 1764
1034 1092
1034 1302
1034 1367
1034 1668
1034 1956
1035 1391
1035 1789
1035 1862
1035 1987
1036 1044
1036 1060
1036 1129
1036 1345
1036 1408
1036 1423
1036 1503
1036 1745
1036 1813
1037 1073
1037 1439
1037 1782
1038 1610
1038 1642
1038 1653
1038 1664
1038 1779
1038 1785
1039 1362
1039 1382
1039 1544
1039 1850
1039 1994
1040 1262
1040 1777
1041 1529
1041 1877
1042 1109
1042 1497
1042 1554
1043 1745
1043 1863
1043 1982
1044 1318
1044 1618
1044 1934
1044 1960
1045 1322
1045 1414
1045 1807
1046 1107
1046 1215
1046 1537
1046 1738
1046 1968
1047 1325
1048 1280
1048 1664
1049 1109
1049 1119
1049 1461
1049 1582
1049 1692
1049 1697
1049 1828
1049 1850
1049 1986
1050 1094
1050 1129
1050 1410
1050 1508
1050 1739
1050 1813
1050 1984
1051 1065
1051 1412
1051 1530
1051 1652
1051 1946
1052 1128
1052 1855
1053 1357
1053 1602
1053 1779
1054 1290
1054 1459
1054 1634
1054 1773
1054 1790
1054 1867
1054 1979
1055 1197
1055 1207
1055 1276
1055 1438
1055 1491
1055 1883
1056 1365
1056 1366
1056 1397
1057 1683
1057 1888
1057 1903
1057 1934
1057 1982
1058 1130
1058 1220
1058 1364
1058 1618
1059 1065
1059 1298
1059 1649
1059 1683
1059 1760
1059 1767
1060 1532
1060 1709
1060 1927
1061 1248
1061 1542
1061 1689
1061 1909
1062 1122
1062 1287
1062 1379
1063 1183
1063 1457
1063 1641
1063 1761
1063 1883
1064 1252
1064 1267
1064 1420
1064 1600
1064 1626
1065 1808
1066 1381
1066 1706
1066 1713
1067 1356
1067 1929
1068 1398
1068 1673
1068 1676
1068 1781
1068 1817
1068 1860
1069 1275
1069 1305
1069 1515
1069 1556
1069 1991
1070 1339
1070 1379
1070 1734
1070 1993
1071 1258
1071 1350
1071 1733
1071 1746
1071 1856
1072 1088
1072 1583
1072 1650
1072 1681
1073 1168
1073 1174
1073 1295
1073 1659
1074 1112
1074 1164
1074 1212
1074 1213
1074 1239
1074 1368
1074 1601
1074 1602
1075 1148
1075 1368
1075 1659
1076 1224
1076 1505
1076 1538
1078 1085
1078 1717
1078 1882
1078 1912
1078 1978
1079 1086
1079 1174
1079 1232
1079 1823
1080 1614
1080 1735
1080 1825
1080 1966
1081 1231
1081 1515
1081 1572
1081 1601
1081 1663
1081 1865
1082 1189
1082 1213
1082 1348
1083 1310
1083 1769
1084 1650
1084 1697
1084 1834
1085 1258
1085 1262
1085 1322
1085 1336
1085 1388
1085 1921
1086 1449
1086 1619
1087 1346
1087 1568
1087 1990
1088 1115
1088 1295
1088 1460
1088 1690
1088 1701
1088 1744
1089 1264
1089 1307
1089 1500
1089 1666
1089 1716
1089 1857
1089 1917
1090 1170
1090 1176
1090 1244
1090 1295
1090 1365
1090 1555
1090 1619
1091 1177
1091 1291
1091 1812
1092 1603
1092 1745
1093 1448
1093 1652
1094 1422
1094 1506
1094 1511
1095 1406
1095 1487
1095 1628
1095 1737
1096 1497
1096 1498
1096 1515
1096 1524
1096 1828
1097 1482
1097 1684
1097 1757
1097 1819
1097 1962
1098 1336
1098 1343
1098 1417
1098 1831
1098 1856
1099 1198
1099 1219
1099 1292
1099 1931
1100 1718
1100 1741
1100 1854
1100 1991
1101 1525
1102 1714
1103 1488
1103 1579
1103 1757
1103 1953
1103 1997
1104 1227
1104 1239
1104 1283
1104 1338
1104 1774
1104 1858
1104 1940
1105 1465
1105 1474
1105 1602
1105 1793
1106 1130
1106 1149
1106 1203
1106 1782
1106 1814
1107 1145
1107 1324
1108 1144
1108 1667
1108 1701
1108 1805
1108 1888
1109 1126
1109 1435
1109 1601
1109 1700
1109 1983
1110 1402
1110 1468
1110 1773
1110 1917
1111 1470
1111 1514
1111 1528
1111 1784
1111 1798
1111 1802
1111 1935
1111 1976
1112 1275
1112 1334
1112 1405
1112 1966
1113 1491
1113 1585
1113 1828
1113 1971
1114 1219
1114 1231
1114 1265
1114 1349
1114 1764
1114 1842
1114 1896
1115 1131
1115 1279
1115 1377
1115 1672
1115 1687
1115 1743
1115 1794
1116 1288
1116 1583
1116 1778
1116 1858
1116 1970
1117 1621
1117 1842
1117 1896
1117 1976
1117 1996
1118 1215
1118 1228
1118 1319
1118 1534
1118 1603
1119 1156
1119 1230
1119 1805
1120 1205
1120 1322
1120 1334
1120 1603
1120 1790
1121 1389
1121 1634
1121 1836
1121 1958
1122 1183
1122 1461
1122 1474
1122 1662
1123 1143
1123 1305
1123 1400
1124 1196
1124 1268
1124 1322
1124 1584
1124 1595
1125 1145
1125 1335
1125 1352
1125 1360
1125 1508
1125 1596
1125 1688
1125 1834
1125 1887
1126 1143
1126 1441
1127 1205
1128 1259
1128 1656
1128 1994
1129 1579
1129 1634
1129 1871
1129 1974
1130 1299
1130 1412
1130 1449
1130 1975
1131 1225
1131 1620
1131 1798
1132 1495
1132 1751
1132 1769
1132 1773
1132 1865
1132 1935
1133 1139
1133 1199
1133 1446
1134 1682
1134 1803
1135 1260
1135 1483
1135 1590
1135 1836
1136 1239
1136 1531
1136 1633
1136 1698
1136 1712
1136 1753
1137 1342
1137 1648
1137 1759
1137 1859
1138 1368
1138 1655
1138 1916
1139 1154
1139 1341
1139 1597
1139 1784
1139 1964
1139 1980
1140 1942
1141 1388
1141 1473
1141 1578
1141 1861
1141 1903
1141 1977
1142 1232
1142 1527
1142 1611
1142 1948
1143 1187
1143 1623
1143 1862
1144 1152
1144 1186
1144 1256
1144 1280
1144 1354
1144 1595
1144 1818
1145 1317
1145 1426
1145 1436
1145 1733
1145 1835
1145 1845
1145 1967
1146 1328
1147 1230
1147 1287
1147 1318
1147 1458
1147 1636
1147 1871
1148 1283
1148 1440
1148 1625
1148 1660
1148 1730
1148 1924
1149 1377
1149 1530
1149 1892
1149 1989
1150 1649
1150 1770
1151 1385
1151 1428
1151 1920
1152 1312
1152 1489
1152 1523
1152 1639
1153 1155
1153 1221
1154 1256
1154 1310
1154 1572
1154 1877
1155 1343
1155 1601
1155 1761
1155 1763
1156 1160
1156 1183
1156 1248
1156 1468
1156 1896
1156 1977
1157 1223
1157 1403
1157 1476
1157 1605
1157 1997
1158 1430
1158 1535
1158 1626
1158 1660
1158 1739
1158 1950
1158 1988
1159 1178
1159 1296
1159 1443
1159 1481
1159 1684
1159 1701
1159 1725
1159 1825
1159 1827
1159 1992
1160 1682
1160 1750
1161 1572
1161 1766
1161 1825
1161 1885
1162 1170
1162 1349
1162 1368
1162 1725
1162 1776
1163 1225
1163 1620
1163 1966
1164 1194
1164 1681
1164 1845
1165 1227
1165 1328
1165 1376
1165 1507
1166 1555
1166 1587
1166 1692
1166 1776
1167 1431
1167 1691
1167 1722
1168 1684
1169 1336
1169 1438
1169 1492
1170 1242
1170 1463
1170 1464
1170 1719
1170 1957
1171 1177
1171 1280
1171 1463
1171 1671
1171 1816
1173 1210
1173 1525
1173 1611
1173 1889
1173 1984
1174 1195
1174 1491
1174 1543
1174 1713
1174 1832
1174 1867
1175 1179
1175 1204
1175 1410
1175 1486
1175 1584
1175 1592
1175 1598
1175 1691
1175 1953
1176 1516
1176 1551
1176 1751
1176 1853
1176 1971
1177 1189
1177 1661
1177 1819
1177 1906
1178 1373
1178 1916
1179 1318
1179 1574
1179 1892
1179 1986
1180 1290
1180 1971
1181 1262
1181 1535
1181 1623
1181 1635
1181 1920
1182 1191
1182 1592
1182 1603
1182 1818
1183 1348
1183 1357
1183 1513
1183 1873
1184 1733
1184 1843
1184 1856
1184 1858
1184 1997
1185 1225
1185 1260
1185 1358
1185 1422
1185 1619
1185 1683
1185 1901
1185 1926
1186 1860
1186 1949
1187 1251
1187 1385
1187 1658
1187 1671
1188 1334
1188 1343
1188 1605
1189 1353
1189 1429
1189 1839
1189 1926
1190 1326
1190 1837
1191 1296
1191 1710
1192 1612
1193 1209
1193 1331
1193 1447
1193 1802
1194 1393
1194 1467
1194 1963
1195 1225
1195 1735
1195 1812
1196 1203
1196 1217
1196 1266
1197 1755
1197 1761
1198 1512
1198 1727
1198 1779
1198 1850
1199 1473
1199 1533
1200 1248
1200 1635
1200 1774
1201 1215
1201 1268
1201 1327
1201 1742
1201 1768
1202 1334
1202 1382
1202 1647
1202 1894
1203 1267
1203 1278
1203 1332
1203 1941
1203 1983
1204 1322
1204 1549
1204 1674
1204 1686
1204 1901
1204 1917
1205 1367
1205 1523
1206 1259
1206 1313
1206 1547
1206 1650
1206 1712
1206 1940
1207 1811
1207 1817
1207 1827
1207 1853
1208 1227
1208 1650
1208 1978
1209 1214
1209 1261
1209 1425
1209 1430
1209 1433
1209 1933
1211 1441
1211 1449
1212 1522
1212 1846
1213 1402
1214 1564
1214 1919
1215 1260
1215 1264
1215 1280
1215 1950
1216 1274
1216 1297
1216 1419
1216 1509
1216 1898
1216 1924
1217 1538
1217 1848
1217 1974
1218 1249
1219 1287
1219 1384
1219 1441
1219 1541
1219 1935
1219 1972
1221 1486
1221 1501
1221 1753
1222 1383
1222 1389
1222 1817
1223 1288
1223 1623
1223 1910
1223 1923
1224 1271
1224 1437
1224 1784
1225 1229
1225 1287
1225 1554
1225 1634
1225 1899
1226 1521
1226 1574
1226 1839
1226 1904
1227 1305
1227 1674
1228 1993
1230 1278
1230 1430
1230 1760
1231 1594
1231 1848
1231 1849
1232 1531
1233 1239
1233 1518
1233 1975
1234 1374
1234 1379
1234 1509
1234 1847
1235 1839
1236 1239
1237 1430
1237 1613
1237 1639
1237 1660
1237 1753
1237 1815
1237 1929
1238 1329
1238 1405
1238 1473
1239 1536
1239 1968
1240 1559
1240 1658
1240 1768
1240 1780
1241 1672
1241 1731
1241 1919
1241 1923
1242 1533
1242 1549
1242 1672
1242 1876
1242 1939
1242 1999
1243 1445
1243 1516
1243 1642
1243 1689
1243 1768
1243 1900
1245 1339
1245 1788
1245 1855
1245 1945
1246 1390
1246 1461
1246 1915
1246 1974
1247 1695
1247 1963
1248 1508
1248 1663
1248 1707
1248 1871
1248 1987
1249 1287
1249 1369
1249 1953
1250 1453
1250 1657
1250 1856
1251 1692
1251 1704
1251 1879
1252 1476
1252 1520
1253 1256
1253 1387
1253 1749
1254 1419
1254 1464
1254 1550
1254 1633
1255 1354
1255 1370
1255 1755
1255 1875
1256 1261
1256 1323
1256 1437
1257 1645
1257 1784
1258 1539
1258 1963
1259 1275
1259 1536
1259 1813
1260 1263
1260 1371
1260 1677
1260 1800
1260 1960
1261 1331
1261 1358
1261 1579
1261 1752
1262 1390
1262 1540
1262 1687
1262 1934
1263 1322
1263 1511
1263 1517
1263 1626
1263 1632
1263 1722
1264 1308
1264 1511
1264 1613
1264 1672
1264 1750
1264 1835
1265 1309
1265 1589
1265 1627
1265 1800
1265 1887
1266 1884
1267 1498
1267 1817
1268 1351
1268 1480
1269 1360
1269 1444
1270 1322
1270 1490
1270 1524
1270 1726
1270 1770
1271 1710
1271 1826
1271 1973
1272 1489
1272 1554
1272 1642
1272 1713
1273 1538
1273 1730
1274 1430
1274 1682
1274 1709
1274 1798
1274 1924
1274 1973
1274 1979
1275 1288
1275 1315
1276 1343
1276 1508
1276 1520
1276 1881
1277 1528
1277 1906
1278 1505
1278 1515
1279 1291
1279 1617
1279 1660
1280 1582
1280 1630
1280 1855
1281 1391
1281 1724
1281 1844
1282 1427
1282 1501
1282 1698
1282 1778
1282 1790
1283 1524
1283 1638
1284 1368
1284 1506
1284 1550
1284 1933
1285 1406
1285 1575
1285 1693
1286 1399
1286 1405
1286 1436
1286 1782
1287 1349
1287 1545
1287 1622
1287 1734
1287 1808
1288 1361
1288 1389
1288 1556
1288 1743
1288 1817
1288 1957
1289 1450
1289 1542
1289 1676
1289 1969
1290 1352
1290 1376
1290 1414
1290 1749
1290 1768
1291 1399
1291 1762
1291 1774
1291 1891
1292 1310
1292 1780
1292 1981
1293 1960
1295 1485
1295 1499
1295 1602
1295 1746
1296 1547
1296 1562
1296 1579
1296 1658
1297 1624
1297 1688
1297 1697
1297 1817
1297 1846
1298 1855
1299 1395
1299 1824
1299 1856
1300 1689
1301 1729
1301 1858
1302 1505
1302 1705
1302 1733
1302 1885
1302 1892
1302 1902
1303 1380
1303 1563
1303 1590
1303 1614
1303 1730
1304 1633
1304 1715
1304 1825
1304 1874
1305 1397
1305 1647
1306 1652
1306 1676
1306 1733
1307 1364
1307 1424
1307 1505
1307 1558
1308 1375
1308 1691
1309 1332
1309 1604
1310 1445
1310 1623
1311 1788
1311 1997
1312 1773
1312 1789
1313 1635
1313 1709
1313 1810
1313 1887
1314 1662
1314 1837
1315 1393
1315 1709
1315 1748
1316 1357
1316 1762
1316 1780
1317 1685
1317 1824
1317 1877
1318 1500
1318 1578
1318 1595
1318 1671
1318 1791
1318 1798
1319 1772
1319 1796
1319 1944
1320 1512
1320 1674
1320 1707
1320 1752
1321 1325
1321 1702
1322 1581
1322 1893
1323 1413
1323 1727
1323 1992
1324 1422
1324 1424
1324 1557
1324 1562
1324 1565
1324 1705
1325 1727
1325 1875
1326 1362
1326 1613
1326 1758
1326 1996
1327 1663
1327 1768
1328 1516
1329 1735
1329 1765
1329 1872
1329 1935
1330 1341
1330 1621
1330 1843
1331 1418
1332 1501
1332 1677
1332 1751
1332 1820
1333 1837
1334 1576
1335 1342
1335 1469
1335 1646
1336 1379
1336 1791
1337 1604
1337 1770
1338 1361
1338 1584
1338 1638
1338 1990
1339 1362
1339 1732
1340 1439
1340 1485
1340 1828
1340 1848
1340 1954
1341 1384
1341 1401
1341 1555
1341 1831
1342 1594
1342 1912
1342 1982
1343 1484
1343 1540
1343 1613
1343 1665
1343 1691
1343 1746
1343 1911
1343 1968
1345 1442
1345 1560
1345 1602
1346 1482
1346 1550
1347 1588
1347 1988
1348 1420
1348 1468
1349 1495
1349 1911
1350 1381
1350 1385
1350 1956
1351 1441
1351 1840
1352 1396
1353 1499
1353 1602
1353 1689
1353 1822
1354 1920
1355 1421
1356 1626
1356 1795
1357 1416
1357 1488
1357 1527
1357 1992
1358 1564
1358 1571
1359 1516
1359 1628
1360 1620
1361 1661
1361 1809
1362 1669
1362 1993
1363 1674
1363 1707
1363 1784
1364 1440
1365 1586
1365 1595
1365 1691
1365 1930
1366 1402
1366 1418
1366 1419
1366 1440
1366 1514
1366 1590
1366 1673
1366 1677
1366 1782
1366 1817
1367 1862
1368 1543
1368 1635
1368 1813
1369 1396
1369 1629
1369 1748
1370 1628
1370 1877
1371 1600
1371 1622
1371 1745
1372 1541
1372 1601
1372 1892
1372 1921
1373 1405
1373 1469
1373 1757
1374 1624
1374 1665
1374 1866
1374 1941
1375 1460
1375 1678
1375 1923
1376 1485
1377 1420
1377 1450
1377 1637
1377 1650
1377 1852
1378 1388
1378 1402
1378 1520
1378 1537
1379 1722
1379 1981
1380 1791
1381 1461
1381 1677
1381 1776
1381 1837
1381 1929
1382 1880
1383 1693
1383 1810
1384 1718
1385 1395
1385 1400
1385 1411
1387 1536
1388 1453
1388 1507
1388 1733
1388 1834
1389 1923
1389 1974
1390 1672
1390 1790
1390 1821
1390 1917
1391 1498
1391 1623
1392 1813
1393 1565
1393 1632
1395 1563
1395 2000
1396 1456
1396 1540
1396 1982
1397 1989
1398 1551
1398 1712
1398 1986
1399 1783
1399 1792
1401 1467
1401 1770
1401 1926
1402 1519
1402 1869
1403 1459
1403 1704
1403 1846
1404 1827
1405 1574
1405 1811
1405 1883
1406 1563
1406 1688
1406 1847
1408 1487
1409 1568
1409 1626
1409 1628
1409 1852
1410 1514
1410 1588
1410 1670
1411 1452
1412 1488
1412 1697
1412 1745
1415 1452
1415 1493
1415 1957
1416 1535
1417 1576
1418 1579
1418 1590
1418 1943
1419 1840
1419 1982
1420 1707
1421 1595
1421 1669
1422 1753
1422 1929
1423 1441
1423 1556
1423 1714
1423 1753
1424 1522
1424 1751
1424 1966
1425 1588
1425 1891
1425 1999
1427 1521
1427 1850
1427 1893
1427 1990
1428 1555
1428 1578
1430 1757
1432 1536
1432 1909
1433 1550
1433 1684
1433 1813
1433 1879
1433 1944
1433 1946
1434 1753
1435 1512
1435 1571
1435 1653
1435 1906
1436 1474
1436 1475
1436 1736
1436 1815
1436 1960
1437 1587
1437 1943
1438 1637
1439 1483
1439 1551
1439 1598
1439 1618
1439 1887
1440 1667
1441 1502
1441 1612
1441 1684
1441 1934
1442 1551
1442 1826
1443 1448
1443 1875
1444 1474
1444 1529
1444 1799
1444 1982
1445 1767
1446 1526
1446 1761
1447 1682
1447 1783
1448 1614
1448 1658
1448 1836
1449 1513
1449 1597
1449 1788
1449 1886
1449 1951
1450 1801
1450 1837
1450 1843
1450 1984
1451 1787
1451 1923
1451 2000
1452 1730
1453 1493
1453 1556
1455 1627
1455 1736
1455 1939
1456 1541
1456 1609
1457 1470
1457 1740
1457 1871
1458 1477
1458 1935
1459 1859
1460 1479
1460 1640
1461 1517
1461 1527
1461 1618
1461 1734
1461 1877
1461 1915
1463 1834
1463 1989
1464 1578
1464 1812
1465 1972
1467 1518
1467 1550
1467 1650
1467 1707
1467 1853
1467 1926
1468 1912
1469 1803
1469 1916
1469 1926
1469 1950
1469 1953
1470 1484
1470 1649
1471 1597
1471 1917
1471 1950
1474 1548
1474 1700
1475 1791
1478 1545
1479 1568
1479 1598
1479 1621
1479 1820
1480 1743
1480 1788
1481 1697
1482 1575
1482 1962
1482 1995
1483 1679
1484 1495
1485 1507
1485 1899
1486 1598
1486 1793
1486 1885
1487 1617
1487 1929
1488 1576
1488 1837
1488 1887
1489 1807
1489 1819
1489 1969
1490 1594
1490 1753
1490 1772
1490 1832
1490 1854
1490 1970
1491 1769
1492 1783
1492 1866
1493 1642
1493 1735
1493 1789
1493 1872
1494 1644
1494 1867
1494 1887
1494 1913
1494 1937
1495 1670
1495 1679
1495 1740
1495 1770
1496 2000
1497 1558
1497 1701
1498 1901
1498 1924
1499 1540
1499 1668
1500 1704
1500 1756
1500 1926
1500 1994
1502 1610
1502 1670
1503 1728
1503 1979
1503 1993
1504 1681
1504 1695
1504 1731
1506 1604
1506 1660
1506 1922
1507 1529
1507 1833
1508 1718
1508 1796
1508 1837
1508 1967
1508 1973
1510 1635
1510 1816
1511 1747
1511 1783
1511 1857
1512 1696
1513 1561
1513 1741
1513 1985
1514 1546
1514 1672
1514 1752
1514 1846
1514 1909
1515 1645
1516 1802
1517 1733
1518 1818
1519 1673
1522 1596
1522 1637
1522 1663
1522 1748
1522 1987
1523 1750
1524 1571
1526 1560
1526 1778
1526 1875
1526 1877
1526 1897
1527 1600
1527 1752
1527 1896
1528 1593
1528 1646
1530 1580
1531 1566
1531 1571
1531 1605
1531 1763
1532 1844
1532 1924
1533 1751
1533 1933
1534 1922
1534 1930
1535 1660
1535 1920
1537 1867
1539 1729
1540 1595
1540 1614
1540 1930
1541 1584
1541 1775
1541 1929
1542 1636
1542 1966
1543 1927
1544 1749
1544 1896
1544 1908
1544 1928
1545 1550
1545 1905
1546 1707
1547 1621
1547 1835
1548 1613
1549 1625
1550 1620
1550 1677
1550 1837
1550 1881
1550 1925
1551 1679
1551 1880
1552 1700
1552 1886
1553 1611
1553 1738
1554 1630
1554 1737
1554 1790
1555 1706
1555 1791
1556 1787
1557 1953
1558 1636
1558 1649
1558 1937
1559 1748
1559 1917
1560 1888
1561 1573
1561 1706
1561 1829
1562 1741
1562 1914
1562 1925
1563 1636
1563 1740
1563 1930
1564 1706
1564 1718
1564 1768
1564 1919
1567 1833
1567 1966
1568 1738
1569 1732
1569 1742
1569 1770
1570 1594
1570 1851
1570 1885
1570 1958
1571 1591
1571 1767
1571 1833
1571 1917
1571 1930
1572 1597
1573 1716
1574 1613
1574 1972
1575 1646
1576 1602
1576 1777
1576 1848
1577 1904
1577 1973
1578 1766
1578 1970
1579 1710
1579 1920
1580 1855
1581 1654
1581 1698
1582 1645
1582 1693
1582 1875
1582 1926
1583 1772
1584 1757
1585 1880
1586 1609
1586 1640
1586 1959
1587 1627
1587 1803
1588 1763
1589 1624
1589 1789
1589 1979
1589 1986
1589 1991
1590 1990
1591 1659
1591 1944
1591 1961
1592 1596
1592 1674
1592 1853
1593 1702
1593 1916
1594 1958
1595 1610
1595 1636
1595 1998
1596 1644
1596 1661
1596 1735
1597 1914
1598 1806
1599 1719
1600 1690
1600 1693
1600 1735
1600 1762
1601 1691
1601 1802
1602 1734
1602 1931
1603 1640
1603 1714
1603 1918
1605 1658
1606 1640
1606 1690
1606 1859
1607 1638
1607 1909
1607 1924
1608 1793
1608 1889
1610 1676
1610 1796
1611 1758
1611 1765
1611 1790
1611 1832
1612 1769
1612 1780
1612 1832
1612 1991
1613 1926
1614 1639
1614 1706
1615 1687
1615 1742
1615 1894
1616 1857
1616 1888
1617 1726
1617 1903
1618 1675
1618 1899
1619 1626
1619 1770
1619 1930
1620 1629
1620 1780
1621 1773
1622 1950
1623 1697
1624 1703
1624 1915
1625 1867
1625 1976
1625 1992
1626 1990
1628 1803
1629 1732
1630 1764
1630 1813
1632 1842
1633 1728
1634 1637
1634 1990
1635 1736
1635 1829
1635 1917
1636 1711
1636 1856
1637 1658
1637 1698
1638 1697
1638 1809
1639 1667
1640 1860
1642 1705
1643 1933
1644 1776
1644 1896
1645 1657
1645 1674
1645 1682
1646 1797
1646 1866
1646 1932
1647 1844
1648 1706
1649 1752
1650 1681
1650 1753
1652 1849
1653 1695
1655 1935
1656 1708
1656 1885
1658 1673
1659 1917
1660 1837
1661 1672
1661 1684
1661 1810
1661 1889
1661 1969
1662 1972
1662 1977
1664 1722
1666 1668
1666 1705
1667 1939
1668 1890
1668 1913
1668 1955
1670 1736
1670 1862
1671 1822
1671 1972
1673 1842
1673 1962
1674 1807
1675 1755
1675 1858
1677 1740
1677 1878
1677 1911
1680 1775
1680 1880
1680 1907
1681 1718
1681 1831
1682 1832
1682 1848
1682 1959
1683 1761
1683 1921
1684 1967
1685 1702
1685 1813
1685 1858
1686 1690
1686 1824
1686 1986
1687 1752
1688 1888
1691 1771
1691 1991
1692 1761
1692 1972
1693 1937
1694 1744
1694 1823
1694 1891
1694 1967
1695 1698
1695 1941
1697 1723
1699 1907
1700 1854
1700 1976
1701 1891
1701 1991
1703 1899
1704 1712
1705 1869
1705 1963
1706 1791
1706 1894
1706 1967
1707 1847
1709 1959
1710 1726
1711 1880
1714 1975
1715 1781
1715 1802
1716 1935
1717 1986
1718 1940
1718 1970
1723 1792
1723 1914
1724 1745
1724 1747
1724 1831
1724 1933
1725 1883
1726 1877
1726 1982
1728 1987
1729 1943
1729 1960
1730 1742
1730 1951
1732 1943
1732 1978
1734 1752
1734 1846
1734 1893
1734 1923
1734 1945
1735 1965
1738 1902
1739 1758
1739 1847
1739 1877
1739 1890
1739 1901
1740 1971
1741 1743
1741 1888
1742 1814
1742 1907
1743 1773
1745 1758
1747 1758
1747 1781
1751 1775
1753 1773
1754 1873
1755 1774
1755 1834
1755 1878
1756 1898
1758 1812
1758 1840
1759 1802
1759 1827
1759 1992
1760 1856
1761 1923
1761 1924
1762 1867
1763 1915
1763 1956
1765 1793
1770 1822
1770 1842
1770 1977
1772 1828
1772 1903
1773 1812
1776 1864
1778 1790
1779 1942
1780 1797
1780 1909
1780 2000
1783 1813
1783 1841
1785 1968
1786 1834
1787 1897
1788 1907
1789 1802
1789 1906
1789 1933
1790 1948
1791 1809
1791 1923
1791 1984
1792 1871
1792 1938
1793 1861
1793 1892
1793 1933
1795 1964
1797 1932
1797 1942
1798 1845
1798 1908
1802 1949
1803 1816
1803 1829
1803 1880
1805 1936
1806 1922
1807 1977
1809 1848
1812 1865
1812 1948
1812 1957
1814 1916
1817 1940
1818 1832
1820 1879
1820 1971
1821 1910
1821 1953
1822 1828
1822 1853
1825 1886
1825 1993
1825 1999
1829 1838
1833 1872
1833 1892
1835 1987
1838 1869
1839 1975
1840 1863
1844 1849
1849 1936
1861 1927
1863 1874
1863 1901
1865 1941
1868 1898
1868 1909
1873 1992
1878 1922
1881 1921
1881 1927
1881 1976
1888 1988
1892 1971
1893 1960
1894 1938
1894 1968
1894 1988
1898 1973
1904 1943
1908 1915
1912 1987
1916 1932
1920 1977
1922 1980
1929 1998
1933 1998
1935 1957
1937 1957
1946 1993
1948 1977
1950 1964
1955 1991
1957 1964
1964 1976
1970 1982
1983 1985
