2000
1 405
1 448
1 1161
1 1245
1 1501
1 1806
1 1921
2 560
2 691
2 1565
2 1675
2 1711
2 1778
2 1893
2 1988
3 439
3 575
3 1066
3 1382
3 1533
3 1898
4 310
4 1298
4 1697
4 1752
5 491
5 1163
5 1178
5 1360
5 1579
5 1756
5 1940
6 102
6 451
6 567
6 660
6 731
6 1098
6 1980
7 259
7 276
7 393
7 646
7 815
7 942
7 1002
7 1027
7 1049
7 1056
7 1754
7 1959
8 937
8 1374
8 1670
8 1951
9 329
9 428
9 688
9 723
9 1021
10 386
10 698
10 1041
10 1192
10 1326
10 1501
10 1510
10 1712
10 1929
11 299
11 315
11 1128
11 1146
11 1147
11 1176
11 1221
11 1314
11 1480
11 1672
11 1796
11 1990
12 223
12 312
12 382
12 590
12 839
12 1037
12 1115
12 1267
12 1800
12 1876
13 533
13 625
13 710
13 712
13 945
13 1206
13 1537
13 1583
13 1589
13 1623
13 1784
13 1859
13 1929
14 179
14 265
14 280
14 704
14 1187
14 1906
15 24
15 614
15 801
15 903
15 1014
15 1250
15 1386
15 1543
15 1898
16 1245
17 484
17 1470
17 1810
18 26
18 148
18 517
18 826
18 974
18 1498
18 1777
18 1779
18 1817
18 1954
19 115
19 228
19 320
19 405
19 604
19 828
19 1031
19 1491
19 1567
19 1595
19 1776
20 58
20 1685
20 1815
21 264
21 474
21 1184
21 1469
21 1613
21 1667
21 1901
21 1971
22 40
22 457
22 683
22 870
22 1080
22 1229
22 1437
22 1441
22 1631
23 555
23 687
23 956
23 1017
23 1128
23 1355
23 1635
23 1691
24 100
24 341
24 881
24 1022
24 1054
24 1129
24 1186
24 1271
24 1452
24 1709
25 282
25 375
25 507
25 949
25 1510
25 1677
25 1681
26 230
26 1007
26 1096
26 1658
26 1904
26 1963
26 1981
27 79
27 379
27 662
27 1119
27 1300
27 1409
27 1507
27 1745
28 917
28 972
28 973
28 998
28 1290
28 1392
28 1476
28 1663
28 1794
28 1939
29 52
29 254
29 261
29 265
29 311
29 866
29 1163
29 1301
29 1406
29 1412
29 1483
29 1651
29 1876
29 1928
29 1929
30 501
30 557
30 895
30 1193
30 1276
30 1787
30 1972
31 621
31 1093
31 1262
31 1269
31 1348
32 126
32 396
32 467
32 551
32 715
32 841
32 1488
32 1523
32 1716
32 1822
32 1835
32 1896
32 1935
33 169
33 374
33 502
33 533
33 552
33 557
33 646
33 725
33 835
33 921
33 1620
33 1696
34 113
34 154
34 812
34 1243
34 1368
34 1629
34 1986
34 1999
35 234
35 272
35 308
35 1109
35 1177
35 1602
35 1961
36 151
36 422
36 484
36 961
36 1140
36 1838
36 1863
37 486
37 814
37 1026
37 1528
37 1608
37 1905
37 1929
38 156
38 362
38 580
38 708
38 795
38 885
38 1084
38 1241
38 1399
38 1456
38 1491
38 1989
39 200
39 1006
39 1113
39 1344
39 1392
39 1516
40 60
40 162
40 670
40 1011
40 1022
40 1785
41 120
41 217
41 237
41 526
41 633
41 656
41 686
41 1104
41 1131
41 1359
41 1419
41 1695
41 1725
41 1887
42 608
42 657
42 857
42 1992
43 203
43 258
43 350
43 387
43 566
43 796
43 1141
43 1684
43 1829
43 1972
44 594
44 600
44 615
44 637
44 826
44 847
44 868
44 911
44 1451
44 1738
44 1745
44 1865
44 1930
45 130
45 315
45 911
45 967
45 1725
45 1841
46 230
46 289
46 613
46 1360
46 1394
46 1493
46 1905
46 1977
46 1980
47 105
47 507
47 1589
47 1867
48 72
48 159
48 227
48 384
48 1252
49 327
49 698
49 733
49 838
49 872
49 1349
49 1403
49 1544
49 1549
49 1907
49 1997
50 873
50 1332
50 1380
50 1447
50 1830
51 194
51 312
51 849
51 1911
52 454
52 565
52 1325
52 1551
52 1727
52 1734
52 1879
52 1893
53 426
53 520
53 542
53 800
53 1106
53 1296
53 1689
53 1749
54 88
54 283
54 318
54 837
54 1077
54 1325
54 1347
54 1392
54 1545
54 1553
54 1827
55 481
55 857
55 1040
55 1206
55 1858
56 540
56 765
56 875
56 1521
56 1776
56 1848
56 1934
56 1952
57 246
57 714
57 748
57 829
57 832
57 1126
57 1243
57 1413
57 1430
57 1597
58 206
58 455
58 621
58 659
58 666
58 1182
58 1281
58 1292
58 1535
58 1558
58 1662
58 1691
58 1869
58 1956
58 1959
59 204
59 207
59 326
59 766
59 946
59 1278
59 1297
59 1623
59 1738
59 1764
60 281
60 824
60 836
60 851
60 889
60 1717
60 1787
61 227
61 240
61 835
61 1098
61 1187
61 1497
61 1590
61 1593
61 1690
61 1882
61 1994
62 1081
62 1847
62 1966
62 1979
63 101
63 414
63 494
63 563
63 749
63 813
63 1271
64 174
64 201
64 527
64 1237
64 1336
64 1479
64 1880
64 1901
65 911
65 1121
65 1287
65 1397
65 1434
65 1678
65 1703
65 1866
66 503
66 1424
66 1552
66 1644
67 122
67 312
67 444
67 572
67 779
67 1288
67 1326
67 1356
68 90
68 371
68 383
68 731
68 921
68 1048
68 1049
68 1261
69 362
69 572
69 926
69 1090
69 1145
69 1345
69 1738
69 1775
70 120
70 138
70 256
70 684
70 908
70 1680
70 1964
71 122
71 154
71 217
71 224
71 265
71 275
71 332
71 704
71 774
71 783
71 1263
71 1960
72 630
72 738
72 1471
72 1500
72 1982
72 2000
73 1182
73 1222
73 1511
73 1614
74 260
74 711
74 1291
74 1386
74 1392
74 1537
74 1683
74 1919
75 1350
75 1357
75 1375
75 1615
75 1844
76 1182
76 1200
76 1287
76 1404
77 88
77 220
77 340
77 779
77 837
77 855
77 1000
77 1702
77 1931
78 556
78 685
78 850
78 954
78 1911
79 327
79 717
79 1031
79 1118
79 1397
79 1717
80 108
80 173
80 232
80 311
80 440
80 666
80 1444
80 1559
80 1740
81 97
81 128
81 801
81 855
81 895
81 1018
81 1053
81 1402
81 1447
81 1552
81 1740
82 281
82 497
82 620
82 991
82 1269
82 1436
82 1542
83 121
83 250
83 706
83 807
83 1003
83 1059
83 1227
83 1465
83 1494
83 1693
83 1761
84 383
84 716
84 1117
84 1355
84 1478
85 315
85 393
85 413
85 667
85 722
85 1123
85 1234
85 1266
85 1371
85 1820
86 101
86 168
86 939
86 1538
86 1636
86 1783
87 327
87 358
87 934
87 955
87 1053
87 1129
87 1209
87 1455
87 1500
87 1716
87 1969
88 123
88 274
88 512
88 542
88 801
88 1050
88 1129
88 1147
88 1333
88 1719
88 1823
89 529
89 797
89 889
89 910
89 1125
89 1388
89 1455
90 298
90 370
90 498
90 587
90 1293
90 1883
90 1904
91 258
91 658
91 980
91 1039
91 1066
91 1409
91 1570
91 1666
91 1841
91 1986
92 456
92 1126
92 1489
92 1658
93 148
93 659
93 1782
94 182
94 770
94 997
94 1408
94 1541
95 181
95 359
95 1272
95 1301
96 138
96 161
96 301
96 669
96 710
96 856
96 1044
96 1477
96 1743
97 347
97 461
97 692
97 1274
97 1646
97 1878
98 281
98 399
98 661
98 725
98 1460
99 112
99 305
99 504
99 808
99 971
99 1017
100 504
100 506
100 519
100 541
100 1052
100 1147
100 1329
100 1615
100 1671
100 1810
100 1818
101 105
101 737
101 804
101 831
101 1087
101 1232
101 1386
101 1410
101 1413
101 1493
101 1514
101 1574
101 1708
101 1730
102 558
102 613
102 716
102 902
102 1450
102 1900
103 270
103 412
103 445
103 914
103 1912
104 239
104 474
104 602
104 914
104 1083
104 1185
104 1210
104 1427
104 1529
104 1912
104 1935
105 221
105 269
105 363
105 373
105 380
105 785
105 1011
105 1345
105 1690
105 1877
105 1960
106 652
106 728
106 817
106 1330
106 1674
106 1702
106 1885
107 200
107 819
107 1249
107 1389
107 1448
108 364
108 681
108 1253
108 1285
108 1947
109 229
109 458
109 651
109 720
109 727
109 1195
109 1674
109 1854
110 244
110 722
110 949
110 1481
110 1627
111 211
111 426
111 751
111 971
111 1349
111 1439
111 1442
111 1457
111 1474
111 1627
111 1635
111 1803
112 677
112 818
112 1126
112 1879
113 281
113 987
113 1480
113 1485
113 1575
113 1835
114 199
114 525
114 611
114 738
114 1059
114 1202
114 1426
114 1955
115 222
115 404
115 433
115 572
115 699
115 708
115 771
115 787
115 1002
115 1101
115 1377
115 1812
115 1927
116 329
116 334
116 734
116 1046
116 1442
116 1576
116 1684
116 1911
117 292
117 562
117 563
117 749
117 1654
117 1709
117 1850
117 2000
118 267
118 1395
118 1461
118 1524
118 1821
119 471
119 1036
119 1055
119 1222
119 1757
120 150
120 214
120 509
120 620
120 1315
120 1380
120 1570
120 1653
120 1657
121 445
121 1162
121 1169
121 1678
121 1771
121 1951
122 147
122 435
122 601
122 654
122 1072
122 1187
122 1669
122 1918
123 910
123 1072
123 1125
123 1928
124 291
124 640
124 779
124 793
124 1112
124 1222
124 1486
124 1753
124 1984
125 512
125 562
125 895
125 920
125 1075
125 1139
125 1433
125 1459
126 174
126 234
126 364
126 553
126 608
126 787
126 1023
126 1460
126 1680
126 1923
127 147
127 343
127 443
127 475
127 482
127 827
127 910
127 994
127 1279
127 1493
127 1552
127 1590
127 1742
128 320
128 803
128 1282
129 148
129 166
129 504
129 753
129 882
129 898
129 1065
129 1105
129 1423
129 1486
129 1665
129 1691
129 1946
130 184
130 223
130 662
130 817
130 920
130 1098
130 1104
130 1388
130 1782
131 227
131 332
131 518
131 586
131 665
131 881
131 919
131 1075
131 1434
131 1464
131 1588
131 1632
131 1720
132 242
132 1134
132 1265
132 1674
132 1806
132 1807
133 441
133 685
133 803
133 859
133 1247
133 1613
133 1741
133 1858
134 524
134 723
134 1189
134 1494
134 1999
135 318
135 918
135 981
135 1069
135 1212
135 1317
135 1662
135 1875
135 1972
136 620
136 755
136 788
136 843
136 885
136 1158
136 1178
136 1732
136 1931
137 305
137 824
137 949
137 1210
137 1670
138 451
138 881
138 922
138 1206
138 1315
139 293
139 358
139 469
139 559
139 775
139 862
139 1123
139 1130
139 1152
139 1225
139 1260
139 1533
139 1844
139 1904
140 160
140 167
140 416
140 593
140 991
140 1049
140 1079
140 1163
140 1385
140 1433
140 1619
141 788
141 1299
141 1598
141 1689
141 1948
142 260
142 412
142 747
142 1322
142 1326
142 1620
142 1691
142 1693
143 224
143 277
143 929
143 1031
143 1159
144 184
144 261
144 411
144 582
144 740
144 784
144 788
144 1282
144 1464
144 1685
144 1857
145 175
145 202
145 356
145 464
145 493
145 500
145 967
145 1052
145 1245
145 1277
145 1422
145 1435
145 1568
146 367
146 456
146 832
147 192
147 299
147 651
147 1017
147 1727
147 1917
148 302
148 498
148 633
148 1226
148 1529
148 1671
148 1981
149 846
149 945
149 1163
149 1205
149 1298
149 1743
149 1752
149 1827
149 1910
149 1935
149 1938
150 228
150 636
150 730
150 1086
150 1595
150 1652
151 744
151 814
151 1476
151 1558
152 774
152 1090
153 601
153 1316
153 1698
154 425
154 566
154 701
154 703
154 733
154 817
154 981
154 1110
154 1261
154 1364
154 1397
154 1884
154 1928
154 1941
154 1997
155 306
155 532
155 555
155 1145
155 1165
155 1682
155 1750
155 1871
156 819
156 1267
156 1971
157 327
157 988
157 1158
157 1192
157 1216
157 1507
157 1642
158 374
158 608
158 731
158 767
158 1015
158 1143
158 1382
158 1479
159 232
159 536
159 585
159 597
159 1810
159 1965
160 407
160 432
160 1162
160 1268
160 1531
160 1742
160 1846
161 220
161 294
161 495
161 498
161 530
161 999
161 1191
161 1630
161 1776
161 1876
161 1908
161 1960
162 303
162 977
162 1157
162 1378
162 1834
163 666
163 721
163 1108
163 1739
163 1883
164 1320
164 1351
164 1586
165 175
165 485
165 509
165 515
165 850
165 895
165 927
165 1534
165 1917
166 401
166 525
166 534
166 604
166 1003
166 1048
166 1228
166 1344
166 1395
166 1418
166 1458
166 1737
167 290
167 1470
167 1791
167 1863
167 1904
167 1966
168 403
168 821
168 1011
168 1473
168 1581
168 1641
168 1957
169 381
169 769
169 979
169 1000
169 1103
169 1392
169 1438
169 1552
169 1657
170 260
170 429
170 527
170 906
170 976
170 989
170 1075
170 1137
170 1810
170 1835
170 1946
171 270
171 421
171 507
171 845
171 984
171 1101
171 1107
171 1366
171 1987
172 445
172 622
172 708
172 870
172 882
173 175
173 311
173 351
173 446
173 808
173 944
173 946
173 1369
173 1517
173 1655
173 1996
174 1559
174 1635
174 1799
174 1977
175 528
175 993
175 1133
175 1520
176 404
176 480
176 610
176 675
176 832
176 943
176 1109
176 1349
176 1376
176 1449
176 1819
176 1972
177 184
177 285
177 429
177 715
177 962
177 1857
178 328
178 341
178 423
178 1770
178 1891
179 306
179 750
179 772
179 830
179 916
179 1210
179 1227
179 1535
179 1609
179 1953
180 251
180 258
180 264
180 720
180 816
180 1807
180 1818
181 355
181 959
181 1578
181 1716
181 1776
182 432
182 971
182 1010
182 1212
182 1308
182 1577
182 1821
182 1907
183 908
183 1259
183 1280
183 1355
183 1428
183 1779
184 337
184 421
184 502
184 762
184 1143
184 1293
184 1294
184 1384
184 1405
185 247
185 466
185 1052
185 1096
185 1375
185 1472
185 1707
185 1787
186 846
186 914
186 924
186 1437
186 1581
186 1633
186 1901
186 1919
186 1947
187 419
187 526
187 601
187 1622
187 1737
188 337
188 339
188 1995
189 1278
189 1512
190 842
190 1038
190 1161
190 1241
190 1291
190 1350
190 1733
190 1888
190 1904
191 1121
191 1128
191 1161
191 1327
191 1863
191 1920
192 622
192 653
192 788
192 1091
192 1296
192 1441
192 1456
192 1474
192 1554
192 1770
192 1818
193 438
193 565
193 1105
193 1246
193 1484
193 1502
193 1576
194 329
194 401
194 449
194 1537
195 655
195 673
195 1190
195 1191
195 1520
195 1543
196 609
196 986
196 1102
196 1252
196 1510
196 1778
197 268
197 688
197 958
197 1784
198 210
198 303
198 1002
198 1014
198 1392
198 1686
199 261
199 568
199 587
199 842
199 1010
199 1143
199 1524
199 1594
199 1752
200 222
200 290
200 432
200 664
200 940
200 1363
200 1890
200 1981
201 365
201 548
201 576
201 614
201 623
202 205
202 667
202 815
202 967
202 1543
203 215
203 398
203 451
203 1129
203 1427
203 1702
203 1830
203 1920
204 235
204 268
204 398
204 1285
204 1829
204 1899
204 1905
205 585
205 1511
205 1608
205 1669
206 369
206 666
206 755
206 1404
206 1604
206 1707
207 320
207 364
207 668
207 781
207 804
207 879
207 1357
207 1602
209 357
209 530
209 885
209 1059
209 1105
209 1238
209 1713
209 1731
209 1772
210 355
210 408
210 530
210 565
210 681
210 793
210 1016
210 1296
210 1493
211 325
211 351
211 705
211 801
211 1123
211 1607
212 607
212 688
212 941
212 1346
212 1735
213 305
213 525
213 546
213 729
213 1021
213 1150
213 1399
213 1435
213 1486
213 1496
213 1769
213 1938
214 487
214 615
214 638
214 1676
214 1683
214 1747
214 1771
215 753
215 871
215 1071
215 1657
216 313
216 322
216 434
216 1252
216 1574
216 1619
216 1700
216 1769
217 797
217 1227
217 1492
217 1746
218 253
218 778
218 960
218 1107
218 1176
218 1202
219 843
219 1937
220 655
220 861
220 1040
220 1340
220 1477
221 258
221 386
221 690
221 725
221 777
221 824
221 847
221 1035
221 1427
221 1477
221 1547
221 1560
221 1988
222 799
222 896
222 1018
222 1287
222 1550
222 1630
222 1757
222 1794
222 1946
222 1966
223 345
223 654
223 1300
223 1604
224 286
224 541
224 653
224 671
224 731
224 915
224 987
224 1029
224 1240
224 1360
224 1494
225 469
225 876
225 895
225 1133
225 1435
225 1776
225 1890
226 257
226 783
226 1546
227 469
227 561
227 670
227 908
227 1168
227 1415
227 1431
227 1462
227 1557
227 1906
228 422
228 428
228 659
228 727
228 842
228 1663
228 1849
229 670
229 752
229 935
229 982
229 1230
229 1252
229 1530
229 1556
229 1932
230 250
230 301
230 307
230 724
230 955
230 1272
231 279
231 448
231 698
231 745
231 1885
232 949
232 1665
233 454
233 500
233 599
233 676
233 1070
233 1697
234 977
234 978
234 1109
234 1471
234 1602
234 1799
234 1812
235 520
235 677
235 788
235 814
235 930
235 962
235 1147
235 1565
235 1733
235 1871
236 263
236 919
236 1283
236 1350
236 1352
236 1369
236 1542
236 1835
237 321
237 361
237 474
237 1020
237 1269
237 1814
238 574
238 822
238 1212
238 1674
238 1715
238 1921
239 319
239 1281
239 1304
240 254
240 775
240 812
240 820
240 893
240 1065
240 1093
240 1379
240 1433
240 1458
240 1740
240 1796
240 1988
241 466
241 503
241 612
241 761
241 1229
241 1383
241 1421
241 1754
242 483
242 1473
242 1550
242 1771
243 255
243 396
243 964
243 1005
243 1118
243 1212
243 1989
244 363
244 733
244 1111
244 1222
244 1270
244 1620
244 1974
245 277
245 587
245 995
245 1030
245 1844
246 461
246 499
246 601
246 877
246 954
246 1829
247 304
247 637
247 990
247 1126
247 1160
247 1224
247 1287
247 1333
247 1415
247 1589
247 1690
247 1946
248 455
248 466
248 641
248 959
248 1102
248 1188
248 1510
248 1897
249 262
249 473
249 644
249 763
249 1349
249 1376
249 1902
249 1949
250 631
250 1109
250 1138
250 1374
250 1377
250 1777
250 1804
250 1933
250 1994
251 462
251 766
251 862
251 1403
251 1499
251 1566
251 1645
251 1739
251 1840
252 589
252 867
252 912
252 1038
252 1809
252 1887
253 343
253 1210
253 1832
253 1995
254 483
254 1029
254 1045
254 1323
254 1846
255 581
255 593
255 705
255 838
255 943
255 1104
255 1566
256 292
256 403
256 894
256 1003
256 1040
256 1150
256 1297
256 1357
256 1402
256 1515
256 1786
257 411
257 564
257 578
257 782
257 815
257 1475
257 1650
257 1782
257 1877
258 654
258 946
258 1120
258 1295
258 1323
258 1373
258 1639
259 370
259 406
259 831
259 1132
259 1160
259 1295
259 1456
259 1530
259 1646
259 1847
259 1948
260 376
260 419
260 607
260 668
260 766
260 768
260 1051
260 1114
260 1150
260 1274
260 1359
260 1461
260 1571
260 1808
261 317
261 403
261 577
261 578
261 1204
261 1721
261 1727
262 622
262 1501
262 1649
262 1750
262 1904
263 469
263 698
263 777
263 1120
263 1706
263 1813
263 1987
264 638
264 670
264 867
264 1122
264 1259
264 1340
264 1365
264 1459
264 1952
265 511
265 837
265 876
265 1009
265 1126
265 1325
265 1906
266 353
266 719
266 1144
266 1993
267 474
267 581
267 724
267 768
267 833
267 969
267 1006
267 1116
267 1578
267 1979
268 385
268 415
268 426
268 1194
268 1214
268 1723
268 1862
269 374
269 607
269 923
269 943
269 1053
269 1061
269 1198
269 1348
269 1435
269 1887
270 422
270 495
270 518
270 715
270 869
270 1300
270 1740
271 623
271 1118
271 1302
271 1492
271 1625
271 1811
272 374
272 1038
272 1199
272 1421
272 1711
272 1808
272 1830
272 1831
273 516
273 537
273 644
273 787
273 1000
273 1180
273 1330
273 1480
273 1522
273 1550
274 281
274 402
274 1466
274 1558
274 1829
274 1830
274 1978
275 429
275 664
275 782
275 1183
275 1350
275 1538
275 1838
275 1860
275 1905
276 293
276 327
276 390
276 450
276 859
276 1254
276 1263
276 1508
276 1592
276 1961
277 416
277 699
277 1134
277 1316
278 299
278 558
278 675
278 678
278 849
278 947
278 1171
278 1314
278 1634
278 1715
278 1768
278 1898
279 295
279 711
279 1324
279 1381
279 1812
279 1883
279 1972
280 295
280 689
280 726
280 1480
280 1537
280 1807
280 1825
281 724
281 773
281 916
281 1210
281 1360
281 1471
281 1541
281 1709
281 1744
281 1875
282 320
282 468
282 588
282 725
282 743
282 807
282 955
282 1013
282 1087
282 1305
282 1408
282 1440
282 1550
282 1605
283 400
283 405
283 433
283 455
283 469
283 508
283 1134
283 1178
284 447
284 786
284 853
284 871
284 1864
284 1881
284 1953
285 459
285 833
285 925
285 1004
285 1096
285 1497
285 1508
285 1672
285 1687
285 1689
286 424
286 428
286 621
286 717
286 726
286 920
286 940
286 1222
286 1621
286 1695
286 1772
286 1796
286 1825
287 361
287 549
287 590
287 679
287 722
287 833
287 878
287 916
287 965
287 1499
288 341
288 516
288 684
288 748
288 807
288 879
288 893
288 944
288 1127
288 1524
288 1693
288 1775
288 1962
289 567
289 681
289 1576
289 1696
289 1730
289 1917
290 1348
290 1983
291 454
291 785
291 1582
292 342
292 1359
292 1660
292 1692
292 1744
292 1894
292 1949
293 911
293 1253
293 1290
293 1327
293 1337
293 1362
293 1375
293 1419
293 1579
293 1769
293 1801
293 1903
294 741
294 829
294 847
294 881
294 1260
294 1320
294 1414
294 1754
295 565
295 585
295 629
295 957
295 1150
295 1669
295 1884
296 465
296 703
296 1014
296 1093
296 1326
296 1433
296 1795
297 531
297 787
297 909
297 923
297 1185
297 1306
297 1410
297 1892
297 1971
298 467
298 1006
298 1035
298 1199
298 1404
298 1816
299 525
299 591
299 689
299 712
299 955
299 1574
300 386
300 895
300 1435
300 1583
300 1680
300 1940
300 1970
301 873
301 1074
301 1076
302 810
302 910
302 968
302 1108
302 1204
302 1350
302 1461
302 1676
303 558
303 631
303 911
303 942
303 1207
303 1672
304 373
304 736
304 997
304 1476
304 1489
304 1981
305 327
305 360
305 558
305 717
305 904
305 942
305 1038
305 1289
305 1926
306 310
306 565
306 1159
306 1217
306 1275
306 1319
306 1346
306 1514
306 1616
306 1660
306 1707
307 1232
307 1508
307 1880
307 1944
307 1969
308 525
308 792
308 803
308 967
308 1250
308 1320
308 1347
308 1960
309 516
309 544
309 634
309 1115
309 1162
309 1358
309 1607
309 1824
309 1832
310 354
310 499
310 636
310 809
310 908
310 913
310 1010
310 1093
310 1360
310 1429
310 1516
310 1822
310 1946
310 1997
311 876
311 984
311 997
311 1458
311 1478
312 783
312 1310
312 1929
313 330
313 354
313 420
313 530
313 884
313 1004
313 1108
313 1181
313 1204
313 1262
313 1721
313 1864
313 1923
314 791
314 877
314 1087
314 1267
314 1577
314 1668
315 539
315 826
315 912
315 1067
315 1575
315 1578
315 1675
315 1742
315 1820
316 1278
316 1560
316 1982
317 723
317 1251
317 1297
317 1597
317 1784
317 1993
318 335
318 881
318 882
318 1090
318 1460
318 1608
318 1881
319 339
319 373
319 526
319 622
319 832
319 1425
319 1679
320 409
320 457
320 689
320 889
320 915
320 1080
320 1259
320 1533
320 1572
320 1639
320 1644
321 884
321 989
321 1433
321 1587
321 1693
321 1787
322 561
322 830
322 1283
322 1660
323 428
323 1086
323 1101
323 1331
323 1413
323 1435
323 1591
324 601
324 1081
324 1509
324 1688
324 1695
324 1700
324 1951
325 716
325 832
325 1023
325 1358
325 1673
325 1860
325 1869
325 1875
326 724
326 820
326 1352
326 1586
326 1805
326 1986
327 418
327 496
327 499
327 870
327 1023
327 1316
327 1337
327 1793
327 1811
327 1888
327 1951
328 848
328 1337
328 1362
328 1426
328 1437
329 460
329 516
329 1359
329 1973
330 706
330 1102
330 1275
330 1650
330 1842
330 1908
331 499
331 847
331 1139
331 1273
331 1941
331 1975
332 433
332 438
332 635
332 645
332 1218
332 1415
332 1943
333 951
333 1517
333 1793
333 1807
334 450
334 677
334 725
335 656
335 992
335 1286
335 1435
335 1619
335 1737
335 1863
335 1933
335 1942
335 1980
336 453
336 1017
336 1407
336 1439
336 1818
336 1844
337 356
337 420
337 965
337 1067
337 1594
337 1732
338 580
338 983
338 1195
338 1648
339 781
339 1237
339 1531
339 1613
339 1748
339 1755
340 385
340 630
340 891
340 1059
340 1073
340 1191
340 1394
340 1414
340 1605
340 1891
340 1910
340 1977
341 382
341 718
341 1336
341 1884
342 412
342 484
342 890
342 934
342 1058
342 1359
342 1404
342 1430
342 1561
342 1719
342 1867
342 1952
343 651
343 758
343 881
343 1001
343 1037
343 1246
343 1806
343 1889
344 447
344 637
344 694
344 745
344 820
344 834
344 993
344 1101
345 656
345 859
345 1210
345 1474
345 1498
345 1716
346 717
346 1006
346 1009
346 1487
346 1735
347 524
347 528
347 566
347 573
347 583
347 868
347 1270
347 1516
347 1566
347 1823
348 359
348 753
348 826
348 1408
348 1436
348 1486
348 1867
349 420
349 455
349 650
349 839
349 874
349 939
349 1187
349 1371
349 1870
350 989
351 415
351 685
351 1035
351 1499
351 1888
352 609
352 960
352 1148
352 1242
352 1778
352 1902
353 509
353 1356
353 1772
353 1960
354 374
354 428
354 536
354 579
354 1223
354 1276
354 1342
354 1451
354 1663
355 897
355 1053
355 1161
355 1532
355 1585
356 539
356 674
356 773
356 1160
356 1316
356 1492
356 1852
356 1959
357 494
357 513
357 594
357 607
357 849
357 1018
357 1723
357 1824
357 1902
357 1928
358 789
358 869
358 894
358 1063
358 1343
359 423
359 564
359 670
359 1004
359 1313
359 1352
359 1401
359 1509
359 1690
359 1863
360 1123
360 1465
361 1081
361 1190
361 1213
361 1296
361 1556
361 1574
361 1667
361 1730
361 1757
362 769
362 957
362 1176
362 1387
362 1874
362 1929
363 379
363 1035
363 1100
363 1436
363 1635
364 523
364 552
364 1242
364 1714
365 707
365 778
365 829
365 1671
367 526
367 528
367 637
367 687
367 1352
367 1397
367 1440
367 1508
367 1563
367 1990
368 509
368 639
368 1767
369 554
369 573
369 652
369 1020
369 1458
369 1550
369 1642
369 1756
369 1866
370 696
370 868
370 1022
370 1192
370 1217
370 1231
370 1600
370 1978
370 1994
371 552
371 829
371 879
371 1105
371 1979
372 472
372 1275
372 1642
372 1731
372 1918
373 375
373 629
373 1126
373 1218
373 1251
373 1396
373 1658
373 1794
373 1892
374 441
374 643
374 728
374 1142
374 1428
374 1702
375 609
375 653
375 745
375 883
375 1386
375 1441
375 1825
375 1887
375 1902
376 992
376 1618
376 1635
377 501
377 578
377 1036
377 1081
377 1383
377 1387
377 1522
377 1661
378 634
378 941
378 972
378 1202
378 1525
378 1529
378 1745
379 520
379 765
379 825
379 899
379 1365
380 635
380 750
380 1455
381 409
381 513
381 862
381 1306
381 1486
381 1497
381 1553
381 1774
382 742
382 761
382 818
382 991
382 1461
382 1484
382 1518
382 1562
382 1782
382 1935
383 400
383 768
383 822
383 907
383 928
383 946
383 1139
383 1310
383 1365
383 1473
383 1633
383 1869
384 907
384 1001
384 1069
384 1087
384 1132
384 1200
384 1218
384 1245
384 1395
384 1400
384 1550
384 1591
384 1701
385 440
385 519
385 656
385 721
385 1089
385 1139
385 1463
385 1635
385 1963
386 603
386 689
386 958
386 1092
386 1220
386 1245
386 1801
386 1866
387 438
387 932
388 568
388 866
388 891
388 1024
388 1523
388 1769
389 428
389 515
389 594
389 801
389 1041
389 1128
389 1405
390 508
390 581
390 781
390 969
390 1316
390 1346
390 1478
390 1486
390 1655
390 1678
390 1772
390 1802
390 1829
391 446
391 954
391 1006
391 1104
391 1131
391 1382
391 1681
391 1718
392 435
392 599
392 665
392 1044
392 1360
392 1781
392 1872
393 468
393 635
393 704
393 789
393 805
393 1630
393 1905
394 423
394 494
394 627
394 726
394 1499
394 1548
394 1705
394 1859
394 1931
395 412
395 569
395 644
395 652
395 861
395 1402
396 401
396 488
396 1443
396 1565
396 1600
396 1722
396 1959
397 526
397 597
397 841
397 946
397 980
397 1382
397 1678
397 1858
398 637
398 652
398 743
398 1356
398 1987
399 572
399 1062
399 1209
399 1615
399 1851
399 1901
399 1977
400 561
400 793
400 855
400 1027
400 1078
400 1212
400 1417
400 1460
401 1139
401 1403
401 1628
401 1896
401 1953
402 877
402 962
402 1029
402 1244
402 1642
402 1814
403 1009
403 1030
403 1117
403 1279
403 1445
403 1607
403 1624
403 1762
403 1939
404 1185
404 1273
404 1524
404 1676
404 1745
404 1775
405 559
405 584
405 663
405 734
405 1830
405 1833
406 585
406 1395
406 1616
406 1915
407 1249
407 1852
408 852
408 1416
408 1606
408 1843
409 477
409 493
409 1339
410 658
410 896
410 930
410 1309
410 1901
410 1996
411 709
411 805
411 911
411 1071
411 1367
411 1762
411 1769
412 547
412 565
412 1088
412 1171
412 1374
412 1850
413 1252
413 1835
414 616
414 729
414 1070
414 1337
414 1403
414 1474
414 1527
414 1553
414 1798
414 1851
415 474
415 637
415 648
415 1261
415 1555
416 570
416 731
416 821
416 839
416 860
416 872
416 1048
416 1469
416 1576
416 1792
416 1947
417 637
417 1214
417 1294
418 934
418 968
418 1169
418 1451
418 1836
418 1898
419 700
419 701
419 825
419 1117
419 1273
419 1414
419 1456
419 1638
419 1777
419 1783
419 1806
419 1830
419 1948
420 564
420 1038
420 1293
420 1498
420 1890
421 1197
421 1395
421 1613
421 1674
421 1957
422 744
422 940
422 1000
423 473
423 523
423 560
423 852
423 1491
423 1732
424 1151
424 1192
424 1413
424 1620
424 1640
424 1648
424 1717
424 1994
425 1413
425 1614
426 546
426 625
426 968
426 971
426 1226
426 1609
426 1787
427 507
427 532
427 1148
427 1427
427 1526
427 1767
427 1794
428 668
428 1013
428 1126
428 1188
428 1504
428 1536
428 1697
428 1976
429 515
429 746
429 1307
429 1397
429 1635
430 437
430 1025
430 1103
430 1450
431 678
431 792
431 1285
431 1385
431 1401
431 1476
431 1500
431 1605
432 436
432 611
432 909
432 1100
432 1805
433 526
433 781
433 1084
433 1270
434 744
434 848
434 1155
434 1548
434 1669
434 1788
434 1855
435 714
435 883
435 1085
435 1153
436 511
436 547
436 997
436 1121
436 1341
436 1539
436 1816
436 1842
437 878
437 1116
437 1580
437 1691
437 1757
437 1947
438 466
438 1113
438 1416
438 1900
439 477
439 629
439 687
439 1008
439 1693
440 533
440 604
440 695
440 709
440 899
440 1072
440 1105
440 1195
440 1338
440 1479
440 1696
440 1725
440 1744
441 721
441 753
441 1165
441 1176
441 1262
441 1664
441 1970
442 538
442 697
442 904
442 935
442 989
442 1195
442 1313
442 1471
442 1476
442 1491
442 1765
442 1902
443 1201
443 1236
443 1298
443 1342
443 1419
443 1431
443 1487
443 1594
443 1733
443 1806
444 589
444 1396
444 1544
444 1595
445 889
445 1074
445 1246
445 1535
446 483
446 492
446 1016
446 1893
446 1988
447 846
447 966
447 1165
447 1397
447 1668
447 1928
448 596
448 702
448 950
448 1566
448 1658
449 869
449 1306
449 1357
449 1488
449 1609
449 1640
449 1875
449 1906
449 1907
450 650
450 883
450 1054
450 1313
450 1852
450 1954
451 583
451 1546
451 1788
451 1822
452 733
452 1655
452 1958
453 605
453 701
453 732
453 733
453 918
453 988
453 1334
453 1591
453 1602
453 1905
453 1920
453 1946
454 477
454 708
454 886
454 1332
454 1417
454 1687
454 1768
455 504
455 562
455 595
455 976
455 1171
455 1396
456 489
456 537
456 681
456 860
456 1154
456 1209
456 1895
457 465
457 578
457 717
457 988
457 1974
458 551
458 567
458 612
458 630
458 761
458 1193
458 1792
458 1936
459 531
459 868
459 946
459 1100
459 1143
459 1198
459 1319
459 1673
460 548
460 588
460 909
460 980
460 1118
460 1129
460 1204
460 1324
460 1525
460 1876
461 601
461 1080
461 1175
461 1709
461 1811
462 1225
462 1491
462 1617
462 1680
462 1690
462 1811
463 688
463 813
463 1631
464 890
464 1410
464 1549
464 1629
465 751
465 851
465 909
465 1118
465 1220
465 1852
465 1870
466 858
466 1265
466 1472
466 1496
466 1526
467 838
467 880
467 1213
467 1393
467 1609
468 569
468 700
468 758
468 883
468 985
468 1383
468 1571
469 1067
469 1112
469 1129
469 1185
469 1664
469 1947
470 747
470 852
470 875
470 1090
470 1109
470 1193
470 1823
470 1888
471 556
471 1559
471 1702
471 1730
472 733
472 1342
472 1756
472 1802
473 620
473 1484
473 1555
473 1637
474 543
474 721
474 1503
475 745
475 979
475 1013
475 1337
475 1365
475 1388
475 1531
475 1716
475 1749
475 1860
476 525
476 681
476 1404
476 1406
476 1832
476 1899
477 573
477 599
477 736
477 761
477 775
477 925
477 1669
477 1703
477 1877
477 1921
478 847
478 895
478 987
478 998
478 1039
478 1111
478 1229
478 1400
478 1500
478 1938
479 550
479 707
479 765
479 1304
479 1336
479 2000
480 1209
480 1256
480 1289
480 1504
480 1624
480 1672
480 1888
480 1996
481 499
481 930
481 951
481 1247
481 1401
482 638
482 792
482 1537
483 573
483 581
483 922
483 987
483 1072
483 1157
483 1201
483 1439
483 1487
483 1587
483 1919
484 548
484 1033
484 1423
484 1877
485 614
485 663
485 664
485 944
485 1675
486 904
486 1035
486 1358
486 1503
486 1546
486 1756
486 1892
486 1951
487 684
487 1276
487 1678
487 1768
488 942
488 1279
488 1318
488 1426
488 1616
488 1733
488 1867
488 1949
489 958
489 967
489 1273
489 1356
489 1443
489 1670
489 1973
490 606
490 1209
491 1710
491 1793
492 632
492 742
492 924
492 936
492 1351
492 1400
492 1417
492 1797
492 1998
493 1731
493 1784
493 1943
494 501
494 555
494 747
494 800
494 867
494 1303
494 1366
494 1445
494 1784
494 1994
495 856
495 1661
495 1809
496 899
496 1236
496 1314
496 1358
496 1468
496 1623
496 1888
497 565
497 600
497 1041
497 1058
497 1279
497 1370
497 1512
497 1694
497 1789
498 634
498 818
498 894
498 1625
498 1926
498 1940
499 616
499 626
499 689
499 995
499 1624
499 1987
500 628
500 709
500 735
500 752
500 769
500 1017
500 1873
501 526
501 583
501 598
501 1035
501 1139
501 1494
501 1609
501 1822
501 1977
502 789
502 880
502 897
502 902
502 1065
502 1361
502 1376
502 1770
502 1805
503 1100
503 1573
503 1592
503 1710
503 1809
504 615
504 1170
504 1378
504 1539
504 1714
505 717
505 818
505 849
505 1215
505 1545
505 1569
505 1647
506 715
506 952
506 1259
506 1413
506 1575
506 1609
506 1678
506 1955
507 699
507 1227
507 1390
507 1819
507 1820
507 1946
508 586
508 617
508 680
508 1188
508 1425
508 1495
508 1646
508 1804
508 1887
509 707
509 912
509 1411
509 1509
509 1612
509 1806
510 711
510 727
510 1178
510 1486
510 1760
511 945
511 1291
511 1460
512 627
512 641
512 752
512 769
512 892
512 1054
512 1140
512 1213
512 1248
512 1892
513 972
513 1170
514 939
514 1051
514 1165
514 1175
514 1516
514 1693
514 1771
514 1822
515 560
515 794
515 1419
515 1461
515 1875
516 1308
516 1638
516 1691
517 635
517 725
517 1631
518 808
518 1027
518 1180
518 1193
518 1334
519 772
519 1332
519 1418
519 1455
519 1555
520 586
520 821
520 951
520 1725
520 1805
520 1889
521 783
521 1086
521 1093
521 1210
521 1246
521 1386
521 1460
521 1761
521 1854
522 598
522 613
522 792
522 838
522 967
522 1240
522 1993
523 634
523 758
523 781
523 794
523 1212
523 1826
523 1969
523 1975
523 1998
524 993
524 1324
524 1345
524 1459
524 1572
524 1587
524 1671
524 1695
524 1855
524 1916
525 760
525 800
525 846
525 927
525 1050
525 1378
525 1548
525 1744
526 684
526 1098
526 1145
526 1509
526 1548
526 1558
526 1872
527 648
527 690
527 1020
527 1050
527 1280
527 1521
527 1542
527 1854
527 1950
528 956
528 1068
528 1404
528 1506
528 1620
528 1637
528 1995
529 562
529 813
529 979
529 1441
529 1912
530 643
530 713
530 757
530 928
530 998
530 1118
530 1290
530 1414
530 1418
530 1606
530 1926
531 625
531 784
531 880
531 1077
531 1522
531 1535
531 1574
531 1699
531 1771
531 1786
532 541
532 583
532 604
532 1207
532 1483
532 1704
532 1899
533 697
533 949
533 960
533 1159
533 1212
533 1238
533 1484
533 1710
533 1727
533 1998
534 716
534 961
534 1503
534 1637
534 1744
534 1906
535 576
535 681
535 899
535 1281
535 1311
535 1501
535 1667
536 752
536 886
537 875
537 981
537 1223
537 1423
537 1472
537 1522
538 887
539 581
539 748
539 958
539 1129
539 1157
539 1300
539 1309
539 1734
539 1886
539 1985
540 644
540 762
540 1178
540 1588
540 1878
541 1442
541 1458
541 1761
542 603
542 1312
542 1953
542 1964
543 747
543 1152
543 1265
543 1603
544 614
544 713
544 1179
544 1198
544 1541
544 1773
544 1800
544 1814
545 565
545 914
545 1021
545 1216
545 1334
545 1811
545 1821
546 550
546 846
546 1240
546 1499
546 1504
546 1607
546 1771
546 1893
547 678
547 743
547 767
547 900
547 1501
547 1581
547 1719
548 1116
548 1549
548 1649
549 663
549 1052
549 1436
549 1844
549 1889
550 619
550 864
550 1205
550 1442
550 1498
550 1739
550 1745
550 1813
550 1961
551 611
551 809
551 874
551 1199
551 1889
552 682
552 1046
552 1543
552 1772
553 766
553 1193
553 1716
554 642
554 751
554 792
554 826
554 850
554 1084
554 1204
554 1213
554 1721
554 1727
554 1838
554 1877
554 1897
555 843
555 897
555 1087
555 1251
555 1339
555 1437
555 1583
555 1644
555 1687
556 593
556 1192
556 1748
557 788
557 1517
557 1684
557 1731
557 1805
557 1997
558 642
558 1307
559 670
559 819
559 874
559 1414
559 1542
559 1581
559 1990
560 897
560 948
560 1348
560 1390
560 1393
560 1524
560 1563
560 1920
561 665
561 683
561 692
561 844
561 1450
561 1896
561 1909
562 617
562 674
562 751
562 981
562 1165
562 1786
562 1908
562 1929
562 1974
563 823
563 1537
563 1554
563 1611
564 1417
564 1861
564 1978
565 677
565 1104
565 1508
565 1551
566 803
566 1302
566 1798
566 1948
566 1992
567 722
567 1021
567 1261
567 1599
567 1638
567 1732
567 1852
567 1955
568 883
568 895
568 1150
568 1463
568 1634
568 1995
569 827
569 1116
569 1710
569 1866
570 725
570 946
570 968
570 982
570 1466
570 1871
571 764
571 909
571 1196
571 1405
571 1572
571 1627
571 1680
571 1921
572 734
572 740
572 1074
572 1095
572 1258
572 1564
572 1802
572 1835
573 704
573 1387
573 1621
573 1728
573 1910
574 591
574 761
574 863
574 1491
574 1700
574 1706
574 1778
574 1866
575 889
575 1171
575 1391
575 1632
575 1651
575 1884
576 1165
576 1225
576 1338
576 1523
577 983
577 1337
577 1727
578 1146
578 1240
578 1373
578 1427
578 1686
579 821
579 1220
579 1225
580 1161
580 1204
580 1359
580 1419
580 1755
581 943
581 1194
581 1536
581 1729
582 641
582 1365
582 1436
582 1937
583 650
583 766
583 917
583 988
583 1052
583 1334
583 1390
583 1576
584 768
584 833
584 1040
584 1220
584 1305
584 1317
584 1361
584 1589
584 1969
585 1380
585 1427
585 1487
585 1868
585 1920
586 679
586 733
586 828
586 891
586 1407
586 1887
587 986
587 1024
587 1139
587 1163
587 1229
587 1349
587 1477
587 1634
587 1882
588 782
588 794
588 822
588 854
588 1040
588 1104
588 1141
588 1226
588 1599
588 1603
588 1673
589 868
589 906
589 921
589 1157
590 671
590 774
590 1178
590 1344
590 1644
590 1900
591 816
591 1020
591 1337
591 1746
591 1988
592 1127
592 1253
592 1504
592 1697
592 1718
592 1895
592 1991
593 658
593 869
593 948
593 1612
593 1984
594 995
594 1001
594 1055
594 1076
594 1236
594 1971
595 913
595 1117
595 1269
596 898
596 1217
596 1967
597 704
597 834
597 913
597 1093
597 1573
597 1802
597 1930
598 949
598 1152
598 1394
598 1422
598 1569
598 1663
599 611
599 814
599 853
599 1034
599 1308
599 1736
599 1809
599 1826
600 703
600 992
600 1031
600 1147
600 1203
600 1613
600 1650
600 1669
600 1698
600 1875
600 1975
601 605
601 1336
601 1434
601 1800
601 1879
602 682
602 1065
602 1521
602 1610
602 1616
603 1499
603 1586
603 1664
604 925
604 1387
604 1619
604 1719
604 1870
604 1983
605 611
605 616
605 1070
605 1556
605 1564
605 1703
605 1917
605 1939
606 671
606 721
606 775
606 1004
606 1085
606 1338
606 1614
606 1846
607 659
607 782
607 1378
607 1482
607 1631
607 1790
607 1928
607 1972
608 760
608 937
608 1618
608 1760
608 1792
608 1946
609 1114
609 1197
609 1298
609 1597
609 1698
609 1755
609 1795
609 1807
610 779
610 1483
610 1785
610 1881
611 786
611 1243
611 1249
611 1680
612 822
612 929
612 1234
613 808
613 899
613 931
613 1239
614 621
614 637
614 1172
614 1716
614 1769
615 767
615 1150
615 1680
615 1708
616 647
616 1025
616 1580
616 1797
617 825
617 980
617 1075
617 1536
617 1952
618 646
618 806
618 1148
618 1485
618 1521
618 1525
618 1691
618 1790
618 1952
619 869
619 1803
620 815
620 1655
621 921
621 1477
621 1530
621 1570
621 1652
621 1826
621 1877
621 1960
622 852
622 906
622 978
622 1125
622 1489
622 1619
622 1824
623 890
623 1056
623 1193
623 1344
623 1364
623 1453
623 1553
623 1938
624 1172
624 1663
625 666
625 810
625 989
625 1089
625 1300
626 1048
626 1355
626 1399
626 1733
626 1984
627 832
627 1615
627 1776
627 1801
628 766
628 1175
628 1221
628 1412
628 1572
628 1878
628 1932
628 1934
629 637
629 759
629 1134
629 1344
629 1413
629 1576
630 647
630 703
630 795
630 1619
631 707
631 1318
631 1393
631 1651
631 1830
631 1911
632 834
632 1172
632 1305
632 1944
633 644
633 796
633 952
633 1010
633 1012
633 1124
633 1166
633 1252
633 1308
633 1392
633 1603
633 1854
633 1868
634 935
634 1244
634 1560
634 1753
634 1884
635 715
635 1019
635 1548
635 1932
636 761
636 1146
636 1164
636 1274
636 1770
636 1778
636 1787
637 886
637 896
637 1336
637 1974
638 1883
639 755
639 1063
639 1502
639 1589
639 1613
639 1694
640 1570
640 1627
640 1862
640 1974
641 987
641 1057
641 1092
641 1200
641 1650
641 1925
642 834
642 847
643 823
643 829
643 1350
643 1460
644 1554
645 768
645 997
645 1396
645 1683
645 1699
645 1999
646 1330
646 1796
646 1929
647 762
647 1143
647 1173
647 1954
648 1398
648 1683
648 1828
648 1996
649 769
649 805
649 824
649 1126
649 1241
649 1249
649 1298
649 1310
649 1557
649 1671
650 687
650 876
650 1331
650 1583
650 1601
651 692
651 897
651 1187
651 1402
651 1590
651 1597
652 1047
652 1118
652 1270
652 1313
652 1644
652 1740
652 1779
653 686
653 1073
653 1211
653 1222
653 1316
653 1404
653 1434
653 1521
653 1566
653 1885
654 662
654 764
654 994
654 1431
654 1879
655 1014
655 1134
655 1262
655 1272
655 1619
655 1963
656 676
656 753
656 1512
656 1590
657 765
657 819
657 1097
657 1181
657 1238
658 663
658 1105
658 1182
658 1349
658 1392
659 772
659 1142
659 1261
659 1320
659 1671
659 1769
659 1840
659 1974
660 702
660 1454
660 1627
661 951
661 1172
661 1581
661 1958
662 1110
662 1156
662 1359
662 1393
662 1723
663 824
663 1029
663 1154
663 1553
663 1822
664 1109
664 1253
664 1311
664 1431
664 1552
664 1601
664 1617
665 818
665 1238
665 1326
665 1472
665 1600
665 1605
665 1609
665 1664
666 784
666 1001
666 1053
666 1167
666 1226
666 1616
666 1667
666 1999
667 1010
667 1215
667 1434
668 1216
668 1284
668 1310
668 1312
668 1334
668 1596
668 1921
668 1991
669 678
669 696
669 1377
669 1384
669 1487
669 1731
670 985
670 1008
670 1248
670 1372
670 1376
670 1681
670 1927
670 1934
671 890
671 973
671 1022
671 1056
671 1216
671 1425
671 1495
672 771
672 1182
672 1310
672 1465
672 1482
672 1959
673 984
673 1143
673 1216
673 1345
673 1591
674 732
674 862
674 939
674 1196
674 1650
674 1659
674 1747
675 1194
675 1419
676 718
676 1046
676 1292
676 1674
676 1857
677 1064
677 1830
678 888
678 932
678 1304
678 1526
678 1852
678 1925
678 1962
679 1290
679 1409
679 1478
679 1928
679 1941
680 903
680 1024
680 1055
680 1543
680 1647
680 1654
680 1871
681 772
681 776
681 839
681 854
681 1018
681 1183
682 1432
682 1616
682 1790
682 1826
682 1992
683 1090
683 1219
683 1425
683 1820
684 942
684 986
684 1154
684 1413
684 1649
684 1779
685 1044
685 1490
685 1799
685 1992
686 1027
686 1132
686 1166
686 1278
686 1386
686 1457
686 1528
686 1563
686 1609
687 807
687 821
687 937
687 1608
688 961
688 1284
688 1444
688 1680
689 1056
689 1065
689 1162
689 1698
689 1748
689 2000
690 767
690 820
690 1729
691 1197
691 1397
691 1755
692 761
692 771
692 1077
692 1352
692 1402
692 1569
692 1725
692 1943
693 1589
693 1780
693 1901
694 757
694 813
694 1088
694 1176
694 1835
695 771
695 919
695 930
695 1089
695 1198
695 1253
695 1617
695 1625
695 1738
696 996
696 1010
696 1363
696 1492
696 1697
697 1178
697 1271
697 1407
697 1679
698 1695
698 1785
698 1967
699 1292
699 1449
699 1677
699 1797
699 1989
700 910
700 943
700 981
700 1661
701 849
701 1304
701 1805
701 1885
702 893
702 1087
702 1177
702 1552
703 786
703 902
703 1272
703 1333
703 1477
703 1623
703 1949
704 1439
704 1684
704 1772
704 1860
705 797
705 1237
705 1398
705 1645
705 1784
705 1880
706 834
706 868
706 1009
706 1406
706 1864
707 881
707 1009
707 1490
708 797
708 944
708 1132
709 952
709 1032
709 1172
709 1302
709 1508
709 1934
710 753
710 977
710 1087
710 1244
710 1261
710 1360
710 1515
710 1761
710 1772
711 934
711 1069
711 1427
711 1504
711 1609
711 1674
711 1686
711 1729
711 1734
711 1882
712 854
712 870
712 1055
712 1263
712 1397
713 736
713 915
713 1096
713 1237
713 1360
713 1936
713 1985
714 854
714 1056
714 1354
714 1500
714 1602
714 1746
714 1894
715 722
715 1219
715 1280
715 1606
715 1655
715 1672
715 1754
715 1872
716 748
716 1379
716 1788
717 873
717 1068
717 1203
717 1233
717 1689
718 750
718 1249
718 1811
719 852
719 1209
719 1897
719 1907
719 1929
720 974
720 1814
721 1417
721 1488
721 1564
721 1590
721 1669
721 1722
721 1902
721 1929
721 1933
722 821
722 1053
722 1225
722 1309
722 1365
722 1371
722 1734
723 1096
723 1456
723 1908
724 1074
724 1470
724 1597
724 1693
725 912
725 951
725 995
725 1168
725 1394
725 1469
725 1537
726 1272
726 1452
726 1741
726 1868
727 842
727 1080
727 1241
727 1476
727 1693
728 794
728 1223
728 1330
729 1036
729 1203
729 1246
729 1284
729 1314
729 1379
730 960
730 977
730 1201
731 940
731 1131
731 1328
731 1388
731 1537
731 1547
731 1574
731 1578
731 1811
732 772
732 912
732 1055
732 1355
732 1500
732 1678
732 1777
732 1877
733 1255
733 1285
733 1486
733 1530
733 1799
734 889
734 1554
734 1570
734 1867
734 1989
735 1001
735 1158
735 1261
735 1424
735 1506
735 1577
735 1640
735 1869
736 1063
736 1245
736 1691
736 1988
737 838
738 1066
738 1232
738 1389
738 1430
738 1625
738 1804
738 1852
739 1154
739 1364
739 1564
739 1576
740 812
740 902
740 968
740 1188
740 1495
740 1546
741 1184
741 1397
741 1448
741 1646
742 852
743 771
743 897
743 1011
743 1198
743 1221
743 1223
743 1355
744 1229
744 1443
744 1916
745 975
745 983
745 1328
745 1423
745 1620
745 1715
747 869
747 876
747 933
747 1192
747 1282
747 1340
747 1452
748 951
748 1039
748 1478
748 1518
748 1623
749 1316
749 1328
749 1654
749 1864
750 1011
750 1040
750 1167
750 1481
750 1851
750 1990
751 1032
751 1336
751 1554
751 1690
751 1997
752 1272
753 1476
753 1636
753 1937
754 786
754 936
754 1097
754 1477
754 1810
754 1850
755 825
755 1194
755 1660
755 1955
756 886
756 1017
756 1142
756 1176
756 1899
757 832
757 1511
757 1900
758 1579
759 800
759 1514
759 1964
760 856
760 974
760 1270
760 1639
760 1767
761 770
761 937
761 1663
762 820
762 1116
762 1438
762 1863
762 1899
763 1119
764 1193
765 962
765 1189
766 1252
766 1507
767 830
767 992
767 1033
767 1158
767 1167
767 1622
768 984
768 990
768 1115
768 1737
768 1767
769 1156
769 1907
770 800
770 867
770 933
770 982
770 988
770 1443
770 1525
770 1537
770 1589
771 858
771 1277
771 1301
771 1426
771 1608
772 1150
772 1288
772 1296
772 1769
772 1807
772 1847
773 920
773 1349
773 1359
773 1483
774 816
774 914
774 1445
774 1518
774 1639
774 1774
775 1147
775 1493
775 1592
775 1962
776 897
776 1193
776 1751
776 1945
777 1287
778 979
778 1296
778 1509
778 1790
778 1792
778 1865
779 1404
779 1574
780 960
780 1086
780 1214
780 1415
780 1436
780 1581
780 1756
780 1820
781 1012
781 1036
781 1057
781 1130
781 1223
781 1275
781 1308
781 1475
781 1579
781 1743
781 1786
781 1990
782 904
782 959
782 1366
782 1505
782 1529
782 1693
782 1923
783 961
783 1338
783 1646
783 1693
783 1705
783 1709
783 1929
784 868
784 887
784 1366
784 1711
784 1743
785 986
785 1129
785 1293
785 1672
785 1790
785 1917
785 1923
786 1234
786 1551
788 978
788 1024
788 1429
788 1474
788 1639
788 1665
788 1806
788 1981
789 802
789 1434
789 1718
789 1788
789 1887
790 936
790 973
790 1283
790 1423
790 1623
791 1218
791 1445
791 1771
791 1889
792 1151
792 1503
792 1693
792 1778
793 824
793 1134
793 1828
793 1905
794 1097
794 1636
795 848
795 1094
795 1727
796 888
796 1889
797 1209
797 1304
797 1597
797 1695
797 1823
798 977
798 1092
798 1253
798 1624
798 1843
798 1995
799 1270
799 1288
800 831
800 1037
800 1115
800 1332
800 1481
800 1817
801 861
801 987
801 1208
801 1845
801 1897
802 918
802 938
802 1510
802 1668
802 1735
802 1917
803 805
803 1038
803 1303
803 1337
803 1591
803 1666
803 1954
803 1962
804 1111
804 1130
804 1190
804 1332
804 1472
804 1587
804 1786
804 1985
805 1011
805 1319
805 1427
805 1535
805 1547
805 1618
805 1831
806 1717
806 1902
807 917
807 1052
807 1313
807 1459
808 1063
808 1570
808 1866
809 1329
809 1557
809 1604
809 1651
810 834
810 972
810 1542
811 919
811 1067
811 1342
811 1362
811 1407
811 1531
811 1614
811 1691
811 1977
812 872
812 986
812 1341
812 1551
812 1795
812 1868
812 2000
813 1177
813 1182
813 1405
813 1976
814 832
814 1080
814 1185
814 1265
814 1405
814 1729
815 1023
815 1138
815 1251
815 1588
815 1764
816 1090
816 1251
816 1487
816 1554
816 1916
817 1165
817 1351
817 1529
817 1652
817 1964
818 935
818 1368
818 1615
818 1953
819 835
820 836
820 843
820 889
820 1025
820 1178
821 935
821 1469
821 1666
821 1759
822 858
822 983
822 1009
822 1069
822 1161
822 1482
822 1579
822 1591
823 858
823 1118
823 1380
823 1933
824 976
824 1271
824 1554
825 1580
826 927
826 1134
826 1172
826 1195
826 1398
826 1497
826 1634
826 1770
827 1679
827 1965
827 1966
829 875
829 1094
829 1234
829 1408
829 1537
829 1608
829 1631
830 885
830 1091
831 899
831 1032
831 1198
831 1236
831 1821
832 843
832 930
832 1689
833 1098
833 1099
833 1137
833 1356
833 1835
833 1849
834 1391
834 1882
834 1923
835 1062
835 1175
835 1251
835 1690
836 1530
836 1834
836 1899
837 890
837 917
837 1059
837 1068
837 1079
837 1458
838 1201
838 1242
838 1383
838 1708
838 1746
838 1806
838 1943
839 1011
839 1203
839 1215
840 874
840 986
840 1489
840 1514
840 1605
841 1011
841 1103
841 1201
841 1288
841 1326
841 1500
841 1608
841 1819
841 1933
841 1986
842 1122
842 1476
842 1532
842 1886
842 1913
843 1084
843 1318
843 1759
843 1803
843 1901
844 934
844 957
844 1250
844 1497
844 1621
844 1707
844 1709
845 970
845 1210
845 1229
845 1252
845 1480
846 1057
846 1687
847 980
847 1662
847 1688
847 1877
847 1994
848 1161
848 1292
848 1338
848 1398
848 1696
848 1728
848 1751
849 934
849 1162
849 1435
849 1895
849 1999
850 853
850 874
850 898
850 983
850 1055
850 1064
850 1556
850 1809
850 1900
851 934
851 1067
851 1121
851 1219
851 1227
851 1239
851 1459
851 1597
851 1856
851 1983
852 1050
852 1710
852 1960
853 1134
853 1345
854 995
854 1591
855 1047
855 1140
855 1167
855 1169
855 1304
855 1309
855 1373
855 1706
855 1804
855 1970
856 998
856 1067
856 1507
856 1988
857 868
857 1283
857 1344
857 1979
858 1002
858 1011
858 1436
858 1617
859 916
859 1485
859 1903
861 863
861 973
861 1006
861 1298
861 1578
861 1885
861 1969
862 876
862 941
862 1089
862 1119
862 1231
862 1252
863 1645
863 1707
864 1019
864 1123
864 1202
864 1642
864 1864
864 1871
864 1997
865 1240
865 1758
866 1098
866 1399
866 1476
867 923
867 1194
867 1208
867 1636
868 1311
868 1371
868 1649
869 1050
869 1080
869 1592
869 1961
870 1045
870 1097
870 1384
870 1522
870 1775
870 1887
871 1155
871 1263
871 1850
872 1828
873 942
873 967
873 1270
873 1406
873 1449
873 1608
873 1694
873 1867
874 910
874 981
874 1233
874 1370
874 1690
874 1858
874 1895
874 1944
875 942
875 1439
875 1476
875 1498
875 1499
875 1612
875 1713
876 1272
876 1464
876 1513
876 1631
876 1721
876 1946
877 889
877 965
878 944
878 1374
878 1493
878 1507
878 1654
878 1655
878 1815
879 1452
879 1988
880 1334
880 1936
881 1234
881 1816
881 1860
882 1143
882 1235
882 1286
882 1823
884 913
885 1336
885 1510
885 1591
885 1619
886 898
886 948
886 1040
886 1326
886 1378
886 1555
886 1693
886 1812
887 972
887 1215
887 1953
888 1358
888 1459
888 1774
888 1853
889 1071
889 1508
889 1514
889 1643
889 1746
889 1875
890 1828
891 927
891 937
891 950
891 1296
891 1305
891 1505
891 1579
891 1728
892 1041
892 1223
892 1306
892 1335
893 1074
893 1517
893 1944
894 924
894 984
894 1050
894 1491
894 1501
894 1546
894 1831
894 1845
895 1031
895 1107
895 1441
895 1484
895 1632
895 1652
895 1684
895 1862
896 1100
896 1208
896 1237
896 1294
896 1449
896 1918
897 975
897 1065
897 1324
897 1560
897 1990
898 1168
898 1677
898 1703
898 1759
899 927
899 964
899 1498
899 1841
899 1957
900 1099
900 1545
900 1788
900 1920
900 1921
901 1465
901 1614
901 1908
902 1117
902 1300
902 1547
902 1644
902 1646
903 1068
903 1093
903 1132
903 1504
903 1806
903 1836
903 1950
904 1185
904 1777
904 1950
905 929
905 978
905 1323
905 1443
905 1477
905 1782
905 1874
905 1938
906 1495
906 1521
906 1761
906 1847
906 1863
907 1321
907 1576
907 1794
908 1182
908 1261
909 1248
909 1563
909 1846
909 1937
910 1263
910 1609
911 1356
911 1375
911 1776
912 990
912 1081
912 1348
912 1720
912 1884
912 1916
913 1370
913 1655
913 1717
914 1437
914 1490
914 1643
915 1526
915 1608
915 1639
915 1806
916 998
916 1221
916 1292
916 1362
916 1416
916 1599
917 1357
917 1415
917 1490
917 1492
917 1685
917 1695
917 1776
918 983
918 1226
918 1416
918 1529
919 1076
919 1329
919 1974
920 1049
920 1061
920 1188
920 1242
921 1828
922 990
922 1039
922 1857
924 1080
924 1413
924 1692
925 937
925 1086
925 1226
925 1422
925 1609
925 1871
925 1943
926 986
926 1081
926 1186
926 1277
926 1944
927 1137
927 1237
927 1288
927 1410
927 1604
927 1677
927 1729
928 1136
928 1234
928 1649
928 1650
928 1890
929 1347
930 1602
930 1759
930 1789
930 1851
930 1935
931 1111
931 1514
931 1598
931 1689
931 1882
931 1949
932 935
932 1082
932 1142
932 1725
933 1037
933 1082
933 1453
933 1551
933 1749
933 1872
934 1152
934 1272
934 1712
935 1413
935 1689
935 1806
935 1987
936 1081
936 1210
936 1434
936 1721
937 1284
937 1394
937 1877
938 1006
938 1196
938 1568
938 1871
938 1938
939 1083
939 1189
939 1296
939 1462
939 1635
939 1786
940 1239
940 1548
940 1607
940 1619
940 1659
940 1669
940 1750
941 1131
941 1144
941 1637
941 1775
941 1784
942 1019
942 1397
942 1553
942 1670
942 2000
943 1128
943 1385
943 1927
944 1202
944 1225
944 1451
944 1453
944 1746
945 1003
945 1067
945 1305
945 1955
946 1257
946 1397
947 959
947 1084
947 1093
947 1400
947 1430
947 1525
947 1560
948 1046
948 1050
948 1145
948 1171
948 1251
948 1375
949 1145
949 1333
950 1337
950 1587
950 1704
950 1737
951 1736
951 1760
951 1991
952 1059
952 1396
952 1621
953 1259
953 1319
953 1370
953 1512
953 1705
953 1857
953 1998
954 1406
954 1893
955 1008
955 1393
955 1519
956 1675
956 1732
957 1296
957 1356
957 1520
957 1783
957 1792
958 1092
958 1302
958 1605
959 1005
959 1357
959 1440
959 1502
960 1052
960 1164
960 1251
960 1325
960 1371
960 1478
960 1632
960 1940
960 1999
961 1603
961 1605
961 1641
961 1727
961 1745
961 1876
961 1878
962 1007
962 1099
962 1788
962 1918
963 1067
963 1119
964 1023
964 1285
964 1601
964 1674
964 1837
965 1040
965 1117
965 1330
965 1350
965 1470
965 1576
965 1887
965 1926
965 1985
966 1100
966 1243
966 1774
966 1835
966 1984
967 1270
967 1608
967 1639
967 1696
968 1218
968 1359
969 1381
969 1411
969 1529
969 1709
970 1045
970 1108
970 1125
970 1314
970 1623
970 1649
970 1720
970 1843
971 1280
971 1594
971 1708
971 1784
972 1122
972 1402
972 1440
972 1962
972 1971
973 1174
973 1605
973 1639
973 1903
973 1957
974 1275
974 1619
974 1811
974 1829
974 1972
975 1543
976 1158
976 1710
976 1736
976 1741
976 1947
977 1421
977 1702
977 1821
978 1087
978 1153
978 1393
978 1470
978 1543
978 1605
978 1795
978 1848
979 1331
979 1399
979 1526
979 1528
979 1681
979 1778
979 1808
980 1192
980 1502
980 1618
980 1640
980 1791
980 1823
980 1970
981 1112
981 1204
981 1333
981 1674
981 1770
982 1178
982 1222
982 1876
983 1359
983 1446
983 1771
984 994
984 1744
984 1938
984 1981
985 1255
985 1622
985 1772
986 996
986 1193
986 1371
986 1539
987 1102
987 1153
987 1513
987 1940
988 1302
988 1632
988 1756
989 1211
989 1246
989 1389
989 1550
989 1727
989 1784
989 1835
991 1240
991 1405
991 1690
992 1444
992 1470
992 1513
992 1804
993 1125
993 1136
993 1156
993 1629
993 1848
994 1304
994 1402
994 1454
994 1868
995 1221
995 1359
995 1682
995 1969
996 1219
996 1279
996 1551
996 1774
997 1060
997 1537
997 1944
998 1063
998 1104
999 1244
999 1305
999 1573
1000 1467
1000 1688
1000 1820
1000 1824
1001 1222
1001 1419
1001 1621
1001 1630
1002 1107
1002 1959
1003 1155
1003 1516
1003 1715
1003 1916
1004 1122
1004 1397
1004 1400
1004 1736
1004 1843
1004 1925
1005 1140
1005 1222
1005 1537
1005 1971
1006 1043
1006 1171
1006 1364
1006 1518
1006 1654
1006 1825
1006 1862
1007 1009
1007 1339
1007 1832
1008 1139
1008 1806
1009 1526
1009 1626
1009 1887
1010 1129
1010 1152
1010 1552
1010 1815
1011 1325
1011 1493
1011 1807
1011 1902
1012 1183
1012 1295
1012 1581
1013 1257
1013 1562
1013 1912
1014 1203
1014 1211
1014 1631
1014 1781
1014 1833
1014 1849
1015 1094
1015 1221
1015 1452
1015 1577
1016 1047
1016 1118
1016 1120
1016 1262
1016 1799
1017 1113
1017 1495
1017 1503
1017 1664
1017 1799
1017 1840
1018 1134
1018 1307
1018 1509
1018 1871
1019 1117
1019 1245
1019 1277
1019 1560
1020 1229
1020 1316
1022 1023
1022 1114
1022 1156
1022 1537
1022 1961
1023 1377
1023 1457
1024 1243
1024 1264
1024 1440
1024 1509
1025 1058
1025 1092
1025 1694
1025 1720
1026 1710
1026 1881
1027 1854
1028 1126
1028 1538
1028 1549
1028 1695
1028 1985
1030 1425
1031 1480
1031 1646
1031 1847
1032 1271
1032 1336
1032 1385
1033 1527
1033 1583
1033 1608
1033 1973
1034 1220
1034 1429
1035 1202
1035 1211
1035 1298
1035 1327
1035 1421
1035 1711
1035 1950
1036 1949
1037 1348
1037 1404
1037 1641
1037 1681
1038 1232
1038 1813
1039 1419
1039 1638
1040 1082
1040 1255
1040 1288
1040 1508
1041 1082
1041 1327
1041 1341
1041 1670
1041 1744
1041 1795
1042 1187
1042 1989
1044 1049
1045 1229
1045 1330
1045 1776
1046 1167
1046 1262
1046 1436
1047 1092
1047 1509
1047 1637
1047 1810
1047 1850
1048 1284
1048 1572
1048 1943
1049 1346
1049 1504
1049 1611
1049 1624
1049 1907
1050 1388
1051 1477
1051 1697
1052 1395
1052 1765
1053 1061
1053 1258
1053 1263
1053 1368
1053 1416
1053 1771
1054 1068
1054 1150
1054 1169
1054 1737
1054 1844
1055 1376
1055 1510
1055 1851
1056 1148
1056 1263
1056 1389
1056 1515
1056 1558
1057 1238
1057 1286
1057 1440
1057 1767
1057 1915
1057 1931
1057 1992
1058 1271
1058 1283
1058 1656
1058 1759
1059 1167
1059 1518
1059 1763
1060 1120
1060 1125
1060 1141
1060 1204
1060 1260
1060 1424
1061 1182
1061 1535
1061 1728
1062 1781
1062 1850
1063 1198
1063 1335
1063 1496
1063 1522
1063 1540
1063 1654
1063 1795
1063 1872
1064 1105
1064 1116
1064 1240
1064 1481
1064 1524
1064 1617
1064 1903
1065 1139
1065 1308
1065 1604
1066 1436
1066 1645
1066 1679
1066 1857
1067 1354
1067 1514
1067 1764
1067 1905
1068 1125
1068 1137
1068 1459
1068 1882
1069 1110
1069 1164
1069 1317
1069 1330
1069 1589
1069 1684
1069 1891
1070 1207
1070 1331
1070 1851
1070 1855
1071 1161
1071 1169
1071 1267
1071 1831
1071 1927
1072 1175
1072 1200
1072 1394
1072 1396
1072 1573
1073 1734
1073 1797
1074 1252
1074 1501
1074 1645
1074 1762
1076 1398
1076 1465
1076 1545
1076 1657
1076 1942
1077 1148
1077 1166
1077 1530
1077 1659
1077 1751
1077 1757
1077 1974
1078 1223
1078 1271
1078 1306
1078 1420
1078 1519
1078 1528
1078 1544
1079 1391
1079 1412
1079 1639
1079 1784
1079 1819
1079 1973
1080 1410
1080 1614
1080 1714
1080 1756
1080 1959
1082 1217
1082 1375
1082 1530
1083 1299
1083 1408
1083 1701
1083 1819
1084 1085
1084 1483
1085 1460
1085 1468
1085 1718
1085 1773
1086 1212
1086 1314
1086 1367
1086 1636
1086 1950
1087 1718
1088 1099
1088 1259
1088 1394
1088 1671
1088 1901
1089 1218
1089 1560
1089 1589
1089 1623
1089 1822
1090 1190
1090 1192
1090 1261
1090 1411
1090 1686
1090 1762
1090 1943
1091 1455
1091 1917
1091 1937
1092 1634
1092 1992
1093 1106
1093 1137
1093 1160
1093 1173
1093 1277
1093 1334
1093 1809
1093 1846
1094 1237
1094 1373
1094 1672
1095 1195
1095 1250
1095 1469
1095 1936
1096 1171
1096 1182
1096 1964
1097 1117
1097 1295
1097 1365
1098 1150
1098 1600
1098 1703
1098 1762
1099 1110
1099 1275
1100 1232
1100 1284
1100 1419
1100 1595
1100 1636
1100 1769
1100 1856
1100 1957
1101 1149
1101 1289
1101 1599
1101 1762
1102 1624
1102 1876
1103 1338
1103 1377
1103 1787
1103 1833
1104 1150
1104 1225
1104 1607
1104 1613
1105 1257
1105 1264
1105 1734
1105 1905
1106 1521
1107 1387
1108 1122
1108 1175
1108 1368
1108 1774
1108 1851
1109 1211
1109 1448
1109 1467
1109 1924
1110 1361
1110 1478
1110 1854
1110 1881
1111 1590
1111 1724
1111 1825
1112 1158
1112 1512
1112 2000
1113 1702
1114 1181
1114 1458
1115 1790
1115 1986
1116 1224
1116 1981
1117 1307
1117 1401
1117 1452
1117 1503
1117 1736
1117 1899
1118 1168
1118 1563
1118 1698
1118 1761
1119 1341
1119 1474
1120 1812
1120 1815
1120 1948
1121 1377
1121 1756
1121 1770
1121 1920
1122 1537
1122 1730
1122 1814
1122 1866
1123 1512
1123 1613
1123 1751
1124 1238
1124 1499
1124 1541
1124 1749
1124 1872
1125 1880
1126 1468
1126 1602
1127 1467
1127 1957
1127 1988
1128 1172
1129 1379
1129 1539
1129 1804
1129 1844
1129 1898
1130 1621
1130 1668
1130 1691
1130 1757
1131 1311
1131 1677
1131 1907
1132 1165
1132 1901
1132 1954
1133 1318
1133 1379
1133 1605
1133 1769
1134 1570
1134 1808
1135 1237
1135 1453
1136 1472
1136 1540
1137 1700
1138 1176
1138 1517
1138 1948
1139 1381
1139 1818
1139 1828
1140 1271
1140 1419
1140 1529
1141 1481
1141 1491
1142 1729
1143 1323
1143 1698
1143 1868
1144 1479
1144 1543
1144 1696
1144 1995
1145 1191
1145 1216
1145 1782
1145 1802
1146 1378
1146 1642
1146 1668
1146 1716
1146 1804
1146 1959
1147 1294
1147 1372
1147 1553
1147 1966
1147 1994
1148 1342
1148 1474
1148 1779
1148 1874
1149 1613
1149 1680
1149 1856
1150 1420
1150 1492
1150 1574
1150 1677
1150 1678
1151 1292
1151 1508
1151 1805
1151 1995
1152 1158
1152 1528
1153 1169
1153 1723
1153 1782
1153 1992
1154 1229
1154 1879
1155 1160
1155 1491
1155 1502
1157 1189
1157 1678
1158 1298
1158 1352
1158 1878
1158 1957
1159 1379
1159 1446
1159 1455
1159 1490
1159 1601
1159 1839
1159 1875
1160 1260
1160 1466
1160 1630
1160 1938
1161 1281
1161 1534
1162 1322
1162 1567
1162 1664
1162 1770
1162 1860
1162 1884
1163 1233
1163 1320
1163 1501
1163 1529
1163 1734
1163 1800
1164 1354
1164 1584
1164 1932
1164 1974
1165 1333
1165 1783
1165 1976
1166 1722
1166 1735
1166 1952
1167 1809
1168 1266
1168 1348
1168 1607
1168 1734
1168 1789
1169 1315
1169 1400
1169 1510
1169 1604
1169 1679
1170 1243
1171 1191
1171 1231
1171 1239
1171 1261
1171 1906
1171 1930
1172 1259
1172 1451
1172 1855
1172 1928
1172 1971
1173 1210
1173 1500
1173 1945
1174 1755
1176 1193
1176 1635
1177 1384
1178 1430
1178 1440
1178 1790
1178 1986
1179 1581
1179 1620
1179 1768
1179 1952
1180 1306
1181 1321
1181 1713
1182 1563
1182 1607
1182 1669
1182 1907
1183 1230
1183 1355
1183 1365
1183 1380
1183 1400
1183 1566
1184 1382
1184 1671
1184 1742
1184 1865
1185 1253
1185 1260
1186 1292
1186 1311
1186 1384
1186 1895
1186 1950
1187 1508
1188 1420
1188 1593
1188 1617
1188 1851
1188 1984
1189 1202
1189 1821
1190 1535
1191 1233
1191 1342
1191 1413
1191 1713
1191 1861
1191 1927
1192 1710
1192 1863
1193 1402
1193 1498
1193 1503
1193 1522
1193 1927
1193 1999
1195 1270
1195 1494
1196 1205
1197 1359
1197 1403
1197 1440
1197 1630
1197 1972
1198 1314
1198 1517
1198 1576
1198 1650
1198 1971
1199 1503
1199 1770
1199 1790
1199 1852
1200 1331
1201 1945
1202 1555
1202 1593
1202 1798
1202 1835
1202 1990
1203 1452
1203 1680
1203 1700
1204 1268
1204 1269
1204 1335
1204 1673
1204 1704
1204 1821
1204 1937
1204 1962
1204 1996
1205 1731
1205 1874
1205 1881
1206 1554
1206 1651
1206 1896
1207 1551
1207 1571
1207 1712
1208 1374
1208 1378
1208 1423
1208 1627
1208 1672
1208 1751
1208 1776
1209 1365
1209 1507
1209 1604
1209 1622
1209 1663
1211 1247
1211 1268
1211 1589
1211 1590
1211 1641
1211 1956
1212 1874
1213 1460
1213 1693
1213 1721
1213 1835
1213 1923
1213 1928
1214 1743
1214 1774
1214 1783
1215 1257
1215 1545
1215 1693
1215 1836
1215 1975
1216 1836
1216 1858
1216 1923
1217 1306
1217 1445
1217 1689
1217 1818
1218 1417
1218 1459
1218 1562
1218 1630
1218 1686
1218 1738
1218 1748
1219 1841
1221 1678
1221 1726
1221 1881
1222 1303
1222 1319
1222 1469
1222 1656
1222 1791
1223 1783
1223 1942
1224 1237
1224 1655
1224 1700
1224 1749
1224 1903
1225 1333
1225 1505
1225 1615
1225 1741
1225 1778
1226 1254
1226 1328
1226 1422
1226 1767
1227 1320
1227 1945
1228 1426
1228 1497
1228 1626
1229 1291
1229 1393
1229 1755
1229 1805
1229 1825
1230 1480
1230 1539
1231 1279
1231 1714
1231 1847
1232 1333
1232 1423
1232 1462
1232 1468
1232 1483
1232 1700
1232 1774
1233 1270
1233 1288
1233 1353
1233 1465
1233 1557
1234 1258
1234 1817
1235 1584
1235 1588
1236 1324
1236 1369
1236 1874
1237 1429
1237 1541
1238 1646
1239 1629
1240 1570
1241 1450
1241 1754
1241 1795
1242 1361
1242 1589
1242 1840
1242 1852
1242 1875
1243 1691
1243 1799
1243 1961
1244 1328
1244 1480
1244 1943
1245 1270
1245 1854
1246 1254
1246 1510
1246 1566
1246 1737
1246 1745
1246 1769
1247 1275
1247 1573
1247 1652
1247 1900
1248 1610
1248 1989
1249 1254
1249 1507
1249 1615
1249 1904
1251 1386
1251 1529
1251 1723
1252 1324
1252 1334
1252 1655
1253 1274
1253 1619
1253 1705
1253 1943
1254 1490
1254 1912
1255 1512
1255 1553
1255 1579
1255 1738
1256 1414
1256 1827
1256 1913
1256 1944
1256 1947
1256 1951
1256 1976
1257 1400
1257 1580
1257 1720
1257 1856
1257 1883
1257 1928
1258 1383
1258 1521
1258 1795
1258 1959
1259 1548
1259 1591
1259 1599
1260 1267
1260 1407
1262 1403
1262 1450
1262 1951
1263 1334
1263 1406
1263 1477
1263 1592
1264 1569
1264 1697
1264 1747
1264 1815
1264 1898
1265 1369
1265 1448
1265 1617
1265 1908
1266 1291
1266 1431
1266 1442
1266 1860
1267 1443
1267 1462
1267 1499
1267 1670
1267 1780
1267 1798
1267 1892
1267 1954
1268 1282
1268 1662
1268 1790
1268 1802
1269 1518
1269 1679
1269 1719
1270 1640
1270 1722
1271 1387
1271 1446
1272 1531
1272 1685
1272 1790
1272 1997
1273 1303
1273 1323
1274 1336
1274 1673
1275 1318
1275 1882
1276 1346
1276 1519
1276 1712
1276 1733
1277 1383
1277 1670
1277 1929
1278 1440
1278 1650
1278 1714
1278 1792
1278 1830
1278 1835
1278 1909
1279 1380
1279 1394
1279 1489
1279 1499
1279 1581
1279 1691
1279 1881
1280 1540
1280 1632
1281 1943
1282 1290
1282 1580
1283 1570
1283 1727
1283 1768
1283 1839
1284 1816
1284 1824
1285 1455
1286 1326
1286 1613
1287 1301
1287 1477
1287 1590
1287 1642
1287 1811
1287 1954
1288 1392
1288 1460
1289 1460
1289 1585
1289 1820
1289 1979
1290 1422
1291 1599
1292 1349
1292 1486
1292 1611
1292 1730
1293 1403
1293 1407
1293 1600
1293 1602
1293 1978
1294 1350
1294 1402
1294 1475
1294 1673
1294 1796
1294 1827
1294 1850
1294 1993
1295 1655
1295 1939
1296 1938
1297 1652
1298 1354
1298 1486
1298 1515
1298 1585
1298 1676
1298 1969
1300 1572
1301 1530
1301 1791
1302 1314
1302 1360
1302 1417
1302 1468
1302 1645
1303 1499
1303 1544
1303 1906
1304 1660
1305 1618
1307 1696
1307 1755
1308 1380
1308 1449
1308 1484
1308 1745
1309 1442
1310 1340
1310 1693
1310 1763
1310 1965
1311 1325
1311 1329
1311 1696
1311 1760
1311 1912
1311 1928
1312 1689
1312 1898
1313 1421
1313 1871
1314 1543
1314 1721
1314 1817
1314 1955
1315 1757
1315 1963
1316 1838
1317 1325
1317 1335
1317 1943
1318 1734
1319 1657
1320 1421
1320 1452
1320 1649
1320 1896
1321 1512
1321 1901
1322 1407
1322 1654
1323 1455
1323 1705
1323 1782
1323 1812
1323 1943
1324 1619
1324 1685
1324 1827
1325 1390
1325 1743
1325 1744
1325 1763
1326 1802
1326 1815
1327 1611
1327 1751
1327 1878
1328 1341
1328 1396
1328 1672
1328 1769
1329 1823
1329 1973
1330 1332
1330 1382
1330 1392
1331 1630
1331 1743
1332 1858
1333 1526
1333 1568
1333 1650
1333 1917
1333 1919
1334 1476
1334 1705
1334 1827
1334 1904
1335 1507
1335 1683
1335 1992
1336 1513
1336 1530
1338 1659
1338 1749
1338 1777
1338 1939
1338 1958
1339 1608
1339 1629
1339 1987
1340 1776
1342 1681
1342 1791
1342 1842
1342 1894
1343 1558
1343 1692
1343 1767
1343 1934
1344 1614
1344 1722
1344 1766
1344 1768
1344 1818
1344 1909
1344 1988
1345 1497
1345 1536
1345 1583
1346 1608
1346 1772
1346 1896
1347 1592
1347 1601
1347 1947
1348 1576
1348 1690
1348 1715
1348 1842
1349 1514
1349 1729
1349 1887
1350 1353
1350 1494
1350 1808
1350 1985
1351 1522
1351 1616
1351 1816
1351 1889
1352 1499
1352 1972
1353 1464
1354 1612
1354 1635
1354 1665
1356 1522
1356 1681
1356 1879
1357 1487
1357 1603
1357 1640
1357 1697
1357 1794
1358 1661
1358 1911
1359 1374
1359 1465
1359 1534
1359 1547
1359 1733
1359 1754
1359 1788
1359 1949
1360 1404
1360 1590
1360 1694
1361 1742
1361 1969
1362 1571
1362 1737
1362 1828
1363 1671
1363 1751
1363 1796
1363 1807
1363 1935
1364 1565
1364 1739
1364 1814
1365 1523
1365 1689
1365 1749
1366 1533
1366 1554
1366 1595
1366 1977
1367 1909
1368 1470
1368 1633
1368 1866
1369 1378
1369 1436
1369 1528
1369 1556
1369 1704
1369 1781
1369 1867
1369 1943
1370 1416
1370 1576
1371 1469
1371 1552
1371 1603
1371 1664
1371 1729
1372 1561
1372 1672
1373 1645
1373 1671
1374 1385
1374 1571
1374 1600
1374 1704
1374 1830
1375 1547
1375 1548
1375 1928
1376 1566
1376 1635
1376 1696
1377 1379
1378 1731
1379 1634
1379 1842
1380 1460
1381 1545
1381 1766
1381 1825
1381 1958
1382 1958
1382 1964
1383 1503
1383 1596
1384 1514
1384 1887
1385 1545
1385 1583
1385 1600
1385 1794
1385 1862
1386 1867
1387 1512
1387 1656
1387 1851
1387 1864
1388 1871
1389 1406
1389 1680
1389 1707
1389 1767
1390 1424
1390 1435
1390 1443
1390 1480
1390 1902
1390 1983
1391 1810
1391 1833
1392 1563
1392 1726
1392 1826
1393 1431
1393 1432
1393 1444
1393 1476
1393 1822
1393 1827
1394 1938
1395 1413
1395 1421
1395 1445
1395 1858
1396 1811
1396 1981
1397 1414
1397 1672
1398 1682
1398 1716
1398 1896
1399 1899
1399 1990
1400 1675
1401 1902
1401 1968
1402 1403
1404 1695
1405 1459
1405 1719
1405 1948
1406 1912
1407 1844
1407 1921
1407 1989
1408 1568
1408 1577
1408 1690
1408 1998
1409 1481
1409 1534
1409 1763
1409 1782
1409 1885
1410 1498
1410 1980
1411 1684
1411 1728
1411 1800
1412 1414
1412 1457
1412 1737
1413 1653
1413 1973
1414 1623
1414 1880
1415 1479
1415 1814
1416 1499
1416 1914
1417 1481
1417 1600
1417 1826
1418 1509
1418 1824
1418 1893
1419 1542
1419 1630
1419 1911
1420 1442
1420 1452
1420 1563
1420 1740
1421 1673
1421 1806
1421 1913
1422 1466
1422 1649
1423 1458
1423 1904
1423 1985
1423 1991
1424 1698
1424 1821
1424 1875
1424 1972
1425 1668
1426 1689
1427 1563
1428 1494
1428 1901
1428 1993
1429 1762
1429 1949
1430 1771
1430 1775
1430 1791
1431 1642
1431 1677
1431 1737
1433 1797
1433 1816
1433 1882
1434 1514
1434 1576
1436 1557
1436 1924
1437 1621
1438 1677
1439 1668
1439 1848
1440 1952
1441 1702
1442 1719
1442 1763
1443 1461
1443 1737
1444 1587
1444 1761
1444 1851
1444 1876
1444 1896
1445 1519
1445 1858
1445 1890
1445 1898
1446 1768
1447 1491
1447 1600
1447 1634
1447 1797
1447 1824
1448 1461
1448 1618
1448 1682
1448 1775
1449 1534
1451 1489
1451 1783
1452 1510
1452 1530
1452 1666
1452 1698
1452 1778
1452 1833
1453 1775
1454 1767
1454 1793
1454 1877
1454 1939
1455 1511
1455 1600
1456 1844
1456 1921
1457 1894
1458 1658
1458 1731
1458 1843
1459 1536
1459 1687
1459 1721
1459 1778
1459 1924
1460 1658
1460 1674
1460 1765
1460 1951
1461 1508
1461 1717
1461 1763
1461 1772
1462 1663
1462 1694
1462 1756
1462 1801
1463 1557
1463 1607
1463 1702
1464 1554
1464 1790
1464 1935
1464 1991
1465 1601
1466 1677
1466 1932
1469 1683
1469 1778
1469 1888
1469 1936
1470 1749
1470 1770
1471 1511
1471 1587
1472 1761
1473 1523
1473 1880
1473 1929
1474 1615
1474 1746
1474 1836
1475 1518
1475 1755
1476 1797
1477 1520
1477 1737
1478 1480
1478 1535
1478 1918
1479 1767
1479 1828
1480 1496
1480 1764
1481 1583
1481 1746
1481 1782
1481 1999
1482 1768
1483 1851
1484 1633
1484 1725
1484 1794
1484 1935
1485 1927
1486 1574
1486 1653
1486 1932
1487 1746
1487 1927
1489 1804
1489 1979
1490 1538
1490 1667
1490 1797
1490 1876
1491 1661
1491 1777
1491 1803
1491 1839
1491 1895
1492 1573
1492 1721
1493 1581
1493 1950
1494 1944
1495 1743
1495 1900
1496 1628
1496 1908
1497 1869
1497 1900
1497 1918
1498 1817
1498 1883
1499 1973
1500 1787
1501 1522
1501 1884
1502 1635
1502 1698
1504 1822
1505 1968
1506 1808
1507 1798
1507 1882
1507 1948
1509 1610
1509 1667
1511 1595
1511 1628
1511 1825
1512 1664
1512 1740
1512 1764
1512 1844
1513 1644
1514 1609
1514 1771
1515 1668
1515 1695
1515 1938
1516 1529
1516 1659
1516 1741
1516 1926
1517 1677
1517 1801
1517 1981
1517 1987
1518 1748
1519 1760
1519 2000
1521 1639
1521 1974
1522 1662
1523 1795
1523 1823
1524 1526
1525 1818
1526 1641
1527 1626
1527 1660
1528 1549
1528 1736
1528 1899
1529 1779
1530 1547
1530 1570
1530 1591
1530 1993
1531 1625
1531 1689
1532 1710
1532 1828
1532 1913
1532 1923
1533 1543
1534 1764
1535 1685
1535 1752
1536 1630
1537 1646
1537 1803
1538 1681
1538 1845
1538 1961
1539 1557
1539 1624
1539 1714
1540 1643
1540 1737
1540 1942
1541 1611
1541 1884
1542 1808
1543 1652
1544 1599
1544 1696
1544 1764
1545 1570
1545 1934
1546 1576
1549 1592
1549 1717
1549 1844
1549 1887
1550 1826
1551 1958
1551 1964
1552 1627
1552 1732
1552 1778
1553 1607
1553 1871
1553 1957
1553 1987
1554 1934
1554 1979
1556 1613
1557 1626
1557 1699
1557 1811
1558 1818
1558 1821
1559 1832
1559 1857
1560 1630
1560 1779
1561 1567
1561 1603
1561 1645
1561 1805
1562 1567
1562 1958
1562 1965
1565 1775
1567 1643
1567 1684
1568 1720
1568 1897
1568 1981
1569 1680
1569 1747
1569 1753
1569 1826
1569 1940
1570 1577
1570 1595
1570 1842
1571 1778
1572 1825
1573 1770
1573 1977
1574 1691
1574 1987
1575 1661
1575 1833
1576 1964
1578 1583
1579 1619
1580 1649
1580 1686
1581 1673
1581 1744
1581 1816
1582 1670
1583 1664
1583 1665
1583 1688
1583 1862
1584 1648
1584 1831
1585 1658
1585 1826
1585 1932
1585 1963
1587 1630
1587 1706
1587 1852
1588 1888
1588 1940
1589 1609
1590 1601
1590 1625
1590 1660
1591 1612
1591 1889
1591 1901
1592 1916
1593 1773
1593 1947
1593 1982
1594 1636
1595 1632
1595 1846
1596 1954
1597 1817
1597 1909
1598 1646
1599 1699
1599 1953
1600 1865
1601 1974
1602 1711
1602 1835
1602 1892
1602 1911
1604 1732
1606 1675
1606 1768
1606 1774
1607 1636
1607 1769
1608 1796
1610 1899
1611 1704
1611 1882
1612 1627
1612 1870
1613 1800
1614 1705
1615 1688
1615 1775
1615 1822
1616 1897
1617 1690
1617 1810
1618 1662
1618 1672
1619 1747
1620 1624
1620 1687
1620 1762
1621 1872
1622 1762
1622 1955
1623 1648
1623 1654
1624 1900
1625 1698
1625 1747
1625 1855
1625 1981
1627 1649
1627 1941
1628 1630
1628 1734
1629 1815
1629 1911
1630 1693
1630 1770
1631 1658
1634 1820
1634 1950
1637 1936
1637 1956
1641 1821
1642 1817
1642 1878
1643 1951
1644 1744
1646 1651
1647 1686
1647 1772
1648 1780
1648 1825
1649 1746
1650 1844
1650 1914
1650 1983
1651 1687
1653 1771
1653 1790
1653 1860
1654 1728
1654 1932
1655 1826
1655 1943
1656 1742
1656 1855
1657 1723
1658 1691
1658 1852
1658 1894
1659 1671
1659 1944
1659 2000
1661 1948
1662 1716
1662 1827
1663 1678
1663 1791
1664 1914
1664 1938
1665 1978
1666 1692
1666 1715
1666 1974
1668 1750
1669 1688
1669 1810
1669 1898
1671 1686
1672 1750
1672 1811
1672 1987
1673 1708
1673 1922
1676 1709
1677 1827
1677 1885
1679 1698
1679 1997
1680 1915
1681 1950
1682 1727
1682 1781
1684 1893
1686 1727
1686 1821
1687 1872
1690 1790
1690 1871
1691 1692
1691 1740
1692 1928
1692 1935
1692 1999
1693 1761
1693 1808
1693 1885
1694 1934
1694 1970
1695 1813
1695 1933
1698 1785
1699 1712
1699 1767
1701 1862
1701 1912
1702 1749
1702 1873
1702 1921
1702 1989
1704 1972
1705 1901
1706 1774
1707 1790
1707 1928
1708 1802
1709 1941
1711 1773
1711 1989
1713 1949
1715 1848
1717 1928
1719 1911
1720 1800
1720 1971
1721 1728
1722 1945
1722 1981
1723 1957
1724 1942
1724 1964
1726 1930
1728 1753
1728 1922
1729 1743
1729 1798
1729 1823
1729 1861
1730 1771
1730 1876
1731 1950
1732 1843
1732 1957
1735 1920
1736 1811
1736 1862
1736 1989
1736 1998
1737 1756
1737 1795
1738 1785
1738 1976
1738 1999
1739 1787
1739 1834
1740 1963
1740 1988
1741 1883
1742 1912
1743 1763
1743 1851
1744 1875
1744 1907
1746 1885
1747 1826
1747 1895
1749 1783
1750 1986
1751 1969
1751 1974
1752 1794
1755 1826
1755 1990
1757 1878
1758 1796
1758 1900
1762 1844
1762 1901
1764 1947
1764 1966
1768 1824
1768 1965
1769 1884
1771 1951
1771 1957
1775 1850
1775 1881
1776 1882
1778 1919
1779 1848
1779 1952
1779 1960
1783 1810
1785 1788
1785 1988
1787 1815
1788 1964
1789 1996
1791 1819
1791 1943
1792 1900
1794 1934
1796 1800
1796 1921
1800 1840
1802 1815
1802 1847
1802 1887
1802 2000
1804 1976
1806 1914
1806 1969
1806 1979
1809 1938
1810 1876
1811 1832
1817 1957
1818 1931
1820 1849
1820 1931
1821 1997
1824 1974
1829 1893
1829 1921
1830 1858
1830 1915
1830 1973
1832 1851
1832 1864
1835 1867
1835 1898
1836 1932
1837 1964
1837 1984
1839 1991
1841 1986
1845 1880
1849 1909
1850 1874
1857 1938
1858 1993
1861 1953
1862 1869
1863 1873
1864 1901
1865 1992
1866 1959
1866 1982
1871 1979
1874 1962
1876 1917
1878 1950
1880 1913
1887 1973
1889 1898
1889 1936
1893 1931
1899 1953
1902 1911
1902 1922
1910 1932
1911 1980
1911 1986
1912 1966
1913 1925
1913 1938
1915 1933
1915 1998
1922 1941
1923 1991
1924 1978
1924 1996
1927 1989
1927 1994
1930 1943
1932 1950
1932 1959
1938 1996
1947 1981
1948 1967
1951 2000
1956 1966
1961 1975
1964 1978
1964 1992
1970 1979
1973 1988
1996 2000
