2000
1 1595
5 828
7 73
8 1387
9 318
13 85
19 106
20 520
20 958
21 1401
22 507
30 154
30 227
35 595
36 1959
40 1161
41 1598
47 1077
49 1220
50 1421
51 932
52 931
52 1879
53 1554
56 1005
57 876
61 510
63 1025
63 1305
74 726
75 1495
79 1546
81 1602
83 1730
85 792
94 566
96 1862
98 736
99 831
100 215
103 1736
104 1872
105 1317
106 646
106 1741
108 997
109 256
112 1114
115 444
120 1801
120 1871
133 1043
134 772
134 1422
136 713
139 1948
141 349
141 1005
150 1759
151 493
152 1596
155 1779
157 976
157 1607
157 1899
158 1290
162 230
164 1522
167 662
168 1863
169 266
174 724
177 336
177 888
190 1107
193 454
193 1059
196 515
197 337
200 329
205 1997
210 1845
213 1689
218 596
221 715
221 1956
223 1075
227 598
230 839
236 1505
236 1861
238 1638
243 1603
245 1677
247 1104
247 1632
248 305
258 1477
259 1009
260 900
260 1968
261 560
264 1887
267 456
267 756
269 1404
270 755
278 464
278 1322
286 1275
290 995
293 1330
301 823
304 735
310 1303
311 1420
314 969
320 1099
320 1975
322 1596
323 1727
324 1265
326 338
327 352
335 1103
337 1154
338 1394
340 675
349 986
349 1220
350 978
352 723
354 1302
368 1300
370 1014
384 404
385 1574
385 1859
388 1506
391 674
394 485
399 843
399 1746
401 1831
402 1889
404 1545
407 773
415 545
415 1868
418 1881
422 484
424 764
425 1396
425 1538
427 1553
428 1055
431 1087
432 1438
433 1240
435 1313
441 1812
448 709
449 1619
450 1244
456 520
458 1630
470 1293
470 1546
483 1219
489 502
494 1964
497 530
497 772
500 1972
508 1545
510 1487
511 914
511 1513
512 980
515 1309
523 1914
524 1160
529 588
530 601
533 1566
537 1498
539 597
539 1363
543 931
544 1991
549 1799
551 1526
555 1539
558 638
560 1358
567 1075
574 1669
577 1572
581 695
581 865
581 1240
583 960
583 1580
585 1600
586 665
586 1387
587 591
588 1817
595 1113
597 844
603 744
604 827
605 1436
610 1200
614 698
622 1235
623 960
626 1094
635 1874
638 1079
638 1688
646 1215
652 1651
661 1729
662 801
663 1013
667 1209
669 1715
674 1187
677 1843
681 815
681 1637
681 1725
684 770
686 740
686 846
692 1787
693 1331
696 1843
697 1338
706 1819
708 744
708 1027
712 1654
728 939
728 1735
732 1385
736 1218
739 1540
742 1727
743 1496
747 1078
747 1718
750 1368
751 1474
751 1886
757 1958
762 1939
770 854
774 899
781 1537
783 902
801 1053
813 975
813 1666
815 1736
816 1883
818 1372
826 1151
836 864
839 1179
845 1219
847 1686
850 1383
862 1731
867 2000
875 1524
880 1658
881 1740
884 1364
885 1162
894 1692
898 1478
903 1123
903 1473
905 1257
906 1116
923 1964
933 1885
944 1472
948 976
953 1208
954 1608
956 1570
956 1672
958 1333
961 1531
974 1960
990 1523
990 1674
1004 1129
1006 1903
1007 1077
1026 1429
1030 1520
1033 1143
1047 1732
1050 1259
1064 1829
1076 1784
1082 1347
1084 1192
1093 1855
1095 1443
1100 1766
1111 1430
1113 1864
1138 1190
1140 1544
1146 1922
1149 1585
1150 1450
1157 1460
1174 1483
1181 1807
1190 1763
1207 1214
1233 1307
1235 1992
1237 1682
1240 1415
1260 1519
1275 1457
1288 1756
1289 1757
1290 1728
1304 1964
1308 1573
1308 1663
1330 1837
1332 1579
1332 1857
1348 1705
1351 1948
1355 1410
1370 1393
1379 1500
1392 1535
1401 1777
1402 1559
1403 1466
1410 1935
1420 1502
1429 1617
1430 1622
1470 1602
1492 1706
1501 1644
1505 1740
1525 1604
1533 1963
1537 1883
1540 1920
1546 1943
1561 1917
1564 1761
1573 1627
1607 1754
1616 1647
1630 1903
1632 1973
1634 1762
1651 1852
1656 1929
1665 1801
1706 1783
1713 1910
1715 1983
1733 1890
1741 1877
1754 1904
1757 1886
1819 1831
1871 1943
1930 1996
