2000
1 645
2 475
2 685
2 1182
2 1840
3 1099
4 1719
5 620
5 1040
6 443
6 446
6 610
6 657
6 999
7 503
7 1293
7 1491
7 1885
8 201
9 327
11 525
11 1568
11 1681
12 41
12 503
12 1228
12 1309
12 1806
13 370
13 385
13 1979
16 1935
17 457
17 970
17 1083
18 43
18 605
18 1631
19 1520
19 1619
20 153
20 416
21 485
21 925
21 992
22 189
23 147
23 210
23 475
23 1153
24 877
26 1408
26 1564
26 1612
27 1120
28 1038
28 1056
28 1440
29 277
29 342
29 1378
29 1477
32 855
32 1456
33 71
33 189
33 1534
33 1731
34 128
34 1194
34 1721
34 1983
35 44
35 367
35 1334
35 1608
36 108
36 1112
36 1882
36 1999
37 291
37 906
37 917
37 1067
37 1180
37 1492
37 1873
38 1124
38 1584
38 1773
39 1894
40 165
40 283
40 604
41 1336
42 372
42 389
43 96
43 241
43 836
44 306
44 1051
44 1546
45 122
45 227
45 1150
45 1642
46 635
46 842
48 138
48 319
48 1727
48 1982
49 538
49 983
49 986
49 1474
50 412
50 1269
50 1508
51 1074
51 1333
51 1803
52 261
53 186
53 476
53 492
54 1059
54 1222
54 1816
54 1981
55 381
55 491
56 75
56 722
56 813
57 196
57 1582
58 419
58 1510
58 1514
58 1928
59 182
59 1769
60 570
60 685
60 1339
61 554
61 926
61 1166
61 1197
61 1551
61 1947
62 488
62 1287
62 1530
63 902
63 1036
63 1106
63 1617
64 644
64 1993
65 1301
65 1701
65 1840
66 1687
67 388
67 513
67 581
67 631
67 779
67 1224
67 1411
67 1427
67 1938
68 443
68 768
68 1699
69 108
69 605
69 608
70 744
70 827
70 1418
70 1824
71 337
71 424
71 826
71 1415
71 1576
72 479
72 495
72 738
72 1339
72 1433
72 1836
73 267
73 275
73 1606
74 333
74 819
74 1197
74 1668
74 1995
75 1664
76 147
76 723
76 1307
77 509
77 538
77 718
77 871
77 944
78 488
78 1296
79 859
79 1009
79 1346
80 83
80 629
80 1131
80 1848
81 294
82 217
82 437
82 483
82 1398
82 1892
83 217
83 452
83 454
83 641
83 706
84 760
84 1373
84 1820
85 370
85 1975
86 1585
87 380
87 389
87 501
87 599
87 1142
87 1477
88 226
88 376
88 517
89 398
89 1500
90 1180
91 1301
92 1088
92 1793
93 1023
93 1137
93 1190
93 1349
93 1417
93 1847
94 1685
95 1439
96 257
96 623
96 794
96 1371
96 1411
97 675
98 1265
99 135
99 431
99 1875
102 970
103 1257
103 1820
104 738
105 1143
105 1910
105 1932
106 876
107 153
107 602
107 1313
107 1676
108 435
109 178
109 265
109 1273
109 1369
110 981
112 1092
113 196
113 678
113 1710
113 1886
113 1987
114 1295
114 1934
115 229
115 317
115 1071
115 1238
115 1294
115 1391
116 382
116 1095
117 1226
117 1470
118 582
118 629
118 1154
118 1893
119 748
119 1342
120 1292
121 1034
121 1728
121 1884
122 517
122 962
122 1358
122 1524
122 1551
123 468
123 1087
123 1706
124 403
124 1071
124 1459
124 1678
125 627
125 1455
125 1840
126 555
126 815
126 1889
127 286
127 508
127 1068
128 326
128 855
128 1118
128 1932
129 1720
131 710
132 1992
133 1291
134 1350
134 1638
135 861
135 1197
135 1374
136 1443
137 625
137 829
137 1052
138 327
139 1032
139 1583
139 1630
140 986
140 1886
141 149
141 302
141 940
142 285
142 301
142 315
142 1096
142 1105
143 362
143 400
143 696
143 1224
143 1409
143 1551
143 1675
144 338
144 434
144 1192
145 1504
145 1666
145 1821
145 1824
146 875
147 327
147 358
147 784
147 959
148 905
149 432
149 908
149 1290
150 1042
150 1243
151 420
151 824
151 1323
151 1952
152 439
152 928
153 577
153 1033
153 1134
155 499
155 561
155 1448
156 194
156 383
157 1097
157 1522
157 1649
158 566
158 1365
158 1728
159 1714
160 1515
161 459
162 816
162 1216
163 1675
163 1868
164 888
164 911
164 939
165 588
166 1673
166 1913
167 702
167 1846
167 1855
167 1940
171 482
171 1095
171 1412
171 1797
172 222
172 601
172 927
172 936
172 992
172 1025
172 1453
173 1400
175 214
175 1284
176 714
176 716
177 1026
177 1402
178 210
178 553
178 636
178 753
178 940
178 1396
179 648
179 839
179 1459
181 567
182 1274
183 499
183 566
183 685
183 1274
183 1329
184 833
185 629
185 864
186 278
187 377
187 595
187 1642
188 293
188 532
189 731
189 826
190 544
190 1672
190 1951
191 342
191 651
192 195
192 743
192 1219
193 312
193 1963
194 878
194 884
194 1026
194 1512
194 1682
195 331
196 1531
198 257
198 907
198 1714
199 311
199 969
199 1779
199 1791
200 471
200 1930
201 310
201 1098
201 1631
201 1702
202 801
202 829
202 980
202 1363
202 1519
202 1945
203 617
203 756
203 998
203 1399
203 1635
204 466
204 1866
205 1669
206 272
206 946
206 1579
206 1996
208 785
208 1533
209 1760
209 1861
210 875
210 1150
210 1753
210 1857
211 395
211 471
211 732
211 884
211 897
211 1013
212 223
212 394
212 874
213 812
213 843
214 268
214 732
214 1561
214 1594
215 1100
216 672
218 1092
218 1350
219 575
219 1152
221 302
221 566
221 1001
221 1218
221 1396
221 1409
221 1557
221 1639
221 1722
222 1359
222 1607
223 582
223 1174
224 278
225 387
225 768
225 1320
226 816
227 394
227 521
227 1125
227 1688
228 956
229 1516
229 1742
229 1913
230 750
230 1464
230 1500
230 1871
231 773
231 1470
233 510
233 1781
234 614
234 1816
235 439
236 654
236 1302
237 592
237 1750
237 1942
238 398
238 1840
239 309
239 1139
239 1444
239 1556
240 1436
241 616
241 1290
241 1363
241 1545
242 505
242 993
243 284
243 1472
243 1778
244 454
244 1590
246 251
246 714
246 878
246 1265
246 1340
247 1053
247 1583
248 1558
249 587
249 606
249 989
250 819
250 859
250 1039
250 1121
251 1055
251 1697
252 720
252 1298
252 1405
252 1988
253 348
253 663
253 767
253 1374
254 472
254 992
254 1282
254 1790
256 753
256 987
256 1495
256 1612
256 1847
257 944
257 1451
259 1317
259 1490
260 1139
260 1201
260 1668
261 465
261 808
261 1101
261 1506
261 1619
262 692
263 398
264 848
265 459
265 562
265 699
265 739
265 1578
266 997
267 423
267 1408
267 1937
269 406
269 1510
270 555
270 671
271 763
271 1309
271 1799
271 1910
272 1069
272 1238
272 1663
272 1715
272 1968
273 722
273 1120
273 1241
273 1293
274 866
274 1401
275 953
275 1088
275 1413
275 1954
277 936
277 1620
278 844
278 1439
279 325
279 841
279 1052
279 1502
279 1717
280 1513
281 978
282 1618
282 1752
283 909
284 1194
284 1221
285 845
285 900
285 1190
285 1566
285 1891
286 709
287 972
287 1371
288 301
288 356
288 824
289 321
289 363
289 411
289 439
291 547
291 839
291 1962
292 846
292 1361
293 742
293 777
293 1635
294 1021
294 1139
295 554
295 897
295 978
295 1071
295 1768
297 1775
298 954
298 1887
300 804
300 1555
300 1565
300 1836
300 1894
300 1976
301 1311
302 366
303 1061
303 1266
303 1755
304 426
304 595
304 834
304 1298
304 1595
305 586
305 857
306 383
306 642
307 1650
308 844
309 399
309 1253
310 815
310 908
310 1399
310 1895
311 765
311 772
311 1633
312 785
312 1682
312 1959
313 713
314 467
314 730
314 1613
314 1817
315 668
317 1074
317 1454
318 895
318 963
319 617
319 1314
319 1432
319 1573
319 1998
320 953
321 1429
321 1642
321 1662
322 672
322 1380
322 1476
323 521
323 1943
324 682
324 881
324 1103
324 1152
325 452
325 691
325 898
326 332
327 446
327 1719
328 818
328 893
329 1513
330 715
330 1470
330 1774
331 759
331 1533
332 1098
332 1143
332 1251
333 1261
334 579
334 1484
334 1623
335 475
335 1076
335 1264
335 1705
336 944
336 1020
336 1388
336 1639
337 530
338 629
338 1062
338 1127
338 1718
339 900
339 1638
340 514
340 731
340 955
340 1595
341 527
341 1472
342 783
344 846
344 1345
345 1176
345 1369
345 1447
346 884
347 1567
347 1921
348 1964
349 956
349 1060
349 1404
349 1824
350 382
350 1236
351 416
351 1142
352 642
353 1076
354 1124
354 1214
355 590
356 386
356 1010
356 1823
357 976
357 1006
357 1521
357 1611
358 1436
358 1609
359 1017
359 1053
359 1285
359 1348
360 401
360 645
360 1719
360 1934
361 462
361 877
361 1057
361 1094
361 1778
363 650
363 809
363 884
363 1252
364 1467
365 796
365 1213
365 1578
366 418
366 965
366 1273
366 1853
366 1915
368 1010
368 1902
369 1888
370 1104
370 1251
370 1445
370 1662
373 429
373 521
373 537
373 1170
374 680
374 1504
374 1875
375 1559
376 567
376 993
376 1071
377 1015
377 1172
378 420
378 789
379 1254
380 1123
380 1406
380 1633
380 1831
381 534
381 721
381 1649
382 829
382 1295
383 1231
383 1328
383 1405
384 723
384 1112
384 1724
384 1860
385 676
386 881
386 938
386 1110
387 1322
387 1900
387 1995
388 1005
388 1015
388 1098
388 1515
388 1987
389 648
389 972
389 1970
390 1309
390 1616
391 1646
391 1675
392 1122
392 1329
392 1741
393 1230
393 1600
394 699
394 1189
394 1267
394 1587
394 1663
394 1869
395 1945
396 673
397 692
397 1280
397 1337
397 1618
398 887
398 888
398 1019
398 1797
400 633
400 1178
400 1773
400 1931
401 794
401 1210
401 1384
402 438
402 613
402 747
403 1434
405 1723
405 1887
406 871
406 927
406 1124
407 935
407 1192
407 1819
408 768
410 412
410 683
410 1304
410 1745
411 595
411 780
411 1798
411 1848
412 673
412 1249
412 1373
412 1794
412 1935
413 420
413 1365
414 745
414 1336
416 1845
417 1810
418 980
418 1002
420 651
420 729
420 1278
421 1361
421 1665
421 1890
422 1015
422 1917
423 602
423 1969
424 1936
425 550
427 1097
428 1602
428 1624
430 496
431 733
432 547
433 582
433 902
433 1416
434 1561
434 1651
435 829
436 796
436 1408
439 1810
440 1653
442 1362
442 1549
443 814
444 848
444 1265
444 1528
444 1998
445 1336
445 1893
447 859
447 1480
448 1014
449 1976
450 613
450 1068
450 1560
451 597
451 679
451 875
451 910
451 1772
451 1859
452 879
452 1036
452 1202
452 1955
453 607
453 787
453 1959
454 689
454 729
454 796
455 485
455 908
456 973
456 1106
457 509
458 845
458 1192
458 1345
458 1895
459 1155
459 1505
459 1683
460 1928
461 1499
462 817
462 948
462 1751
463 591
463 1352
465 1884
466 855
466 1605
467 485
467 1013
467 1707
467 1723
468 1429
468 1446
469 569
469 705
470 820
470 1625
470 1662
470 1904
471 1114
471 1293
471 1728
472 1344
473 1345
475 1347
475 1877
476 944
477 762
477 1070
477 1425
477 1794
477 1895
478 518
478 745
478 1211
478 1281
479 500
479 867
479 1886
480 502
480 703
480 807
480 1686
480 1759
481 528
481 1168
481 1534
483 1342
484 1375
485 972
485 1788
486 1711
487 930
487 1883
488 831
488 1010
488 1096
489 653
489 915
489 1899
490 1827
491 1248
491 1814
492 1145
494 698
494 806
494 963
495 748
495 807
495 1386
496 652
496 701
496 963
496 1033
496 1182
496 1575
497 578
497 806
497 1078
497 1218
497 1534
497 1961
498 601
498 935
498 1034
499 935
499 1590
500 508
501 666
501 901
501 907
501 1606
502 1317
503 1784
504 608
507 1263
507 1711
507 1821
508 1898
509 1141
510 575
510 598
510 1436
511 699
511 1044
511 1555
511 1816
512 972
513 1624
514 1058
514 1686
515 1302
516 595
516 1087
517 562
517 875
517 1370
517 1490
518 857
518 1839
518 1970
519 740
519 906
520 600
520 1110
520 1496
520 1611
521 1080
521 1366
521 1843
523 1978
524 806
524 886
524 1356
524 1634
525 979
525 1141
525 1263
525 1520
526 1912
527 551
527 1988
528 1505
529 829
529 967
529 1843
530 1063
530 1978
531 1887
532 570
533 898
533 1263
533 1527
534 739
534 806
534 1250
534 1725
535 981
535 1532
536 964
536 1678
537 844
537 1381
537 1634
537 1820
538 611
540 893
541 774
541 1525
542 1179
543 976
544 602
544 730
544 856
545 620
545 700
545 1604
546 632
547 1694
548 1426
549 664
549 1295
549 1701
550 757
550 1357
550 1755
550 1767
551 1564
551 1976
552 1102
552 1313
552 1809
553 1221
553 1520
554 1471
554 1585
555 1131
555 1218
556 1011
556 1241
557 617
557 984
557 1112
559 1964
560 1101
560 1336
561 761
561 1449
562 939
562 1069
562 1361
562 1596
563 980
563 1187
563 1654
564 1315
565 854
565 984
565 1544
565 1756
565 1807
568 789
568 1090
569 634
569 728
570 1040
570 1146
571 982
571 1388
571 1578
572 1700
573 798
573 951
575 1965
576 765
576 1230
576 1403
577 601
577 1686
578 674
578 960
579 651
579 1215
580 853
580 915
582 787
583 909
583 1108
583 1306
583 1891
584 969
584 1003
585 1109
586 937
586 1510
586 1995
587 697
587 821
587 1275
587 1478
588 1550
589 708
590 1493
590 1517
590 1666
591 1005
592 623
593 967
593 1135
593 1959
594 1429
594 1792
595 783
595 1440
596 652
596 1664
597 1530
597 1578
598 772
598 1512
598 1683
598 1971
600 963
601 954
601 1052
601 1287
601 1371
601 1997
602 1345
603 631
603 1189
603 1811
604 1926
605 726
605 876
606 608
606 758
606 1043
607 1181
607 1622
607 1879
608 972
608 1743
609 869
609 1995
612 978
612 1685
613 619
613 684
613 881
613 1867
614 1389
614 1575
615 1921
616 1002
617 1034
617 1126
619 839
619 1496
619 1955
620 746
620 1413
620 1799
621 919
622 941
622 1573
623 854
623 1266
623 1893
623 1948
624 707
624 961
625 756
626 1658
627 1813
628 1276
628 1892
629 935
629 979
632 1917
633 634
633 1003
633 1234
634 767
634 1018
634 1292
634 1623
634 1909
634 1988
635 1998
636 1404
636 1835
637 1042
638 1466
638 1990
639 1339
639 1912
640 848
640 956
640 1174
641 1294
641 1329
642 911
642 1417
642 1690
645 1281
645 1305
647 782
647 887
647 1343
647 1825
647 1851
650 999
650 1583
651 1855
652 763
652 1016
653 1138
653 1331
653 1390
653 1419
654 841
654 1214
655 1044
656 988
658 913
662 743
663 767
663 1362
663 1669
663 1817
664 691
664 1528
665 1657
665 1753
666 1360
666 1614
667 776
667 1913
668 1058
668 1340
668 1527
668 1838
670 1976
671 820
671 1544
672 1466
672 1811
673 811
674 775
674 1058
674 1149
675 787
675 840
675 900
675 1933
676 911
676 1265
676 1746
677 1174
677 1433
678 904
678 1123
679 797
679 961
679 1078
680 1525
681 1210
683 1422
683 1832
684 1153
684 1531
685 1893
685 1924
686 1636
686 1655
687 1433
687 1520
687 1989
688 1231
689 764
689 1413
689 1546
689 1963
690 1366
690 1494
690 1865
692 921
693 1405
693 1721
694 1101
694 1318
694 1778
695 1217
695 1454
696 709
696 964
696 1078
696 1367
696 1466
696 1807
697 1592
698 913
698 1885
700 713
700 955
700 1307
700 1495
701 855
701 1007
701 1332
704 722
704 891
704 1295
704 1548
705 1785
707 1026
707 1823
708 1571
708 1651
708 1670
711 875
711 1155
711 1336
711 1399
711 1515
712 1233
712 1906
713 823
713 1013
713 1422
713 1546
713 1559
714 775
714 1321
716 1536
717 1740
718 765
718 822
718 1371
718 1934
718 1978
718 1998
719 1269
720 929
720 1545
720 1906
721 1522
722 1100
722 1473
725 1887
726 867
726 1173
726 1399
726 1813
727 1221
727 1417
728 1914
729 1015
729 1153
729 1256
729 1452
729 1483
729 1596
730 1723
731 918
731 1401
732 1036
732 1462
732 1988
733 808
733 858
733 928
734 1296
734 1829
735 1119
736 1115
736 1186
736 1841
737 924
738 1576
739 1718
740 966
740 1803
741 972
741 1595
741 1860
742 854
742 1261
743 1027
743 1457
744 1424
745 1659
746 1034
747 1348
747 1418
748 892
748 1733
748 1779
750 879
750 978
751 1995
752 995
752 1749
756 1833
756 1842
757 1127
757 1319
757 1780
758 1173
758 1305
759 901
759 1167
759 1736
760 1514
760 1798
761 1269
761 1910
763 802
763 827
763 909
763 1747
763 1929
765 1728
766 1643
767 878
768 1356
768 1363
769 1223
770 1864
771 1056
771 1338
771 1860
772 856
773 886
773 914
773 1773
774 922
774 1474
775 1327
776 1587
777 1168
777 1203
778 955
778 1546
778 1953
779 1673
780 897
781 837
782 1215
782 1364
782 1693
782 1897
783 957
783 1095
783 1248
784 799
784 1033
784 1189
784 1895
785 1975
786 1030
786 1642
786 1879
788 1729
789 1094
789 1298
790 1260
790 1726
790 1895
791 1409
791 1540
791 1636
792 840
792 1313
793 907
793 1046
793 1127
794 1125
794 1761
795 834
795 1880
797 1179
798 881
798 995
798 1135
799 995
800 1285
803 1689
805 1091
805 1443
806 1235
806 1343
806 1406
806 1500
806 1536
806 1791
806 1826
807 907
807 1782
808 1352
808 1457
808 1917
809 1073
810 1559
811 888
811 1273
811 1345
811 1355
813 894
813 1024
813 1106
814 1471
814 1715
815 926
815 1224
816 1234
818 1357
819 927
819 1338
820 1460
820 1505
821 1079
821 1811
822 954
822 1680
823 1602
823 1888
824 975
825 1533
825 1953
826 968
826 1008
826 1352
827 1095
827 1154
827 1219
827 1880
827 1981
828 1973
830 1782
833 1186
834 1272
834 1739
835 1690
836 1123
837 1190
837 1282
839 1339
840 1490
843 933
843 1477
845 1770
846 1169
847 1209
848 1054
848 1888
849 1426
849 1678
850 1001
850 1625
850 1868
851 861
851 1119
851 1547
852 1275
853 1216
853 1943
854 1083
855 1324
856 1737
857 943
857 1250
857 1256
857 1297
858 1570
858 1614
858 1790
859 1059
859 1480
859 1493
860 1006
860 1641
861 927
862 1549
863 1194
863 1410
863 1733
865 943
865 1548
866 1628
867 1590
868 976
868 1216
868 1587
869 1199
870 1276
871 1243
872 1070
874 1278
874 1328
874 1385
875 954
875 1610
878 1574
879 944
879 990
881 1974
882 1107
882 1917
883 1565
883 1926
884 1250
885 1177
885 1233
885 1535
887 1851
888 1855
888 1891
889 1172
890 1613
890 1725
890 1990
891 1541
891 1673
892 1512
893 1885
894 1747
894 1854
895 1541
895 1730
897 1097
897 1229
898 1162
900 1146
900 1310
901 1018
901 1816
902 1307
903 1081
903 1429
903 1827
904 1707
905 1533
906 1078
906 1450
906 1798
907 1571
907 1657
908 950
908 1544
909 1207
909 1650
910 1880
912 1049
912 1609
913 1259
914 1226
914 1279
914 1941
916 1238
916 1362
916 1708
917 1089
919 1808
919 1831
919 1914
920 1136
921 1329
921 1683
921 1940
922 1509
922 1743
923 1616
924 1010
924 1112
924 1324
924 1868
926 1760
927 1303
927 1887
928 1777
929 1352
930 975
930 1557
931 1304
931 1411
933 1203
934 1024
934 1043
935 1104
936 1116
937 1220
937 1883
938 987
939 1053
940 1011
940 1813
941 1994
942 1757
943 1371
943 1934
945 1919
946 1282
946 1363
946 1801
946 1970
947 1492
947 1702
948 1181
950 1011
950 1289
950 1421
950 1528
950 1955
952 1520
952 1639
954 1054
955 1259
955 1291
955 1685
955 1957
957 1424
957 1457
957 1465
957 1828
957 1967
958 1876
960 1178
960 1775
961 1153
961 1642
962 1982
963 1155
963 1773
964 1394
966 1707
966 1786
966 1837
966 1843
967 988
967 1135
967 1908
968 1152
968 1457
969 1854
970 1276
970 1968
971 1627
974 1783
974 1878
975 1926
979 1010
980 1790
981 1946
981 1996
984 1347
984 1929
985 1388
985 1543
985 1613
985 1614
985 1752
985 1792
985 1969
986 1148
987 1511
988 1194
989 1348
990 1390
991 1332
991 1425
992 1531
994 1744
996 1436
996 1786
997 1903
997 1992
998 1365
998 1497
998 1733
1001 1770
1001 1934
1001 1943
1003 1257
1003 1883
1004 1374
1005 1540
1005 1920
1005 1938
1006 1393
1006 1977
1007 1511
1007 1888
1008 1130
1008 1480
1009 1039
1009 1218
1010 1603
1011 1322
1012 1700
1013 1086
1013 1248
1013 1321
1013 1725
1014 1125
1015 1203
1015 1863
1017 1250
1018 1044
1019 1201
1019 1444
1019 1633
1020 1460
1023 1154
1026 1619
1026 1706
1027 1830
1028 1186
1029 1597
1029 1778
1030 1778
1031 1312
1032 1597
1032 1682
1033 1035
1033 1091
1033 1622
1033 1703
1035 1364
1035 1547
1036 1256
1039 1193
1039 1433
1040 1367
1042 1337
1042 1988
1043 1336
1043 1456
1043 1569
1043 1660
1045 1548
1048 1722
1049 1138
1049 1597
1050 1135
1052 1582
1052 1605
1052 1899
1053 1097
1055 1094
1059 1459
1060 1168
1060 1830
1063 1466
1063 1963
1064 1237
1064 1959
1065 1339
1066 1159
1066 1287
1066 1765
1066 1796
1069 1095
1069 1256
1069 1595
1069 1700
1069 1751
1070 1073
1071 1398
1072 1690
1074 1141
1074 1658
1074 1815
1076 1200
1076 1245
1076 1812
1079 1383
1080 1355
1080 1716
1083 1178
1085 1205
1085 1444
1085 1610
1088 1195
1089 1314
1090 1121
1090 1143
1091 1461
1092 1351
1093 1238
1093 1755
1093 1938
1094 1313
1095 1129
1095 1393
1095 1698
1096 1908
1097 1193
1097 1296
1097 1485
1097 1982
1099 1250
1099 1324
1099 1790
1100 1405
1101 1164
1101 1306
1102 1451
1104 1111
1104 1261
1104 1450
1104 1981
1105 1513
1106 1323
1106 1968
1107 1881
1108 1150
1108 1610
1109 1143
1110 1873
1111 1668
1111 1814
1111 1916
1112 1528
1114 1884
1115 1512
1119 1337
1120 1592
1121 1316
1122 1593
1122 1825
1122 1995
1123 1488
1124 1177
1124 1190
1124 1286
1124 1299
1124 1750
1124 1823
1124 1971
1128 1190
1128 1421
1128 1963
1129 1519
1130 1233
1131 1598
1131 1773
1131 1854
1132 1274
1132 1971
1133 1404
1133 1540
1133 1735
1135 1565
1138 1923
1139 1183
1139 1309
1140 1168
1140 1350
1140 1733
1141 1992
1142 1961
1144 1917
1145 1826
1146 1352
1146 1477
1146 1549
1147 1430
1147 1444
1147 1896
1150 1416
1150 1829
1150 1897
1151 1387
1152 1872
1153 1411
1153 1865
1154 1815
1155 1174
1155 1421
1156 1278
1158 1297
1159 1250
1159 1339
1159 1984
1160 1761
1160 1909
1160 1939
1164 1245
1164 1601
1167 1214
1169 1397
1171 1391
1171 1615
1171 1787
1172 1506
1172 1553
1174 1711
1176 1381
1176 1679
1177 1644
1181 1478
1181 1720
1181 1800
1182 1710
1183 1307
1183 1435
1183 1842
1184 1359
1186 1603
1187 1832
1188 1739
1190 1322
1190 1431
1191 1761
1193 1888
1195 1505
1195 1989
1196 1954
1198 1269
1200 1352
1201 1903
1204 1519
1204 1931
1207 1626
1209 1320
1209 1398
1209 1618
1209 1940
1210 1945
1212 1539
1215 1451
1217 1916
1218 1419
1219 1320
1222 1333
1223 1272
1223 1552
1223 1650
1224 1368
1224 1574
1224 1867
1225 1995
1226 1251
1229 1882
1232 1938
1233 1389
1233 1878
1234 1554
1234 1798
1237 1448
1238 1925
1238 1992
1239 1254
1239 1284
1239 1560
1241 1384
1242 1389
1243 1717
1243 1879
1245 1935
1246 1871
1246 1912
1247 1646
1247 1908
1248 1680
1248 1733
1248 1790
1250 1537
1253 1999
1255 1771
1257 1363
1257 1636
1259 1288
1259 1319
1259 1859
1265 1361
1265 1371
1266 1872
1266 1895
1269 1402
1269 1699
1270 1793
1271 1859
1272 1461
1274 1952
1276 1759
1277 1674
1278 1283
1282 1743
1283 1326
1284 1687
1287 1968
1291 1393
1294 1306
1294 1386
1295 1651
1295 1755
1297 1513
1299 1804
1299 1962
1301 1745
1301 1785
1302 1671
1303 1950
1304 1899
1305 1879
1306 1617
1307 1419
1307 1831
1308 1496
1312 1971
1315 1557
1316 1534
1317 1374
1317 1501
1318 1702
1318 1794
1320 1560
1321 1539
1321 1656
1321 1770
1323 1841
1324 1424
1326 1340
1326 1755
1326 1885
1327 1662
1328 1847
1329 1576
1329 1667
1333 1494
1333 1529
1334 1632
1334 1800
1335 1702
1340 1531
1341 1971
1342 1674
1345 1617
1346 1916
1346 1964
1347 1528
1349 1452
1350 1940
1352 1548
1352 2000
1353 1503
1355 1552
1356 1787
1358 1866
1358 1872
1359 1832
1359 1883
1362 1815
1363 1531
1363 1696
1365 1540
1365 1651
1367 1446
1368 1689
1368 1956
1369 1575
1370 1611
1370 1893
1371 1434
1372 1838
1374 1524
1376 1917
1377 1768
1377 1907
1377 1932
1378 1450
1378 1501
1378 1515
1380 1487
1380 1659
1381 1935
1382 1607
1382 1628
1383 1951
1384 1517
1385 1765
1385 1831
1385 1939
1387 1724
1388 1602
1389 1535
1392 1547
1397 1590
1400 1626
1400 1869
1401 1489
1404 1707
1407 1489
1408 1755
1409 1835
1410 1509
1410 1940
1410 1968
1416 1996
1417 1461
1417 1584
1420 1732
1420 1920
1423 1836
1423 1854
1427 1524
1428 1605
1429 1916
1430 1567
1432 1898
1433 1442
1434 1472
1435 1477
1438 1865
1441 1695
1442 1850
1443 1880
1444 1702
1445 1697
1449 1761
1449 1800
1449 1961
1450 1536
1450 1885
1451 1768
1452 1919
1453 1519
1457 1676
1457 1962
1458 1881
1462 1940
1463 1509
1464 1722
1464 1983
1465 1661
1466 1610
1467 1807
1468 1686
1468 1816
1468 1993
1474 1839
1478 1846
1479 1823
1480 1569
1481 1684
1485 1988
1486 1910
1490 1961
1491 1642
1492 1929
1493 1579
1495 1612
1502 1934
1504 1972
1508 1988
1510 1971
1514 1944
1514 1967
1518 1792
1518 1834
1518 1986
1522 1838
1523 1644
1525 1557
1525 1962
1532 1907
1535 1728
1537 1803
1537 1999
1538 1703
1539 1693
1540 1720
1540 1795
1545 1622
1550 1892
1550 1941
1552 1978
1553 1672
1555 1889
1556 1890
1556 1939
1558 1756
1561 1709
1562 1616
1562 1664
1562 1724
1563 1853
1564 1660
1568 1605
1568 1748
1569 1922
1570 1619
1570 1656
1571 1618
1571 1721
1572 1943
1575 1720
1575 1898
1581 1847
1583 1906
1587 1837
1588 1849
1589 1615
1589 1748
1589 1909
1598 1835
1601 1705
1601 1984
1602 1797
1603 1713
1604 1840
1608 1960
1611 1955
1620 1952
1621 1984
1624 1742
1628 1954
1630 1642
1632 1885
1634 1977
1635 1861
1636 1902
1637 1876
1638 1700
1638 1736
1638 1770
1640 1799
1641 1685
1645 1681
1648 1791
1648 1972
1648 1992
1649 1697
1651 1741
1651 1749
1651 1906
1653 1732
1654 1980
1655 1873
1658 1977
1662 1679
1666 1692
1668 1819
1673 1700
1673 1742
1678 1904
1682 1979
1683 1697
1684 1703
1684 1845
1687 1927
1690 1725
1691 1916
1696 1931
1698 1798
1706 1739
1706 1751
1710 1778
1717 1726
1717 1796
1718 1887
1718 1911
1718 1983
1721 1840
1724 1765
1725 1877
1727 1994
1730 1751
1734 1893
1741 1974
1755 1782
1755 1865
1765 1842
1768 1901
1771 1827
1774 1878
1775 1944
1777 1829
1785 1929
1788 1826
1792 1987
1794 1936
1797 1814
1798 1936
1802 1827
1804 1855
1804 1971
1808 1884
1813 1890
1817 1950
1821 1899
1821 1963
1822 1928
1829 1929
1841 1843
1847 1902
1865 1910
1868 1889
1870 1982
1884 1893
1886 1979
1887 1944
1888 1926
1889 1998
1893 1957
1895 1933
1895 1936
1914 1972
1949 1957
1963 1980
1971 1995
