2000
1 361
1 608
1 752
1 1183
2 363
2 829
2 1740
2 1956
3 972
4 1408
5 132
5 1485
6 1323
7 374
7 1071
8 27
8 629
9 206
10 1317
10 1548
11 1473
12 874
12 1706
13 120
13 577
13 1733
13 1797
13 1999
14 710
14 1761
15 115
15 593
15 1529
16 946
17 1497
18 46
18 936
19 175
19 440
19 460
19 1128
20 283
20 353
20 610
20 729
20 1216
20 1871
21 441
21 958
21 1208
21 1599
21 1937
22 79
22 125
22 772
22 1701
23 1403
23 1731
26 338
26 1242
26 1379
26 1476
27 173
27 916
27 1899
28 76
28 273
28 315
28 394
28 1502
28 1696
29 483
29 619
29 1396
30 837
30 1996
31 182
31 683
31 1597
32 858
32 1033
32 1267
32 1573
32 1635
33 383
33 986
34 1548
34 1791
35 978
36 56
36 185
36 230
36 1088
36 1187
36 1214
36 1711
37 917
37 1755
39 1043
39 1612
39 1656
40 564
41 115
41 435
41 912
42 702
42 913
42 926
42 1075
42 1080
42 1211
42 1491
43 881
43 1514
44 129
45 649
45 925
46 771
46 1464
46 1717
46 1785
46 1861
46 1959
47 1467
47 1469
47 1677
48 620
48 1145
49 203
50 563
51 303
51 365
51 1064
52 197
52 268
52 1212
52 1469
52 1736
53 915
54 550
54 622
54 1430
54 1747
55 1200
55 1567
55 1660
55 1895
56 615
56 677
56 1270
56 1501
57 175
57 426
58 643
58 665
58 1121
58 1233
58 1290
59 400
59 778
59 899
60 1127
60 1196
60 1758
61 187
61 347
61 506
61 637
62 232
62 773
62 778
63 199
63 305
63 332
63 867
63 1400
64 1201
64 1204
64 1344
64 1431
65 1093
66 363
66 1013
66 1136
66 1631
67 1478
68 219
68 1147
68 1153
68 1745
68 1970
69 460
69 726
69 1213
69 1556
69 1560
69 1842
70 136
70 829
70 954
71 993
71 1009
71 1844
72 584
72 1388
72 1511
73 843
73 1105
73 1368
74 616
74 930
74 1204
75 264
75 272
75 1049
75 1753
75 1999
76 236
76 522
76 666
76 827
76 848
76 1180
77 128
78 1351
79 902
79 1739
80 785
80 1780
81 1475
82 1790
83 1565
84 365
84 506
84 666
84 1036
84 1909
85 246
85 1121
85 1229
85 1368
86 1203
86 1391
86 1524
86 1994
87 1460
87 1927
88 141
88 195
88 487
88 1891
89 1900
91 300
91 690
91 1204
91 1847
92 1072
92 1428
92 1440
93 827
93 866
93 1536
94 163
94 836
94 1819
95 478
95 711
95 1691
96 217
96 501
96 1089
96 1372
97 687
97 1474
97 1558
98 217
98 265
98 429
98 687
98 1628
99 1753
100 305
100 1044
101 523
101 607
101 691
101 1371
101 1731
102 172
102 853
102 1781
104 780
104 1021
104 1369
104 1655
105 576
105 641
105 654
105 1210
105 1251
106 612
107 183
107 498
107 750
107 876
107 1519
107 1764
108 695
108 1342
109 334
109 503
109 873
109 910
109 1731
110 474
110 521
110 1769
111 1386
112 603
112 1144
112 1206
113 134
113 831
113 904
114 222
114 473
114 1124
114 1568
115 1181
115 1367
115 1584
115 1774
116 1462
117 386
117 610
117 971
119 392
119 723
121 642
121 696
121 1057
121 1174
122 1499
123 1717
124 1114
124 1116
124 1448
124 1805
125 580
125 619
125 1845
126 325
126 1293
126 1801
127 306
127 396
127 860
127 1939
128 863
128 1356
129 1957
130 258
130 336
130 1205
130 1453
131 257
131 1083
132 771
132 1545
133 1047
133 1815
134 1171
134 1301
135 234
135 318
135 342
135 1705
136 547
136 575
136 844
137 1892
138 198
139 406
139 1388
139 1448
139 1467
140 195
140 818
140 1107
140 1262
140 1670
141 195
141 267
141 332
141 630
141 1119
141 1311
142 906
142 1406
142 1687
143 877
144 493
144 809
144 822
144 1755
145 390
145 1148
145 1849
146 1882
147 718
147 1010
148 1368
149 877
149 1549
150 167
150 791
150 1242
151 446
151 683
151 1029
151 1413
152 481
152 635
152 1510
153 189
153 385
153 862
153 923
153 1582
153 1732
155 1606
156 230
156 279
156 600
156 778
157 1364
157 1626
158 210
158 533
158 804
158 1831
160 1009
160 1489
160 1785
161 375
162 1550
162 1592
163 662
163 740
163 1184
163 1393
163 1829
164 226
164 793
164 976
164 1520
164 1546
165 469
165 1741
167 189
167 1129
167 1145
169 1051
169 1279
169 1359
169 1573
169 1774
170 824
170 1135
170 1221
170 1243
170 1433
170 1940
171 529
171 650
171 1607
171 1772
172 274
172 789
172 1391
173 1549
174 176
174 278
174 516
174 1429
174 1594
175 1370
176 381
176 779
176 1396
176 1506
177 463
177 736
177 814
177 1624
178 730
179 188
179 390
179 558
179 827
179 1937
180 657
180 664
180 1508
180 1514
180 1845
180 1861
181 300
181 460
181 645
181 1086
181 1224
182 570
182 1256
183 832
183 1981
184 810
184 941
184 1086
184 1768
185 942
187 899
187 1793
188 578
188 1062
188 1622
189 1439
190 1362
191 578
191 1052
191 1122
192 351
192 516
192 576
192 1004
193 225
193 732
193 1540
194 379
194 1701
195 215
195 525
195 1562
195 1675
195 1967
196 1146
196 1631
196 1836
197 756
197 1224
198 1978
199 726
199 750
199 1074
199 1471
199 1519
199 1933
200 567
200 1362
200 1969
201 697
202 292
203 453
203 1501
204 235
204 271
204 604
204 716
204 1351
205 495
205 1092
205 1607
205 1984
206 709
206 1099
206 1817
207 331
207 505
207 810
207 1183
207 1887
208 627
208 878
208 1345
209 1534
209 1550
210 488
210 1490
210 1540
211 488
211 509
211 1895
212 366
212 1171
213 586
213 660
214 313
214 405
214 1476
214 1584
215 865
215 1081
216 373
216 1398
216 1582
217 1992
218 816
218 902
218 1983
219 874
219 1112
220 475
220 989
221 1916
221 1934
222 416
222 548
222 1557
222 1642
223 800
223 1503
223 1864
224 397
224 600
225 368
225 1191
225 1432
226 784
226 1094
226 1507
226 1631
227 319
227 539
227 1263
228 293
228 992
228 1617
229 1046
230 936
230 1464
231 796
231 878
231 1575
231 1644
231 1754
232 1616
233 685
233 1690
234 673
235 269
235 737
235 1577
235 1920
236 1045
237 1924
238 1812
239 248
239 278
239 1099
239 1141
239 1241
241 503
241 657
241 1170
241 1975
241 1979
242 360
242 1193
243 1193
243 1782
243 1837
244 261
244 633
244 897
244 1048
244 1052
244 1941
246 1958
247 486
247 1007
248 328
248 347
248 490
248 978
248 1453
248 1522
249 941
249 1558
249 1990
250 451
250 907
250 1979
251 569
251 1819
252 771
252 1058
253 383
253 678
253 683
253 736
253 958
253 1001
253 1325
253 1548
253 1957
254 1512
254 1728
255 433
255 839
255 1627
256 470
256 1294
256 1518
256 1661
257 355
257 841
257 1336
257 1643
258 1389
258 1480
258 1977
259 353
259 1220
259 1640
260 1337
261 1121
261 1438
261 1751
262 267
262 452
263 925
263 1197
263 1478
263 1788
264 549
264 557
264 1195
264 1980
265 1028
265 1241
265 1535
266 1190
266 1685
267 1587
268 573
268 1582
268 1592
269 296
269 1127
269 1579
270 1264
271 733
271 1539
272 1132
273 449
273 586
273 1178
273 1258
274 1711
274 1968
275 435
275 836
275 1626
276 1050
276 1485
277 358
277 723
277 1145
277 1259
278 1104
278 1727
279 715
279 935
279 1655
279 1856
280 1050
281 341
281 632
281 1232
281 1519
282 924
282 1135
283 368
283 1115
283 1305
284 1553
284 1937
285 1606
286 629
286 789
286 1284
287 540
287 1075
287 1164
288 305
288 844
288 870
288 1656
288 1937
289 409
290 430
290 1031
290 1493
290 1815
291 406
291 1062
292 356
294 458
294 685
297 805
297 1488
297 1522
298 1203
298 1655
299 1213
300 518
301 722
301 1249
301 1580
302 573
302 635
302 750
302 1268
302 1457
302 1532
304 490
304 1091
304 1237
304 1275
305 453
305 1085
306 340
306 1354
306 1433
306 1480
306 1743
307 869
307 1796
308 747
308 1006
308 1184
308 1569
308 1645
308 1684
309 853
309 1101
310 1089
310 1328
310 1962
311 420
311 613
311 1517
311 1996
312 758
312 1563
313 1108
313 1121
313 1397
313 1495
314 618
314 1404
315 1788
316 1545
316 1566
317 1106
318 854
318 859
318 1474
318 1975
319 838
319 1575
320 372
320 1101
320 1690
321 555
321 601
321 1188
321 1876
322 1053
323 613
324 448
324 991
324 1211
324 1428
324 1455
325 774
325 1370
326 585
326 1016
326 1932
327 1153
328 515
328 582
328 616
328 707
328 857
328 1310
329 1186
329 1590
330 718
330 1258
331 791
331 1527
331 1920
333 341
333 893
333 1271
333 1807
333 1920
335 1106
335 1617
335 1795
335 1876
336 972
336 1176
336 1446
337 1421
339 416
339 683
339 1500
339 1900
340 1295
342 1713
343 740
343 1097
343 1412
343 1612
343 1727
344 1075
345 1607
346 349
346 1908
347 1054
347 1727
348 607
348 830
348 1815
349 698
349 1681
350 1956
351 1067
351 1262
351 1659
351 1752
351 1867
352 665
352 1352
353 826
353 827
353 1100
354 899
355 533
355 672
355 1298
355 1841
357 1615
358 1382
358 1610
358 1847
358 1983
359 362
359 603
359 654
359 1536
359 1585
360 1095
361 1260
362 644
362 864
362 944
363 560
363 927
363 1708
363 1734
363 1892
364 763
364 1051
364 1145
365 643
365 1402
365 1514
365 1906
366 1143
367 800
367 1020
368 1512
369 423
369 1056
370 553
370 846
370 1400
370 1870
371 965
371 1830
372 1024
373 771
373 1106
373 1864
373 1917
374 573
374 1422
374 1489
374 1987
375 1863
376 557
377 706
377 966
378 858
379 980
379 1419
379 1556
379 1661
381 508
381 1148
382 488
382 1007
382 1816
383 1147
383 1544
384 714
385 581
385 826
385 830
385 1594
386 654
386 658
386 1129
386 1704
386 1777
386 1911
387 780
388 1273
388 1281
389 394
389 1145
390 779
391 1396
391 1754
392 600
392 1326
392 1340
392 1458
392 1878
393 638
393 797
394 960
394 1467
395 613
395 1186
395 1718
396 1048
396 1159
396 1214
396 1368
396 1547
396 1848
397 1529
398 492
399 1026
399 1375
399 1507
399 1814
400 762
400 1040
401 517
401 800
402 807
402 1149
403 796
403 850
403 1124
404 1247
404 1407
404 1458
404 1567
404 1633
405 438
405 506
405 1085
405 1239
405 1704
405 1867
405 1910
406 1408
406 1490
407 908
407 1252
407 1398
407 1681
408 568
409 1124
409 1446
409 1560
410 1174
410 1991
411 1167
412 1026
412 1731
413 844
413 1629
414 1010
415 624
415 1315
415 1408
415 1435
416 445
416 589
416 1215
416 1228
417 586
417 1040
417 1093
417 1841
419 772
419 840
419 1516
419 1638
419 1731
419 1997
420 562
420 1783
421 645
421 1006
421 1604
422 1133
422 1464
422 1601
423 996
423 1369
424 489
424 814
424 1249
424 1412
424 1559
424 1636
427 485
428 1932
429 1018
430 912
430 1422
431 1655
432 455
432 1297
434 1055
434 1981
435 970
435 1448
436 527
436 544
436 679
436 961
436 1607
437 1489
437 1500
438 506
438 573
438 639
438 651
438 688
438 836
440 1823
441 1316
442 915
442 1338
443 548
443 1714
443 1912
444 930
444 1299
445 1270
447 901
448 478
448 905
448 1281
448 1908
448 1955
449 527
449 784
449 1054
449 1262
449 1572
449 1950
450 752
450 1260
451 548
451 1314
451 1459
451 1584
451 1671
451 1725
452 1966
453 1170
453 1520
454 581
454 1269
455 1636
456 1510
457 1625
458 737
459 804
460 984
460 1116
460 1589
460 1907
461 687
461 1543
462 924
464 656
464 759
464 1135
464 1589
464 1676
464 1871
465 536
465 1091
466 730
466 1358
467 587
467 752
467 1116
468 1494
468 1921
469 1933
470 941
470 1161
470 1333
470 1967
471 1146
472 861
472 1697
472 1817
473 1660
475 1820
477 1205
477 1580
477 1917
478 735
478 1205
478 1311
478 1425
479 1417
479 1431
479 1698
479 1763
479 1779
479 1825
480 619
480 668
480 962
481 606
481 1989
482 863
482 969
482 1244
482 1290
483 1232
483 1446
483 1641
483 1893
484 1079
484 1482
485 1086
485 1311
485 1494
486 620
486 1925
487 1698
487 1775
487 1928
488 1164
489 1795
489 1944
490 530
490 633
490 1765
491 1157
491 1248
491 1759
492 1073
492 1213
493 1203
493 1678
494 684
494 1243
495 1117
495 1435
495 1726
495 1784
496 1745
496 1847
498 1331
500 897
500 1748
501 820
501 1044
501 1089
501 1806
502 782
502 931
503 720
503 1927
504 541
504 1539
505 914
505 1824
505 1832
506 589
506 925
506 1656
506 1952
507 640
507 999
507 1603
507 1946
507 1966
508 1813
509 940
511 594
511 1052
511 1514
512 1792
512 1959
513 909
514 720
514 1495
515 827
515 942
515 1249
515 1477
517 532
517 630
518 655
518 1321
519 1182
520 618
520 866
520 1722
520 1724
520 1874
520 1919
521 1964
522 1191
522 1739
522 1879
523 546
523 1312
524 1181
524 1212
524 1560
526 1039
526 1328
526 1773
526 1937
527 633
527 1044
528 725
528 918
528 1652
529 848
529 953
529 1181
530 1024
530 1967
531 1295
533 1782
535 713
535 826
536 580
536 1864
536 1948
538 980
539 610
539 627
539 1538
539 1599
540 1502
541 1409
542 1010
542 1709
543 732
543 1760
544 695
544 1030
544 1889
545 925
546 902
546 1005
546 1776
547 871
547 916
547 1346
547 1823
547 1918
548 565
548 740
548 1321
548 1386
549 1133
549 1785
550 1138
550 1703
552 933
552 1467
552 1658
553 639
553 1435
554 858
554 882
555 807
556 899
556 925
557 919
558 819
559 1496
560 1160
560 1930
561 700
561 945
561 1051
561 1192
561 1309
561 1524
562 776
562 1088
562 1306
563 1092
563 1305
563 1441
564 1262
565 636
565 1228
565 1928
565 1989
566 1394
568 625
568 757
568 1192
568 1360
568 1797
569 1601
569 1629
569 1798
569 1968
570 799
570 1106
570 1655
571 747
571 1270
571 1294
571 1295
572 1563
572 1739
572 1807
574 711
574 865
574 914
574 1097
575 1134
575 1230
576 1617
577 1090
577 1311
579 943
579 965
579 1440
579 1918
580 1532
580 1730
580 1738
581 1220
582 1939
583 884
583 1167
584 1129
584 1359
584 1364
585 972
585 1375
587 1231
588 649
588 1090
588 1899
589 669
589 1057
589 1235
590 771
590 979
590 1188
591 734
591 1024
591 1443
592 1170
592 1719
594 855
594 1768
595 667
595 781
595 1857
597 1300
597 1428
598 1852
599 760
599 1101
600 1044
600 1563
601 1506
602 1145
602 1431
603 839
603 1369
604 821
604 960
604 1110
604 1188
605 643
605 1378
605 1986
606 821
606 1215
607 857
608 1139
608 1387
608 1880
609 1695
610 1494
610 1641
611 829
611 1244
611 1317
611 1427
612 940
612 1279
612 1909
614 669
614 1803
615 639
615 1624
616 1193
617 1116
617 1348
617 1430
618 1079
618 1852
619 1146
619 1563
620 687
620 1211
622 1364
623 1200
624 1720
624 1939
624 1965
625 922
625 1211
625 1271
626 1177
626 1308
626 1792
628 1411
628 1467
629 1117
629 1863
629 1869
630 1043
630 1049
630 1459
631 1076
632 1527
633 741
633 1449
633 1881
634 1154
634 1852
635 1017
635 1261
635 1596
636 1467
637 1266
638 1920
639 675
640 692
641 1302
642 1036
642 1350
642 1691
642 1929
643 1574
643 1994
644 1581
645 1762
645 1881
646 698
646 927
646 978
646 1557
647 979
647 1842
648 947
648 1186
648 1934
649 1424
649 1829
650 848
650 1126
650 1362
650 1590
651 1310
652 1578
653 1257
653 1834
654 1483
654 1553
655 1085
656 681
656 1236
656 1829
658 985
658 1199
658 1616
659 1992
660 1119
661 1096
661 1247
662 771
662 1332
663 1366
663 1800
664 1029
664 1369
665 846
665 927
666 684
666 895
666 928
666 1209
666 1406
667 748
667 797
667 1947
668 936
668 1162
669 731
669 829
669 1489
670 1177
670 1414
670 1789
670 1847
671 1988
672 814
673 1665
673 1694
674 689
674 1209
674 1686
675 1123
677 800
678 834
678 1125
678 1880
679 983
680 682
680 1238
681 1914
683 800
683 1655
684 1134
685 1795
686 824
687 874
687 1186
687 1213
687 1531
688 1765
690 1722
691 1022
691 1830
693 745
694 976
694 991
694 1181
694 1266
695 909
695 1025
695 1119
695 1730
696 748
696 1244
696 1694
696 1796
697 1659
698 845
698 919
698 1437
699 1136
699 1273
700 748
700 954
700 1833
701 1221
701 1281
701 1846
702 1145
702 1842
703 859
703 1823
704 1172
704 1257
704 1402
704 1964
705 1371
706 854
706 1588
706 1750
706 1853
706 1902
707 1029
707 1581
707 1662
707 1900
708 1967
710 768
710 1445
710 1637
710 1792
711 1188
711 1619
711 1987
712 729
712 1436
713 1186
714 1554
714 1614
714 1651
714 1770
715 986
716 943
716 1152
716 1317
716 1908
716 1969
717 1593
717 1863
720 981
722 1992
723 1261
723 1274
724 742
727 885
727 1296
730 964
730 1314
730 1353
730 1798
731 913
731 1315
731 1564
731 1778
732 1252
733 1296
733 1425
733 1514
733 1707
734 1096
735 1302
735 1884
736 1046
736 1097
736 1128
736 1821
738 1437
738 1477
738 1762
738 1893
739 1518
739 1725
740 1005
741 815
741 905
741 1616
742 887
743 871
743 1351
743 1757
743 1917
744 760
744 804
744 1272
745 823
745 1048
745 1174
745 1186
747 1337
748 1381
749 871
749 987
749 1006
749 1825
751 808
751 1589
751 1763
752 1105
752 1713
753 1856
754 1077
755 1297
755 1768
756 887
756 1766
758 1727
759 1306
760 841
760 1018
760 1417
760 1880
762 1081
762 1402
762 1863
764 934
765 876
765 886
765 1030
765 1503
768 835
768 1304
768 1667
768 1732
768 1889
769 913
769 924
769 944
770 1207
771 905
771 1564
772 985
773 1293
774 1042
774 1154
774 1373
775 1428
776 978
776 1163
776 1311
777 1929
777 1970
778 940
778 1097
778 1757
778 1814
779 801
779 1915
780 885
780 1227
780 1634
781 903
781 1216
781 1385
781 1453
782 892
782 1824
783 940
783 1452
783 1595
784 1086
784 1189
784 1809
784 1983
785 1464
785 1579
785 1917
786 1351
787 937
788 957
788 1422
788 1811
789 1826
790 1854
791 1454
791 1680
791 1800
792 1551
794 1290
794 1534
796 1773
797 902
797 989
798 1230
798 1966
799 1373
799 1661
801 1549
802 829
802 1960
803 832
804 1024
804 1070
804 1275
804 1537
804 1720
804 1858
804 1886
808 978
809 1506
809 1765
810 1870
811 1165
811 1660
811 1918
814 1471
815 1039
815 1622
816 1456
816 1697
816 1956
816 1986
817 1014
817 1265
817 1438
817 1711
818 1710
818 1785
818 1848
819 1447
820 940
820 1948
821 1479
821 1529
822 1021
822 1761
823 1288
823 1471
823 1781
823 1897
824 1328
824 1796
824 1847
825 903
825 1336
825 1967
826 1409
827 858
827 1223
828 1079
828 1358
828 1423
828 1455
828 1502
828 1734
828 1815
828 1827
829 909
829 922
829 1461
830 881
830 1077
830 1219
831 1068
831 1698
831 1867
832 929
832 1203
832 1900
832 1922
833 1337
833 1699
833 1804
833 1939
834 1005
834 1660
835 967
837 923
837 1459
837 1751
838 1545
838 1546
839 865
839 925
839 1990
841 1752
842 1293
842 1470
845 1630
845 1876
846 1360
848 1435
848 1722
848 1791
850 1692
851 1067
851 1384
852 881
852 1168
852 1977
854 1663
855 1115
856 1438
857 1093
857 1272
858 1042
858 1167
858 1176
858 1253
858 1863
859 1757
860 1498
861 1126
861 1274
862 1051
863 932
863 1159
864 1511
866 1332
866 1414
867 1262
867 1482
867 1967
868 941
868 1499
868 1700
869 1059
869 1442
870 901
870 1092
870 1554
871 1034
872 993
874 1388
874 1878
874 1988
875 906
875 1245
876 952
876 1002
876 1083
876 1249
876 1763
876 1808
877 1012
877 1032
877 1248
878 1017
878 1199
878 1819
879 1096
881 1509
881 1957
882 1519
882 1581
882 1972
883 1277
883 1296
883 1611
883 1758
884 1536
885 1420
886 1446
886 1801
887 1584
887 1612
889 1235
889 1446
892 1799
892 1913
893 1494
893 1587
893 1590
895 1320
895 1500
896 1780
896 1786
897 1379
897 1691
897 1831
898 957
898 1263
900 1132
900 1479
900 1770
900 1979
901 1790
902 1874
905 1994
906 1537
907 1154
907 1197
907 1843
908 1951
909 1356
910 1382
910 1893
911 1320
911 1356
912 1214
913 1004
913 1966
914 1729
914 1943
916 1992
917 1150
917 1485
917 1646
918 1242
919 928
919 1077
919 1432
920 1830
921 1062
924 1883
925 1655
926 1542
927 1648
927 1732
927 1767
928 1716
928 1776
929 990
931 999
931 1897
933 1182
934 1316
934 1400
935 1042
935 1627
936 1817
937 1609
939 1592
939 1849
940 942
940 983
940 1555
941 1135
942 1705
943 1751
943 1936
945 1709
945 1974
946 1508
946 1775
947 1557
947 1837
947 1987
948 1227
949 1786
950 1287
950 1845
951 1184
952 1670
954 1122
954 1430
954 1503
954 1639
955 1729
956 1441
956 1979
957 1817
958 988
958 1899
959 1377
959 1484
959 1880
960 1492
961 1243
963 1775
964 1250
964 1457
965 1184
965 1306
965 1493
965 1819
970 1011
970 1680
971 1057
971 1221
971 1515
971 1860
972 1253
972 1730
973 1498
973 1769
974 1299
975 1304
976 1744
977 1528
978 1452
978 1977
982 1422
983 1434
985 1522
985 1642
986 1004
986 1320
986 1540
988 1767
989 1000
989 1677
989 1963
990 1085
990 1692
992 1006
992 1341
992 1411
992 1475
993 1462
995 1768
995 1860
996 1114
997 1298
998 1211
998 1546
998 1707
1000 1209
1000 1587
1001 1158
1002 1036
1005 1669
1006 1012
1006 1931
1007 1835
1007 1950
1008 1283
1008 1399
1009 1242
1010 1735
1011 1526
1011 1575
1012 1240
1013 1049
1013 1141
1015 1137
1015 1605
1015 1751
1016 1077
1017 1308
1019 1198
1019 1257
1019 1303
1019 1558
1019 1659
1019 1894
1020 1613
1020 1906
1023 1161
1023 1801
1024 1472
1024 1491
1025 1200
1027 1634
1028 1997
1029 1579
1030 1446
1030 1780
1030 1902
1031 1238
1034 1785
1036 1201
1036 1429
1036 1880
1037 1433
1037 1950
1038 1143
1038 1174
1039 1719
1041 1183
1041 1697
1042 1175
1042 1647
1043 1236
1043 1268
1043 1274
1043 1969
1044 1069
1045 1135
1046 1253
1046 1684
1046 1986
1048 1072
1049 1231
1049 1800
1050 1405
1051 1119
1051 1960
1052 1480
1053 1432
1053 1453
1053 1870
1053 1908
1055 1656
1055 1892
1056 1269
1057 1975
1058 1840
1059 1658
1059 1726
1059 1730
1059 1898
1059 1914
1060 1106
1060 1222
1060 1765
1061 1656
1061 1756
1062 1124
1063 1676
1064 1087
1064 1329
1064 1481
1064 1594
1065 1534
1065 1674
1066 1277
1066 1417
1066 1748
1067 1875
1068 1820
1069 1562
1069 1648
1070 1674
1070 1786
1073 1855
1075 1415
1075 1621
1075 1800
1076 1843
1077 1138
1077 1434
1077 1564
1077 1761
1078 1139
1079 1684
1080 1248
1080 1662
1082 1335
1083 1159
1085 1129
1085 1818
1086 1442
1086 1974
1087 1658
1087 1862
1088 1224
1089 1186
1089 1955
1089 1999
1090 1135
1091 1768
1092 1911
1093 1745
1093 1858
1096 1128
1096 1314
1097 1470
1098 1859
1099 1593
1099 1728
1100 1538
1100 1880
1100 1901
1101 1518
1101 1740
1101 1947
1101 1967
1103 1770
1103 1799
1103 1958
1104 1179
1105 1457
1106 1396
1107 1507
1108 1779
1108 1997
1109 1390
1109 1693
1110 1528
1111 1933
1112 1340
1113 1339
1114 1651
1114 1654
1115 1693
1116 1632
1117 1900
1118 1752
1118 1964
1119 1941
1120 1304
1121 1367
1121 1724
1122 1582
1123 1130
1123 1484
1123 1760
1124 1273
1125 1581
1125 1772
1127 1430
1128 1794
1128 1988
1129 1805
1130 1291
1130 1322
1130 1577
1131 1397
1131 1711
1132 1809
1133 1598
1134 1974
1141 1370
1141 1969
1142 1166
1143 1610
1145 1651
1146 1729
1147 1298
1149 1152
1149 1381
1149 1638
1150 1693
1150 1744
1151 1160
1151 1305
1151 1476
1151 1581
1152 1569
1153 1788
1154 1344
1154 1828
1155 1867
1156 1265
1159 1242
1160 1359
1161 1523
1161 1625
1161 1660
1161 1669
1161 1823
1162 1696
1162 1774
1164 1320
1165 1196
1167 1755
1167 1937
1168 1896
1171 1239
1171 1610
1171 1829
1172 1194
1172 1201
1173 1410
1174 1189
1175 1277
1175 1492
1177 1394
1177 1725
1177 1925
1178 1217
1178 1925
1178 1943
1179 1256
1179 1503
1182 1928
1183 1447
1185 1722
1187 1980
1188 1498
1189 1617
1190 1369
1190 1797
1191 1562
1192 1532
1192 1555
1193 1708
1193 1842
1193 1891
1195 1496
1196 1836
1197 1896
1197 1972
1199 1735
1199 1738
1201 1952
1203 1402
1204 1379
1207 1228
1207 1377
1207 1511
1209 1642
1209 1854
1209 1963
1211 1866
1213 1821
1216 1524
1216 1899
1217 1711
1219 1386
1220 1488
1220 1792
1220 1903
1222 1536
1224 1916
1226 1355
1226 1977
1230 1258
1232 1479
1233 1752
1234 1533
1235 1391
1237 1801
1237 1856
1238 1456
1241 1542
1242 1777
1243 1369
1243 1764
1244 1380
1244 1427
1245 1316
1245 1920
1246 1282
1246 1484
1247 1259
1247 1422
1247 1503
1248 1310
1249 1929
1252 1691
1252 1927
1253 1669
1254 1274
1254 1282
1254 1300
1254 1713
1256 1859
1258 1570
1258 1839
1259 1488
1259 1611
1259 1738
1262 1313
1265 1793
1266 1663
1266 1914
1268 1314
1269 1499
1270 1436
1272 1307
1272 1524
1273 1476
1273 1758
1274 1812
1274 1972
1275 1318
1275 1954
1277 1406
1277 1801
1278 1294
1278 1475
1278 1509
1279 1611
1279 1799
1280 1901
1281 1544
1283 1623
1283 1788
1285 1490
1286 1411
1287 1402
1287 1584
1287 1594
1290 1320
1290 1767
1291 1319
1291 1519
1291 1744
1293 1415
1294 1612
1295 1372
1295 1388
1295 1685
1296 1853
1297 1413
1298 1999
1299 1372
1300 1409
1300 1771
1301 1810
1302 1390
1302 1810
1302 1920
1303 1515
1305 1662
1306 1707
1307 1610
1309 1352
1309 1839
1310 1745
1312 1469
1313 1445
1313 1458
1313 1789
1314 1697
1315 1542
1315 1574
1315 1756
1316 1956
1317 1644
1319 1402
1320 1643
1321 1685
1321 1940
1321 1975
1323 1560
1324 1495
1324 1898
1325 1496
1327 1836
1328 1480
1329 1330
1333 1343
1335 1835
1336 1351
1337 1408
1337 1931
1337 1971
1340 1883
1342 1559
1345 1429
1347 1461
1349 1425
1349 1706
1350 1954
1352 1613
1352 1885
1353 1669
1354 1505
1354 1743
1355 1584
1355 1803
1358 1894
1360 1362
1362 1581
1363 1993
1368 1384
1368 1421
1368 1923
1370 1519
1371 1983
1372 1676
1372 1824
1373 1502
1373 1696
1373 1751
1375 1571
1375 1941
1378 1756
1379 1538
1381 1489
1381 1535
1381 1996
1382 1625
1382 1955
1385 1450
1385 1881
1387 1673
1389 1934
1390 1556
1391 1495
1392 1674
1392 1821
1395 1459
1395 1796
1396 1416
1397 1725
1398 1972
1402 1843
1403 1418
1404 1445
1404 1619
1405 1713
1406 1509
1406 1714
1406 1746
1407 1650
1408 1696
1409 1792
1409 1814
1410 1545
1411 1421
1412 1414
1412 1456
1413 1490
1413 1865
1414 1459
1414 1875
1417 1506
1418 1422
1418 1613
1418 1850
1420 1494
1420 1531
1422 1604
1422 1821
1425 1766
1425 1879
1426 1634
1427 1451
1427 1616
1427 1974
1429 1507
1429 1512
1429 1906
1431 1670
1431 1878
1433 1745
1436 1471
1436 1557
1437 1438
1437 1701
1438 1576
1438 1933
1440 1698
1441 1618
1444 1577
1444 1671
1444 1757
1445 1952
1448 1893
1451 1473
1453 1922
1456 1487
1457 1929
1461 1464
1461 1660
1462 1510
1464 1881
1466 1476
1466 1850
1471 1493
1472 1528
1473 1894
1475 1720
1479 1531
1479 1541
1480 1511
1483 1831
1485 1879
1486 1836
1487 1523
1488 1555
1488 1652
1489 1600
1489 1913
1494 1798
1496 1648
1497 1529
1498 1526
1498 1942
1500 1691
1500 1903
1502 1743
1504 1592
1505 1833
1507 1655
1508 1944
1510 1790
1511 1805
1514 1699
1515 1616
1515 1859
1516 1846
1519 1699
1521 1948
1525 1536
1534 1585
1535 1973
1539 1827
1540 1757
1542 1795
1542 1921
1542 1988
1543 1967
1545 1551
1545 1692
1545 1994
1546 1858
1547 1964
1548 1839
1549 1619
1554 1861
1555 1604
1555 1812
1556 1920
1557 1813
1558 1623
1558 1816
1563 1772
1567 1828
1567 1958
1570 1823
1573 1635
1573 1846
1575 1597
1575 1663
1577 1630
1580 1886
1584 1904
1588 1650
1590 1620
1590 1907
1591 1931
1596 1914
1597 1999
1598 1615
1601 1744
1601 1790
1603 1762
1603 1897
1606 1704
1607 1745
1608 1739
1610 1902
1614 1937
1615 1659
1615 1745
1624 1685
1627 1896
1627 1992
1628 1768
1630 1813
1631 1663
1631 1678
1632 1670
1636 1916
1636 1953
1637 1871
1639 1927
1641 1786
1643 1770
1644 1676
1644 1999
1645 1919
1645 1971
1646 1862
1650 1921
1652 1910
1653 1887
1654 1796
1654 1950
1662 1881
1671 1975
1673 1951
1675 1917
1678 1719
1681 1867
1682 1691
1682 1863
1689 1801
1690 1788
1691 1912
1691 1964
1693 1963
1698 1876
1699 1952
1700 1932
1701 1879
1703 1804
1711 1815
1716 1783
1717 1960
1724 1763
1724 1794
1725 1987
1726 1736
1728 1957
1729 1809
1730 1779
1733 1762
1733 1957
1737 1853
1738 1878
1744 1925
1745 1921
1748 1934
1751 1764
1765 1997
1774 1824
1774 1912
1778 1988
1778 1994
1785 1931
1788 1820
1788 1950
1789 1980
1796 1839
1797 1842
1807 1910
1808 1810
1810 1956
1812 1953
1817 1971
1826 1993
1828 1888
1829 1952
1833 1913
1834 1914
1843 1962
1850 1987
1851 1876
1859 1979
1871 1947
1872 1888
1872 1966
1880 1951
1889 1987
1891 1938
1892 1978
1899 1978
1901 1904
1902 1994
1920 1939
1920 1941
1925 1935
1926 1984
1930 1999
1942 1972
1942 1975
1971 1998
