2000
1 1840
2 339
2 1089
3 167
3 168
3 511
3 835
3 1493
3 1554
3 1965
4 498
4 926
5 1080
5 1399
6 301
6 433
6 883
6 972
6 1867
7 1044
7 1647
8 12
8 183
8 484
8 903
8 1254
8 1634
9 56
9 96
9 625
9 786
9 1087
9 1088
9 1988
10 72
10 431
10 462
10 823
10 831
10 1058
10 1321
11 943
11 1649
11 1663
12 123
12 1389
12 1474
13 521
13 554
13 564
13 703
13 927
13 1483
13 1663
14 1034
14 1591
14 1779
15 74
15 161
15 472
15 1320
15 1820
16 49
16 87
16 391
16 1630
16 1846
17 1782
18 396
18 425
18 1555
19 48
19 209
19 718
19 1000
19 1157
19 1320
19 1558
19 1900
20 613
20 681
20 1092
20 1192
21 1645
21 1692
22 1070
22 1128
22 1481
22 1608
22 1686
22 1875
23 643
23 999
23 1339
23 1597
23 1824
24 535
24 1617
24 1876
25 64
25 310
25 352
25 445
25 983
25 1325
25 1347
26 56
26 635
26 1298
26 1450
26 1965
27 789
28 1000
28 1006
28 1131
28 1349
28 1850
29 359
29 1146
29 1217
29 1360
30 173
30 1509
30 1904
31 524
31 553
31 584
31 744
32 1265
32 1734
32 1750
33 206
33 228
33 308
33 351
33 760
33 942
33 1231
33 1584
33 1595
33 1852
34 291
34 1065
34 1444
34 1485
34 1538
34 1818
35 165
35 292
35 470
35 597
35 1379
35 1848
36 922
36 1112
37 211
37 392
37 641
37 1468
37 1710
38 90
38 429
38 655
38 936
38 1001
38 1152
39 131
39 999
39 1863
40 205
40 852
40 1021
40 1578
40 1914
41 216
41 828
41 1452
42 380
42 980
42 1586
43 273
43 408
43 1169
44 766
44 1063
44 1116
45 272
45 404
45 426
45 549
45 591
45 914
45 1423
45 1453
46 91
46 1092
46 1156
47 138
47 239
47 939
47 1103
47 1129
47 1223
48 1446
48 1551
49 99
49 549
49 812
49 1605
49 1915
50 1853
51 607
51 616
51 722
51 1397
51 1653
51 1676
52 332
52 1591
53 155
53 809
53 1052
53 1572
53 1589
53 1601
54 66
54 91
54 725
54 1005
54 1227
54 1303
54 1335
54 1611
54 1690
54 1805
55 389
56 134
56 137
56 314
56 468
56 485
56 1199
56 1927
57 682
57 871
57 1245
57 1644
58 374
58 412
58 817
58 1004
58 1007
58 1573
58 1756
59 1090
60 686
61 387
61 400
61 902
61 1165
61 1754
62 234
62 407
62 562
62 888
63 90
63 325
63 866
63 1782
63 1794
63 1959
63 1965
64 293
64 525
64 952
64 963
64 1152
64 1197
64 1352
64 1557
65 165
65 657
65 710
65 1321
65 1369
65 1741
65 1797
65 1882
66 316
66 397
66 1144
66 1367
67 114
67 478
67 647
67 1157
67 1227
67 1411
67 1659
68 397
68 506
68 559
68 715
68 826
68 1317
68 1453
69 146
69 213
69 674
69 1213
69 1222
70 1717
70 1757
70 1805
71 275
71 365
71 848
71 881
71 1452
72 616
72 1703
73 427
73 1127
73 1174
73 1313
74 930
74 1256
74 1899
75 209
75 883
75 1293
75 1687
75 1736
75 1882
76 709
76 1374
76 1404
76 1535
77 151
77 326
77 497
77 633
77 681
77 712
77 1029
77 1044
77 1123
77 1608
78 367
78 385
78 629
78 943
78 1409
79 125
79 748
79 874
79 1276
79 1746
80 410
80 658
80 701
80 807
80 877
80 1048
80 1365
80 1896
80 1942
81 409
81 601
81 1716
81 1765
82 280
82 476
82 634
82 775
82 1897
83 151
83 828
83 1012
83 1224
84 270
84 547
84 694
85 893
85 1050
85 1159
86 391
86 723
86 1254
86 1336
87 240
87 524
87 961
87 973
87 1171
87 1775
87 1885
88 209
88 410
88 925
88 1182
88 1244
88 1440
89 657
89 798
89 825
89 978
89 1171
89 1517
89 1613
90 458
90 1105
90 1152
91 219
91 487
91 512
91 549
91 575
91 1289
91 1696
92 641
92 855
92 993
92 1502
92 1758
93 243
93 516
93 857
93 1559
93 1778
93 1887
94 465
94 729
94 802
94 898
94 1280
94 1514
94 1524
94 1573
95 1345
96 148
96 909
96 933
96 1031
96 1038
96 1183
96 1197
96 1721
96 1900
97 124
97 414
97 1429
97 1746
97 1816
98 914
98 984
98 1116
99 183
99 342
99 1866
100 600
100 1046
100 1158
100 1799
101 679
102 112
102 417
102 1926
103 820
103 866
103 913
103 991
103 1535
104 1236
104 1273
105 188
105 522
105 722
106 879
107 159
107 831
107 927
107 978
107 1623
107 1972
108 176
108 315
108 799
108 871
108 1210
108 1257
109 1444
109 1604
110 343
110 661
110 1008
110 1632
111 393
111 495
111 926
111 1090
111 1520
112 461
112 476
112 564
112 1428
113 1061
114 529
114 1095
114 1110
114 1178
114 1287
114 1416
114 1462
114 1468
114 1612
115 665
115 1101
115 1640
115 1950
116 772
116 834
116 910
116 986
116 1507
116 1515
116 1877
117 1436
117 1476
118 1251
118 1392
118 1686
119 730
119 1663
119 1814
119 1833
120 409
120 974
120 1415
120 1476
120 1589
121 250
121 303
121 740
121 746
121 1268
121 1284
122 523
122 621
122 707
122 1146
122 1319
122 1559
122 1836
123 225
123 312
124 186
124 421
124 422
124 795
124 1181
125 220
125 635
125 1509
125 1618
125 1951
126 522
126 547
126 680
126 1440
126 1543
126 1598
126 1738
126 1989
128 155
128 564
128 968
128 1503
128 1934
129 261
130 296
130 1399
131 738
131 1476
132 345
132 772
132 1143
132 1761
133 278
133 294
133 407
133 621
133 1584
134 909
134 1199
134 1707
135 158
135 1755
136 353
136 1039
136 1253
136 1773
137 403
137 785
137 1655
137 1981
138 1352
138 1944
139 1408
139 1485
139 1616
139 1974
140 756
140 1009
140 1412
140 1794
141 272
141 1164
141 1289
141 1858
141 1901
142 360
142 451
142 853
142 1020
142 1854
143 279
143 323
143 396
143 922
143 947
143 1265
143 1526
144 1476
144 1680
144 1805
144 1862
145 271
145 595
145 794
145 1575
145 1957
146 306
146 545
146 554
146 868
146 1191
146 1884
147 348
147 486
147 1352
147 1588
147 1793
147 1833
147 1877
148 1822
149 961
149 1671
149 1810
150 430
150 468
150 613
150 1279
151 658
151 1062
151 1484
152 1064
152 1598
152 1967
153 243
153 736
153 1142
153 1459
153 1645
153 1671
154 253
154 961
154 1037
154 1232
154 1601
155 1118
155 1644
155 1680
156 593
156 603
156 634
156 1333
156 1548
157 219
157 1064
158 1114
158 1235
159 276
159 1199
160 280
160 377
160 594
161 293
161 471
162 863
163 1270
163 1480
163 1836
164 565
164 594
164 1335
164 1352
165 708
165 990
165 1028
165 1316
165 1338
166 411
166 696
166 1387
166 1459
166 1845
167 792
167 1128
167 1269
167 1530
168 446
168 1129
168 1275
168 1709
169 257
169 556
169 1108
169 1220
169 1425
170 348
170 892
170 1366
170 1817
171 282
171 837
171 986
171 1014
171 1198
171 1529
171 1583
172 410
172 1229
172 1900
172 1998
173 375
173 465
173 1591
173 1677
173 1946
174 1078
174 1618
175 1147
175 1191
175 1529
176 657
176 1002
176 1689
177 1680
178 324
178 770
178 1925
179 608
179 698
179 880
179 1189
179 1650
179 1706
179 1719
179 1806
180 770
180 1516
180 1590
180 1690
180 1899
181 981
181 1192
181 1315
181 1549
182 1118
182 1289
183 564
183 633
183 969
183 1179
183 1917
184 232
184 310
184 987
184 1199
184 1622
184 1859
185 1247
185 1266
185 1446
185 1608
185 1649
186 677
186 1359
186 1457
187 407
187 1210
187 1248
188 942
188 1170
188 1427
188 1523
188 1677
189 528
189 1531
189 1536
189 1579
189 1663
189 1673
190 373
191 452
191 810
191 1246
191 1470
191 1801
192 1693
193 237
193 344
193 605
193 917
193 1155
193 1363
193 1376
193 1632
194 229
194 586
194 776
194 1497
194 1558
194 1723
194 1832
195 1282
195 1503
195 1718
195 1870
195 1911
195 1971
196 462
196 1240
196 1496
196 1987
197 559
198 424
198 572
198 747
198 760
199 357
199 441
199 1098
199 1141
199 1595
200 416
200 1281
201 423
201 945
201 1432
201 1817
202 607
202 814
202 1141
202 1533
202 1966
203 1122
204 414
204 1070
204 1115
204 1440
204 1979
205 387
205 1419
205 1755
207 691
207 968
207 1489
207 1768
208 441
208 1108
208 1165
208 1812
208 1949
209 1667
209 1683
210 316
210 669
210 1637
211 213
211 979
211 982
211 1294
211 1665
211 1984
212 1068
212 1227
212 1426
212 1801
213 262
213 602
213 756
213 822
213 1534
214 903
214 945
214 1137
215 329
215 575
215 1104
216 387
216 400
216 661
216 1077
216 1666
217 309
217 598
217 1402
218 419
218 529
218 686
218 1522
218 1898
219 274
219 630
219 1089
220 548
220 1004
220 1423
220 1493
220 1567
220 1823
220 1913
220 1985
220 1990
221 398
221 677
221 1588
221 1912
222 1782
222 1845
223 361
223 1179
223 1293
223 1468
223 1777
223 1806
223 1856
224 364
224 871
224 1381
224 1932
224 1933
225 339
225 419
225 656
225 1103
225 1710
226 371
226 1347
226 1723
226 1743
227 486
227 1328
227 1368
227 1923
227 1984
228 1099
228 1126
228 1554
229 501
230 775
230 838
230 1087
230 1865
231 1071
231 1272
231 1383
231 1652
231 1734
231 1829
232 808
232 990
232 1581
233 1151
234 278
234 1685
234 1750
234 1822
235 699
236 488
236 576
236 917
236 1115
236 1581
237 489
237 896
237 975
237 1118
237 1212
237 1229
237 1398
237 1526
238 308
238 355
238 469
238 959
238 1610
239 408
239 475
239 1044
239 1081
239 1143
239 1414
239 1723
240 416
240 663
240 915
240 1015
240 1190
241 799
241 1017
241 1189
241 1317
241 1854
241 1956
241 1984
242 1393
242 1483
243 543
243 1976
244 851
245 1232
245 1583
246 1319
246 1732
247 447
247 820
247 1106
247 1279
247 1339
247 1484
247 1581
248 425
248 726
248 825
248 839
248 1054
249 301
249 1042
249 1690
250 1134
250 1521
251 1128
251 1199
251 1857
252 300
252 567
252 639
252 1008
252 1629
253 727
253 1176
253 1717
254 568
254 757
254 1864
255 474
255 737
255 831
255 1218
255 1229
256 700
256 1723
257 691
257 730
257 832
257 1323
257 1392
258 541
258 901
258 1602
259 416
259 437
259 979
259 1428
259 1436
259 1466
259 1519
260 1246
261 719
261 974
261 1776
261 1781
261 1940
262 343
262 352
262 617
262 651
262 756
262 1288
262 1313
263 307
263 409
263 875
263 990
263 1649
264 962
264 1108
264 1646
264 1665
264 1999
265 411
265 521
265 902
266 913
266 1306
266 1617
266 1945
267 308
267 409
267 637
267 737
267 1534
268 492
268 992
268 1952
269 399
269 845
269 907
269 1823
270 1208
270 1459
271 365
271 675
271 1137
271 1232
271 1363
271 1534
272 918
272 1266
272 1275
272 1575
272 1808
273 713
273 858
273 1070
273 1556
273 1691
273 1799
274 525
274 536
274 667
274 1109
274 1438
274 1492
274 1780
274 1938
275 399
275 442
275 677
275 886
275 937
275 1498
275 1728
276 913
276 1423
276 1695
276 1719
277 1332
277 1501
278 289
278 326
278 450
278 1324
278 1645
278 1965
279 1355
280 319
280 1195
280 1968
281 444
281 447
281 765
281 1367
281 1496
281 1968
282 544
282 838
282 1482
282 1729
283 504
283 1668
284 1081
284 1234
285 300
285 558
285 891
285 1700
285 1974
286 341
286 485
286 948
286 993
286 1055
287 418
287 488
287 749
287 1190
287 1328
287 1352
288 372
288 1377
288 1414
289 536
289 1134
289 1602
289 1653
289 1993
290 298
290 674
290 906
290 1252
290 1747
290 1949
290 2000
291 304
291 447
291 555
291 1459
291 1500
291 1923
292 485
292 553
292 719
293 613
293 1397
293 1663
294 1147
294 1492
294 1711
294 1832
295 1572
295 1671
296 378
296 428
296 910
296 1098
296 1280
296 1668
296 1861
296 1934
297 535
297 733
297 1526
297 1680
298 605
298 758
298 867
298 967
298 1499
298 1890
299 363
299 1101
299 1774
299 1959
300 489
300 536
300 999
300 1043
300 1239
300 1582
301 393
301 759
301 1611
302 595
302 1690
302 1812
302 1880
303 490
303 662
303 1092
303 1125
303 1336
303 1473
304 532
304 946
304 1186
304 1413
304 1451
304 1553
305 875
305 924
305 1226
305 1484
306 338
306 494
306 1462
306 1526
306 1989
307 393
307 697
307 1674
307 1907
308 487
308 804
308 991
308 1288
308 1423
308 1806
308 1855
309 1295
309 1716
310 835
310 1149
310 1310
310 1665
311 1434
311 1455
311 1540
312 537
312 1143
312 1469
312 1566
313 531
313 717
313 1543
313 1944
314 530
314 776
314 956
314 1562
314 1619
314 1819
315 413
315 1364
315 1417
315 1524
315 1966
316 969
316 1315
316 1326
317 333
317 435
317 821
317 934
317 1021
318 585
318 611
318 1084
318 1404
318 1950
319 474
319 544
319 1208
319 1378
319 1571
319 1827
320 1501
320 1661
321 568
321 739
321 1291
321 1576
321 1749
322 529
322 612
322 1486
322 1778
322 1962
323 452
323 526
323 824
323 1191
323 1416
324 400
324 610
324 829
324 1192
324 1888
324 1895
325 631
325 769
325 987
325 1325
325 1562
325 1566
326 427
326 1201
326 1550
326 1894
327 554
327 1214
327 1917
328 842
328 884
328 1755
329 853
330 830
330 1202
330 1315
330 1571
331 704
331 1235
331 1730
332 442
332 1352
332 1418
332 1538
333 568
333 587
333 683
333 775
333 1182
333 1690
333 1723
334 452
334 630
334 910
334 965
334 1008
334 1401
334 1931
335 941
335 1177
335 1465
335 1646
335 1668
336 962
336 1377
337 553
337 581
337 608
337 1330
337 1971
338 810
338 1048
338 1956
339 813
339 894
339 957
339 1228
339 1490
339 1774
340 1288
341 591
341 640
341 729
341 1166
341 1949
342 635
342 1413
342 1585
343 477
343 698
343 875
343 1275
343 1575
343 1952
344 371
344 455
344 536
344 750
344 986
344 1365
344 1589
345 1215
345 1298
345 1425
345 1653
345 1935
346 894
346 1132
347 463
347 1485
347 1651
347 1675
347 1738
348 1156
349 514
349 790
349 813
349 931
349 1004
349 1104
349 1228
349 1946
350 514
350 1053
350 1106
350 1627
351 690
351 1266
352 651
352 717
352 833
352 1109
352 1189
352 1451
353 376
353 1598
353 1738
353 1821
354 781
354 1139
354 1268
355 432
355 1252
355 1323
355 1380
355 1538
356 410
356 615
356 711
356 735
356 1047
356 1076
356 1157
356 1227
356 1883
357 851
357 1108
357 1414
357 1563
357 1663
357 1723
357 1876
358 746
358 1233
358 1484
358 1597
359 559
359 657
359 1501
359 1546
360 762
360 772
360 1207
360 1858
361 461
361 492
361 1276
362 640
363 1035
363 1422
363 1925
364 935
364 1380
364 1550
365 1139
365 1192
365 1739
366 572
366 656
366 849
366 1002
366 1745
367 477
367 859
367 1108
367 1169
367 1403
368 404
368 462
368 740
369 989
369 1288
370 707
370 734
370 1424
370 1980
371 683
371 840
372 891
372 1038
372 1080
372 1226
372 1280
372 1659
372 1730
372 1799
373 1631
374 647
374 714
374 932
374 1564
374 1620
375 593
375 1645
375 1950
376 385
376 1907
377 591
377 1672
378 397
378 601
378 685
378 807
378 993
378 1226
378 1312
379 1890
380 390
380 448
380 571
380 677
380 1913
381 729
381 1133
381 1727
382 419
382 819
382 862
382 1472
383 418
383 855
383 1028
383 1424
384 485
384 1669
384 1764
385 715
385 1127
385 1137
385 1207
386 575
386 719
386 1817
386 1884
387 914
387 1223
387 1357
388 1617
388 1856
389 1192
389 1772
390 621
390 811
390 1380
390 1571
390 1693
391 1649
391 1743
392 836
393 1455
394 701
394 1233
394 1264
394 1446
395 963
395 1342
395 1722
395 1771
395 1867
395 1932
396 968
396 1257
396 1552
397 786
397 1564
397 1995
398 1363
398 1472
398 1664
399 590
399 592
399 1098
399 1462
400 586
400 984
400 1122
400 1565
401 451
401 1234
401 1677
402 856
402 1122
402 1161
402 1241
402 1951
403 500
403 880
404 1142
404 1817
405 1254
405 1637
406 597
406 1900
406 1922
407 779
407 1630
407 1855
408 1027
408 1050
408 1382
408 1703
408 1887
409 1478
409 1723
410 628
410 905
410 1181
410 1357
410 1389
410 1872
411 573
411 765
411 893
411 902
411 1073
411 1589
411 1855
412 673
412 960
412 1225
412 1751
412 1962
413 668
413 853
413 1402
413 1857
414 1652
415 599
415 628
415 730
415 1117
415 1729
416 879
416 911
416 915
416 1229
416 1398
416 1478
416 1802
416 1869
417 1075
417 1150
417 1200
417 1649
417 1928
417 1962
418 1204
419 464
419 708
420 1397
420 1604
421 570
421 603
421 1257
421 1708
422 881
422 1340
422 1943
422 1950
423 442
423 849
423 1041
423 1466
424 560
424 1942
425 819
425 1052
425 1061
425 1438
425 1467
425 1777
426 1001
426 1138
426 1227
427 1376
427 1421
427 1572
428 575
428 642
428 1177
428 1592
428 1720
428 1769
428 1795
429 628
429 761
429 1071
429 1097
429 1645
429 1909
430 442
430 485
430 862
430 958
430 969
430 1172
430 1703
430 1808
431 631
431 639
431 1164
431 1308
431 1679
431 1855
431 1909
432 441
432 824
432 1084
432 1693
432 1723
433 488
433 691
433 1978
435 729
435 1400
436 725
436 1420
436 1535
436 1672
436 1713
436 1891
437 543
437 658
437 1011
437 1455
437 1722
438 1874
439 552
439 1058
439 1105
439 1469
439 1754
440 1347
440 1371
441 461
441 1058
441 1836
442 682
442 1248
443 545
443 1404
443 1483
443 1855
444 478
445 595
445 729
445 1323
445 1540
446 864
446 963
446 1098
446 1520
446 1665
446 1928
448 522
448 570
448 1516
448 1768
449 933
449 1205
449 1595
449 1797
450 923
450 947
450 1674
451 934
451 1081
451 1636
451 1680
452 461
452 766
452 1169
452 1238
452 1527
452 1590
453 746
453 1087
453 1193
453 1483
453 1853
454 788
454 911
454 1165
455 837
455 981
455 1093
455 1620
455 1834
456 886
457 626
457 659
457 1008
457 1757
457 1878
457 1952
458 633
458 731
458 798
458 867
458 996
458 1668
459 575
459 1000
459 1372
459 1734
460 878
460 931
460 1025
461 1337
461 1451
461 1979
462 731
462 882
462 924
462 1095
462 1366
462 1661
463 610
463 670
463 750
463 1658
464 595
464 628
464 1313
464 1600
464 1637
464 1968
465 739
465 903
465 1445
465 1906
466 753
467 968
467 1825
468 1519
468 1561
468 1696
469 551
469 620
469 1005
469 1707
470 1590
471 833
471 1260
471 1625
472 712
473 554
473 1296
473 1699
474 1072
474 1151
474 1659
475 597
475 842
475 977
475 1154
475 1791
475 1862
476 823
477 1172
478 709
478 993
479 905
479 1625
480 507
480 577
480 734
480 1506
480 1974
481 550
481 582
481 824
481 1641
482 671
482 781
482 1725
482 1933
483 973
483 978
483 1080
484 578
484 711
484 1087
485 616
485 848
485 1239
485 1802
485 1821
485 1865
486 1467
486 1691
487 522
487 1537
487 1725
488 1360
489 1007
490 1415
490 1775
491 530
491 1081
492 883
492 994
493 1122
493 1510
493 1520
493 1975
494 531
494 1183
495 720
495 1227
495 1649
495 1991
496 865
496 1521
496 1683
496 1950
497 1029
497 1265
497 1585
498 1387
498 1978
499 863
500 532
500 759
500 1311
501 731
501 979
501 1231
501 1388
501 1443
502 1109
502 1332
502 1477
502 1608
502 1808
503 1244
503 1552
503 1564
504 1191
504 1441
504 1862
505 519
505 795
505 1142
505 1445
505 1471
505 1896
506 932
507 864
507 1467
507 1715
507 1744
507 1896
508 564
508 663
508 677
508 817
508 893
509 1076
509 1366
509 1746
510 615
510 621
510 935
512 1337
512 1588
513 611
513 871
513 1104
513 1449
514 777
514 909
514 1321
514 1654
514 1682
515 588
515 1369
515 1787
516 1519
517 1476
517 1559
518 1053
518 1214
518 1649
518 1812
518 1914
518 1944
519 1085
519 1458
519 1545
519 1632
519 1727
519 1761
519 1777
520 1607
520 1652
521 1262
521 1470
521 1597
521 1751
521 1883
521 1965
522 705
522 1029
522 1312
522 1677
522 1713
522 1919
524 1503
524 1976
525 1013
525 1607
526 974
526 1125
526 1544
526 1919
527 1084
527 1120
528 697
528 834
528 918
528 1153
529 955
529 963
529 1513
529 1902
530 1224
530 1277
530 1626
530 1816
531 750
531 1049
531 1156
531 1942
532 784
532 1001
532 1039
532 1667
533 1949
534 941
534 1054
534 1341
534 1924
535 699
535 778
535 1408
535 1497
535 1558
536 784
536 860
536 1086
536 1127
536 1575
537 1080
537 1115
538 713
538 825
538 941
538 1320
539 697
539 1070
539 1150
539 1424
539 1716
539 1946
540 800
541 673
541 1171
541 1331
541 1793
541 1910
542 579
542 964
542 1112
542 1907
543 1437
543 1677
544 708
544 766
544 1204
544 1863
545 871
545 1081
545 1291
545 1536
545 1599
546 1144
546 1487
546 1820
546 1866
547 799
547 964
547 1112
547 1241
547 1287
547 1428
547 1494
547 1918
548 1088
548 1944
549 564
549 1380
549 1603
549 1963
550 569
550 578
550 611
550 1396
550 1528
550 1637
551 620
551 947
551 1206
551 1988
552 651
552 1049
553 1369
553 1422
554 702
554 990
554 1597
554 1997
555 1567
555 1843
557 899
558 682
558 1165
558 1564
558 1811
558 1891
559 579
559 786
559 1910
560 964
560 1088
560 1206
560 1664
560 1718
560 1898
561 1057
562 842
562 1014
563 635
563 661
563 1347
563 1394
563 1702
564 607
564 863
564 1185
564 1869
565 984
565 1273
565 1626
565 1656
565 1929
566 831
566 851
566 1948
567 716
567 1354
567 1444
567 1653
567 1784
567 1985
568 809
568 876
568 1064
568 1949
569 1548
570 925
570 1054
570 1111
570 1268
570 1276
570 1770
570 1790
571 620
571 718
571 870
571 1441
572 968
572 1676
572 1807
573 700
573 1196
573 1326
573 1655
574 708
574 869
574 1174
574 1493
575 1059
575 1098
575 1217
576 888
576 999
576 1157
576 1312
576 1816
577 589
577 968
577 1060
577 1495
577 1548
578 979
578 1006
578 1084
578 1156
578 1688
579 591
579 932
579 1109
579 1594
580 741
580 1063
580 1082
580 1643
580 1935
581 1113
581 1947
582 1255
582 1450
582 1857
583 751
583 1112
583 1195
583 1762
584 1274
584 1377
585 1427
585 1443
586 745
586 873
586 1238
587 752
587 791
588 940
588 1169
588 1449
590 922
590 1238
590 1243
590 1545
590 1691
590 1812
591 992
591 1113
591 1284
591 1337
591 1467
591 1872
592 1496
593 725
593 1132
593 1345
593 1441
594 665
594 1689
594 1824
594 1873
595 730
595 809
596 602
597 705
597 789
597 1226
597 1290
597 1558
598 628
598 1409
598 1994
599 805
599 910
599 1369
599 1507
600 886
600 1223
601 1685
601 1827
601 1957
602 650
602 1103
602 1181
602 1242
602 1610
602 1976
603 692
603 846
603 890
603 1984
604 1183
604 1561
604 1570
604 1733
604 1794
604 1866
605 1070
605 1951
606 819
606 980
606 1368
606 1710
606 1929
607 1929
608 647
608 751
608 1081
608 1232
608 1554
608 1871
609 819
609 867
609 1491
610 1457
611 905
611 1379
611 1426
611 1640
611 1653
612 1159
612 1573
613 1706
613 1835
615 708
615 1979
616 1508
617 720
617 981
617 1393
617 1412
618 683
618 1224
618 1372
618 1557
618 1924
619 1464
619 1505
620 758
620 905
620 1048
621 1020
621 1389
621 1960
622 1496
622 1600
622 1857
623 662
623 743
623 1854
624 1006
624 1420
625 738
625 1198
625 1316
626 901
626 1071
627 1273
627 1636
628 854
628 955
629 829
629 1236
629 1281
629 1995
630 638
630 1081
630 1118
630 1782
632 1195
632 1406
633 898
633 968
633 1035
633 1040
633 1186
633 1492
633 1846
634 747
634 799
635 1688
635 1861
635 1943
635 1964
636 892
636 1208
636 1247
637 814
637 989
637 1800
638 1214
639 811
639 943
639 1322
639 1451
640 1253
640 1801
641 990
641 1305
641 1322
641 1902
641 1955
641 1970
642 720
642 837
642 1086
643 923
644 1948
645 710
645 810
645 824
645 1039
647 1105
648 853
649 1380
649 1642
649 1969
650 654
650 685
650 752
650 1489
650 1534
650 1882
650 1943
651 940
651 979
651 1142
651 1328
651 1444
652 844
652 1784
653 1292
653 1562
654 1475
654 1867
655 1950
656 1180
656 1262
656 1483
656 1592
657 770
657 817
657 886
657 1020
657 1170
658 918
658 1537
658 1587
658 1700
658 1773
658 1934
659 944
659 1222
659 1824
659 1934
660 710
660 1241
660 1385
661 883
661 1165
661 1597
661 1949
662 830
662 839
662 1075
662 1302
662 1478
662 1590
664 892
664 1278
664 1553
665 1201
665 1879
666 820
666 855
666 1072
666 1756
667 1330
668 979
668 1411
668 1974
669 857
669 864
669 917
669 949
670 837
670 861
670 1038
670 1423
670 1627
671 881
672 855
672 1065
672 1167
672 1372
672 1404
672 1492
672 1599
672 1745
673 937
673 1513
674 678
674 827
674 1170
675 1509
675 1802
675 1815
676 914
676 1814
677 954
677 1572
677 1825
677 1932
677 1965
677 1994
678 1443
678 1993
679 806
679 951
680 847
680 983
680 1368
680 1491
680 1696
681 999
681 1524
682 766
682 798
682 812
682 993
682 1465
682 1484
682 1972
683 705
683 759
683 1155
683 1504
683 1641
684 884
684 1274
685 1167
685 1308
685 1652
686 1993
687 1419
687 1954
688 1049
688 1404
689 728
689 1264
689 1697
689 1795
690 822
690 1019
691 797
691 821
691 859
692 1063
692 1587
692 1909
693 1151
693 1387
693 1951
693 1962
694 1047
694 1065
694 1436
695 897
695 1279
695 1551
695 1633
696 823
696 1069
696 1541
696 1696
697 755
697 1073
697 1299
697 1634
697 1718
698 761
698 1085
698 1180
698 1252
698 1383
699 820
699 900
699 969
699 1185
699 1455
699 1612
700 1150
701 1230
701 1254
701 1409
701 1630
701 1857
702 711
702 794
702 1889
703 1139
703 1819
703 1941
704 932
704 1162
704 1181
704 1532
704 1910
704 1957
705 1294
705 1298
705 1768
705 1985
706 1603
707 1014
707 1550
707 1642
707 1897
708 788
708 1418
709 1263
709 1865
710 1056
710 1927
711 1196
711 1410
711 1455
711 1750
711 1761
712 809
712 1531
714 878
714 1723
715 870
716 1004
717 1675
717 1851
718 1261
718 1439
718 1525
718 1705
718 1721
718 1769
718 1924
719 937
719 1166
720 751
721 1620
721 1676
722 911
722 953
722 1703
723 884
723 1361
723 1682
723 1840
724 1282
724 1336
725 824
725 873
726 849
726 1170
726 1191
726 1822
727 894
727 1392
727 1806
728 983
728 1100
728 1116
728 1736
729 931
729 1496
729 1847
730 1330
730 1606
730 1724
731 984
731 1615
731 1983
732 783
732 1307
733 782
733 892
733 924
733 1403
733 1745
735 817
735 942
735 1191
735 1506
735 1629
735 1902
736 1267
736 1585
737 806
737 937
737 1277
737 1278
737 1904
737 1932
738 1254
738 1648
738 1935
739 838
740 1597
740 1995
741 1376
741 1709
741 1946
741 1949
742 778
742 905
742 979
742 1627
742 1650
742 1840
743 774
743 796
743 954
743 1210
743 1502
743 1897
744 1503
744 1612
745 776
745 1311
745 1768
745 1912
746 808
746 1334
746 1484
746 1542
746 1772
746 1844
746 1861
747 908
747 1332
747 1804
747 1940
748 1224
748 1322
748 1440
748 1922
749 1446
749 1720
749 1865
750 821
750 846
750 849
750 1046
750 1089
750 1640
750 1860
751 966
751 1335
751 1534
751 1567
751 1591
752 917
752 1598
752 1608
753 844
753 1158
753 1298
753 1433
754 866
754 1154
754 1238
754 1266
754 1305
754 1477
754 1497
754 1603
754 1745
755 1489
756 780
756 876
756 1593
757 960
757 1366
758 1489
758 1710
758 1717
759 1057
759 1184
759 1407
759 1542
759 1663
760 1244
760 1350
760 1878
761 823
761 1062
762 1087
762 1110
762 1809
763 1616
763 1645
763 1835
764 1657
765 1167
765 1864
766 906
766 1077
767 815
767 1570
767 1817
768 1041
768 1486
769 825
769 1351
770 1568
770 1752
770 1959
771 1002
771 1135
771 1319
771 1487
771 1548
772 1238
774 1745
775 1650
776 1182
776 1420
776 1754
777 1238
777 1431
778 1286
778 1591
778 1659
779 1294
779 1529
780 1552
780 1637
781 795
781 1057
781 1758
782 1008
782 1128
782 1195
782 1483
782 1498
782 1576
782 1819
782 1984
783 1579
783 1659
783 1922
784 1681
785 839
785 1523
786 992
787 1299
787 1527
787 1968
788 935
788 1271
788 1737
789 838
789 884
789 1574
790 805
790 1056
790 1365
790 1644
791 937
791 1251
791 1845
792 1081
792 1230
792 1410
793 1295
793 1441
793 1852
794 833
794 869
794 1842
794 1912
796 901
796 1682
797 1683
798 1117
798 1367
799 1010
799 1096
799 1525
799 1752
799 1791
799 1986
800 947
800 1078
800 1788
800 1915
801 1406
801 1481
801 1787
802 959
802 1001
802 1006
802 1586
802 1679
802 1935
803 1200
805 1276
805 1509
805 1514
806 816
806 824
807 1623
807 1689
807 1751
808 1015
808 1370
808 1489
808 1728
809 1465
810 1205
810 1220
810 1793
811 1608
812 1063
812 1508
812 1866
812 1939
813 1086
813 1387
813 1489
814 1037
814 1508
815 821
815 1128
815 1307
815 1827
816 939
816 1097
816 1285
817 878
817 911
817 1339
817 1505
817 1668
817 1876
818 1050
818 1189
819 992
820 843
820 1321
820 1648
820 1704
822 1092
823 1105
823 1373
823 1604
824 1214
824 1258
824 1304
824 1556
824 1679
825 1605
826 951
826 1126
826 1180
826 1469
826 1547
826 1575
826 1846
826 1899
827 1610
827 1929
828 956
828 1234
829 884
829 1197
829 1786
830 958
830 1963
831 1087
832 947
832 1110
832 1841
832 1925
833 1251
833 1464
834 924
834 1387
835 991
835 1553
835 1705
835 1724
836 1237
836 1403
836 1886
836 1978
837 1469
837 1900
838 946
838 1313
838 1371
840 1261
840 1859
841 1342
841 1759
841 1862
842 1235
843 980
843 1441
843 1477
843 1796
844 932
844 1101
844 1324
844 1585
846 1291
846 1390
846 1635
846 1689
847 1012
848 1771
848 1821
848 1840
849 899
849 1657
849 1786
849 1822
850 1219
850 1274
850 1306
850 1390
850 1425
850 1832
850 1864
851 1522
851 1540
851 1824
852 887
853 937
853 1274
854 964
854 1078
854 1146
854 1636
854 1743
854 1998
855 1082
855 1116
855 1420
855 1841
855 1984
856 1086
856 1095
856 1632
857 1322
857 1967
858 915
858 1573
858 1921
859 1586
860 878
860 1094
860 1453
860 1682
861 1859
861 1929
862 1243
862 1392
862 1636
863 974
863 1311
863 1438
864 983
864 1160
864 1889
865 1051
865 1117
865 1322
865 1548
865 1763
866 1194
866 1577
866 1772
867 1111
867 1265
867 1450
868 1424
868 1530
868 1691
868 1874
868 1914
869 1345
869 1462
869 1706
870 933
870 1023
870 1183
870 1462
870 1627
871 1886
872 878
872 1107
872 1185
872 1254
872 1366
872 1400
872 1764
873 1659
873 1737
873 1746
874 1324
874 1593
875 1648
875 1874
875 1991
876 1650
876 1847
877 938
877 1272
878 1760
879 1072
879 1087
879 1613
880 1719
881 1193
881 1598
882 1113
882 1512
882 1514
883 1518
883 1572
883 1745
883 1814
883 1967
884 1354
884 1673
886 1019
886 1495
887 924
887 1350
887 1528
887 1641
887 1704
888 906
888 1003
889 941
889 1465
889 1528
889 1825
890 982
891 903
891 1002
891 1312
891 1412
891 1825
891 1854
891 1926
892 1476
892 1566
892 1659
892 1693
893 1260
893 1734
894 996
894 1271
894 1674
895 1416
895 1686
896 1444
896 1939
897 932
897 1768
898 1568
898 1618
899 1322
899 1621
899 1793
900 1339
901 1048
901 1086
901 1281
901 1296
901 1375
901 1702
901 1786
902 1188
902 1380
902 1967
903 974
903 1417
904 1109
904 1285
904 1504
904 1594
904 1835
905 1912
906 1387
907 1268
907 1337
907 1507
908 1421
909 1596
909 1786
909 1965
910 999
911 1128
911 1215
911 1381
911 1704
912 1590
913 1825
914 1262
914 1711
914 1924
914 1956
915 981
915 1203
915 1776
915 1843
916 1039
916 1073
916 1619
917 1515
917 1527
917 1668
917 1854
917 1931
919 1222
919 1496
919 1886
920 1118
920 1134
920 1441
921 1251
921 1442
921 1490
921 1685
922 1310
923 1748
923 1887
924 1034
924 1264
924 1585
925 1150
925 1182
925 1561
926 975
926 986
926 1071
927 1717
928 1332
929 1105
929 1381
929 1953
930 1195
930 1437
930 1853
931 1093
932 1468
933 1572
933 1804
934 1202
935 1139
935 1903
936 1229
937 1832
938 1254
938 1844
939 944
939 1060
940 1032
940 1553
940 1847
941 1306
941 1530
941 1553
942 1563
942 1668
943 1116
943 1512
943 1682
943 1862
944 1445
945 983
945 1539
945 1664
945 1774
945 1945
946 1385
946 1432
948 1109
948 1462
948 1879
949 1302
951 1148
952 1709
953 1007
953 1415
953 1591
955 1542
955 1785
956 1975
957 1209
957 1256
958 1460
958 1470
958 1792
960 1300
961 1092
961 1336
961 1346
961 1625
962 1606
962 1897
963 1612
963 1735
963 1794
963 1909
964 1492
965 1313
965 1621
966 1386
966 1421
966 1464
966 1508
966 1638
966 1816
966 1950
967 1260
967 1453
967 1499
968 1284
969 1164
970 989
970 1264
970 1661
970 1839
970 1966
971 1845
972 980
972 1022
972 1821
973 1037
974 1156
974 1516
974 1608
975 1391
975 1513
975 1744
975 1775
976 1108
977 1608
978 1593
978 1937
979 1117
979 1498
979 1917
980 1108
980 1538
981 1386
981 1811
982 1141
983 1302
984 1065
984 1263
984 1904
985 1588
986 1241
987 1131
987 1765
988 1631
989 1239
989 1534
990 1089
990 1498
991 1323
991 1968
991 1973
992 1123
992 1445
992 1652
992 1935
993 1102
993 1190
993 1255
993 1482
994 1104
994 1735
995 1125
995 1404
995 1477
995 1534
996 1266
996 1411
997 1185
997 1277
997 1678
998 1538
998 1872
999 1525
1000 1040
1000 1402
1000 1441
1000 1805
1001 1156
1001 1271
1002 1221
1002 1227
1002 1697
1003 1704
1004 1037
1004 1386
1005 1235
1006 1067
1006 1787
1006 1819
1007 1200
1007 1335
1007 1926
1008 1618
1009 1935
1010 1501
1010 1727
1011 1031
1011 1789
1011 1867
1012 1796
1013 1572
1014 1027
1014 1277
1014 1684
1014 1714
1015 1143
1015 1260
1015 1592
1017 1672
1017 1884
1018 1309
1019 1034
1019 1362
1019 1369
1019 1479
1020 1789
1020 1834
1020 1848
1021 1260
1021 1669
1022 1121
1022 1142
1022 1163
1022 1760
1022 1950
1024 1261
1024 1551
1025 1276
1025 1529
1025 1663
1025 1737
1025 1802
1026 1204
1026 1541
1026 1601
1027 1355
1028 1178
1028 1403
1029 1359
1029 1427
1029 1499
1030 1300
1030 1989
1031 1212
1031 1513
1031 1837
1032 1418
1032 1808
1033 1131
1033 1285
1033 1458
1033 1553
1033 1884
1034 1703
1034 1757
1035 1106
1035 1524
1035 1779
1035 1794
1036 1551
1036 1662
1037 1184
1037 1650
1038 1337
1039 1052
1039 1275
1039 1423
1040 1081
1040 1606
1040 1799
1042 1279
1042 1690
1042 1820
1043 1422
1043 1493
1043 1559
1043 1718
1045 1783
1045 1926
1046 1062
1046 1496
1046 1910
1047 1334
1047 1831
1048 1401
1048 1843
1049 1246
1049 1674
1049 1936
1050 1072
1050 1419
1051 1662
1051 1757
1051 1949
1052 1412
1052 1513
1052 1577
1053 1370
1053 1967
1053 1982
1054 1617
1055 1261
1056 1122
1056 1959
1057 1144
1057 1314
1057 1661
1057 1759
1058 1081
1058 1379
1058 1502
1058 1514
1059 1157
1059 1525
1059 1902
1060 1373
1060 1956
1061 1910
1062 1351
1062 1441
1062 1460
1062 1611
1062 1812
1063 1445
1063 1679
1063 1813
1064 1490
1064 1543
1065 1299
1065 1565
1066 1305
1066 1940
1067 1927
1068 1419
1068 1470
1069 1317
1070 1422
1070 1535
1070 1947
1071 1639
1071 1768
1071 1873
1072 1359
1072 1459
1073 1376
1074 1455
1074 1647
1074 1870
1076 1104
1076 1687
1077 1241
1077 1530
1078 1347
1078 1445
1078 1733
1080 1413
1080 1479
1080 1667
1081 1626
1081 1772
1081 1800
1081 1916
1083 1105
1083 1663
1083 1990
1084 1218
1084 1431
1084 1904
1085 1150
1085 1420
1085 1999
1086 1539
1087 1451
1087 1585
1088 1114
1088 1253
1088 1270
1088 1560
1088 1611
1089 1816
1089 1852
1090 1258
1090 1261
1090 1459
1091 1289
1092 1919
1093 1195
1094 1263
1094 1752
1095 1212
1095 1801
1096 1470
1096 1726
1096 1818
1096 1840
1096 1948
1097 1937
1099 1208
1099 1284
1099 1383
1099 1779
1100 1598
1100 1928
1100 1995
1101 1227
1101 1419
1101 1797
1103 1308
1103 1678
1104 1798
1106 1393
1107 1134
1109 1415
1109 1658
1110 1123
1110 1222
1110 1301
1110 1572
1110 1685
1111 1203
1111 1923
1113 1245
1113 1514
1114 1532
1114 1694
1114 1747
1114 1952
1115 1209
1115 1227
1115 1298
1117 1379
1117 1419
1119 1556
1119 1895
1120 1802
1120 1886
1121 1559
1121 1796
1121 1965
1122 1910
1123 1193
1123 1625
1123 1644
1123 1683
1124 1448
1125 1172
1125 1512
1125 1748
1125 1857
1125 1983
1126 1153
1126 1237
1126 1591
1126 1735
1127 1953
1128 1293
1128 1564
1128 1920
1130 1155
1130 1367
1130 1407
1130 1533
1131 1288
1131 1654
1131 1707
1132 1640
1132 1815
1132 1974
1133 1248
1133 1332
1133 1440
1134 1154
1134 1297
1134 1428
1134 1961
1135 1231
1135 1617
1135 1770
1135 1909
1136 1330
1137 1206
1137 1531
1137 1591
1137 1919
1138 1513
1138 1843
1139 1555
1140 1144
1140 1355
1140 1496
1140 1556
1140 1647
1140 1780
1141 1910
1142 1211
1142 1372
1142 1769
1142 1999
1144 1508
1145 1378
1145 1482
1146 1443
1146 1517
1146 1664
1146 1677
1147 1432
1147 1691
1147 1725
1148 1799
1148 1931
1150 1391
1150 1626
1150 1764
1151 1306
1151 1442
1151 1722
1152 1735
1153 1829
1154 1537
1154 1716
1155 1160
1155 1269
1155 1288
1155 1806
1156 1273
1156 1810
1157 1597
1157 1810
1158 1449
1159 1186
1159 1192
1159 1406
1159 1873
1160 1309
1161 1480
1162 1218
1163 1193
1163 1210
1163 1564
1164 1166
1166 1620
1166 1744
1167 1273
1167 1343
1167 1536
1168 1178
1169 1218
1169 1256
1169 1955
1170 1270
1170 1505
1170 1774
1171 1286
1171 1880
1172 1510
1172 1784
1173 1318
1173 1550
1173 1674
1174 1478
1175 1328
1175 1672
1176 1994
1177 1351
1178 1297
1179 1791
1180 1537
1181 1590
1181 1669
1181 1859
1181 1910
1182 1567
1183 1989
1184 1289
1185 1708
1185 1733
1185 1825
1186 1866
1187 1609
1187 1652
1187 1980
1189 1252
1189 1808
1189 1876
1190 1342
1190 1613
1190 1619
1191 1684
1191 1759
1192 1351
1192 1593
1192 1820
1193 1523
1194 1226
1195 1416
1196 1375
1196 1403
1196 1738
1197 1550
1198 1289
1199 1334
1199 1802
1200 1704
1200 1857
1201 2000
1202 1771
1203 1438
1203 1699
1204 1392
1204 1565
1204 1647
1204 1930
1205 1452
1205 1949
1206 1362
1206 1371
1207 1359
1208 1545
1208 1705
1209 1303
1209 1439
1211 1376
1212 1635
1212 1733
1213 1679
1213 1809
1213 1894
1214 1287
1214 1719
1215 1836
1215 1875
1216 1548
1217 1271
1217 1446
1217 1697
1217 1896
1218 1284
1218 1388
1218 1795
1218 1901
1218 1910
1219 1240
1220 1260
1222 1997
1223 1369
1224 1620
1225 1558
1225 1719
1226 1285
1226 1596
1227 1354
1227 1678
1227 1808
1228 1567
1229 1285
1229 1600
1229 1711
1231 1797
1232 1244
1233 1726
1235 1342
1236 1908
1237 1754
1237 1970
1238 1853
1239 1522
1239 1639
1239 1932
1241 1792
1242 1556
1242 2000
1243 1952
1244 1516
1245 1270
1245 1461
1245 1684
1246 1271
1248 1252
1249 1590
1249 1739
1251 1768
1252 1328
1252 1339
1252 1484
1252 1530
1253 1527
1256 1531
1256 1626
1256 1761
1256 1828
1257 1338
1258 1579
1258 1667
1258 1681
1259 1548
1259 1562
1260 1576
1260 1620
1260 1725
1261 1400
1261 1824
1263 1329
1263 1650
1263 1882
1266 1469
1266 1523
1266 1798
1267 1463
1268 1316
1268 1694
1268 1979
1269 1290
1270 1446
1270 1786
1270 1943
1271 1712
1271 1881
1272 1733
1274 1989
1275 1743
1276 1796
1277 1599
1278 1760
1279 1329
1279 1766
1279 1817
1281 1432
1281 1568
1282 1951
1283 1639
1283 1711
1284 1295
1284 1310
1284 1565
1284 1743
1284 1826
1285 1929
1286 1665
1286 1731
1287 1652
1288 1840
1289 1530
1289 1776
1289 1806
1289 1894
1290 1330
1290 1633
1291 1398
1291 1504
1291 1650
1291 1909
1292 1663
1292 1747
1292 1841
1294 1641
1294 1920
1295 1699
1295 1996
1296 1463
1296 1621
1297 1391
1297 1495
1298 1409
1299 1692
1299 1716
1300 1844
1301 1622
1301 1772
1303 1418
1306 1939
1307 1448
1308 1322
1309 1333
1309 1725
1310 1338
1310 1504
1311 1695
1311 1858
1312 1822
1312 1860
1313 1683
1313 1811
1314 1768
1315 1664
1315 1716
1315 1973
1316 1472
1316 1571
1317 1502
1317 1512
1317 1858
1317 1914
1318 1408
1319 1435
1321 1890
1322 1324
1322 1383
1323 1340
1323 1593
1325 1684
1330 1362
1330 1399
1330 1778
1332 1732
1332 1867
1333 1629
1333 1688
1334 1513
1334 1645
1334 1701
1335 1558
1335 1835
1336 1410
1337 1437
1337 1475
1337 1965
1338 1551
1338 1644
1338 1797
1340 1349
1340 1385
1340 1785
1340 1786
1340 1866
1341 1788
1341 1830
1342 1689
1342 1864
1343 1918
1344 1402
1345 1471
1345 1880
1346 1449
1347 1784
1348 1892
1350 1561
1350 1782
1350 1844
1351 1481
1352 1593
1353 1531
1353 1687
1354 1583
1354 1639
1354 1675
1354 1788
1354 1789
1355 1611
1356 1456
1358 1438
1361 1937
1362 1903
1362 1931
1363 1696
1363 1962
1363 1983
1365 1611
1366 1963
1367 1723
1369 1761
1370 1918
1371 1413
1371 1455
1371 1566
1371 1854
1372 1379
1372 1633
1372 1890
1373 1935
1374 1423
1375 1791
1375 1941
1377 1490
1378 1457
1379 1493
1379 1509
1379 1525
1379 1864
1380 1651
1380 1870
1384 1786
1384 1853
1385 1530
1385 1925
1387 1968
1388 1804
1390 1506
1391 1454
1391 1669
1391 1877
1391 1903
1393 1581
1393 1987
1394 1937
1395 1570
1395 1623
1395 1790
1395 1914
1396 1961
1397 1897
1398 1575
1398 1884
1399 1632
1399 1682
1400 1475
1401 1454
1401 1705
1402 1418
1402 1583
1402 1824
1403 1919
1405 1715
1405 1846
1408 1721
1409 1504
1409 1880
1410 1419
1410 1547
1410 1590
1412 1791
1414 1544
1414 1808
1414 1886
1415 1646
1415 1976
1416 1567
1416 1591
1416 1624
1416 1905
1417 1808
1418 1609
1418 1739
1419 1541
1419 1581
1419 1680
1420 1622
1420 1886
1420 1968
1421 1458
1421 1631
1421 1717
1421 1966
1422 1625
1423 1799
1424 1866
1424 1886
1424 1902
1426 1873
1427 1598
1427 1637
1428 1545
1428 1823
1430 1494
1430 1597
1431 1636
1431 1641
1432 1598
1432 1770
1433 1569
1433 1842
1434 1566
1434 1877
1434 1968
1435 1680
1438 1520
1438 1609
1438 1919
1438 1938
1439 1760
1441 1675
1443 1833
1445 1572
1445 1762
1446 1626
1446 1822
1449 1475
1449 1506
1449 1522
1450 1480
1452 1733
1453 1614
1453 1623
1453 1790
1453 1823
1453 1918
1454 1683
1455 1548
1455 1609
1455 1770
1458 1539
1458 1582
1459 1589
1459 1803
1460 1498
1460 1867
1461 1471
1461 1811
1461 1837
1463 1603
1463 1699
1463 1811
1463 1843
1465 1648
1465 1820
1466 1616
1467 1681
1468 1769
1468 1948
1470 1669
1470 1841
1471 1813
1471 1863
1471 1975
1473 1600
1473 1707
1474 1538
1474 1728
1475 1754
1475 1944
1476 1936
1477 1512
1477 1609
1477 1631
1477 1799
1479 1722
1482 1697
1483 1682
1483 1916
1484 1797
1487 1509
1487 1571
1489 1992
1491 1770
1492 1614
1492 1845
1493 1971
1494 1741
1495 1584
1495 1964
1496 1764
1497 1594
1497 1685
1499 1502
1499 1514
1499 1673
1499 1967
1500 1979
1502 1528
1502 1682
1504 1945
1505 1536
1505 1677
1505 1813
1506 1933
1507 1522
1508 1685
1508 1717
1509 1658
1513 1563
1513 1727
1513 1878
1514 1875
1515 1793
1516 1583
1516 1719
1516 1735
1516 1893
1517 1819
1517 1873
1520 1811
1520 1929
1522 1582
1523 1658
1523 1740
1523 1943
1527 1728
1527 1830
1528 1819
1529 1788
1529 1892
1530 1709
1530 1763
1532 1636
1533 1534
1536 1737
1538 1586
1540 1878
1541 1574
1544 1913
1545 1612
1545 1714
1548 1761
1549 1862
1553 1686
1553 1975
1555 1577
1555 1994
1557 1935
1558 1874
1560 1793
1563 1711
1565 1567
1565 1816
1566 1894
1569 1773
1571 1639
1573 1914
1574 1966
1575 1590
1575 1870
1577 1861
1578 1731
1579 1628
1579 1959
1581 1804
1582 1927
1583 1716
1584 1614
1584 1880
1585 1940
1586 1627
1587 1721
1587 1764
1588 1740
1588 1949
1588 1984
1589 1778
1589 1830
1590 1639
1591 1904
1592 1858
1593 1721
1593 1766
1593 1789
1593 1839
1594 1640
1597 1711
1600 1849
1601 1763
1603 1919
1604 1968
1605 1660
1611 1765
1612 1822
1612 1911
1614 1976
1616 1677
1616 1721
1619 1799
1620 1641
1620 1745
1624 1832
1625 1913
1626 1653
1626 1666
1626 1749
1627 1740
1632 1993
1633 1879
1634 1824
1637 1902
1639 1676
1639 1874
1640 1668
1642 1977
1645 1845
1647 1856
1650 1706
1659 1660
1659 1895
1662 1732
1662 1894
1662 1900
1662 1982
1665 1914
1666 1735
1667 1849
1670 1906
1673 1695
1673 1697
1673 1929
1675 1795
1677 1859
1677 1885
1677 1922
1679 1680
1686 1738
1686 1752
1690 1915
1691 1846
1692 1946
1693 1836
1693 1844
1694 1942
1694 1950
1695 1709
1696 1713
1698 1736
1698 1838
1701 1812
1705 1781
1706 1834
1707 1727
1710 1941
1714 1848
1717 1768
1718 1803
1726 1956
1726 1978
1728 1868
1729 1870
1730 1852
1735 1868
1736 1778
1736 1920
1736 1985
1738 1763
1740 1803
1740 1833
1740 1838
1743 1990
1743 1997
1746 1822
1746 1946
1747 1917
1751 1782
1752 1916
1752 1966
1757 1947
1760 1767
1767 1895
1769 1854
1773 1946
1774 1944
1778 1800
1786 1842
1787 1815
1790 1836
1791 1848
1795 1880
1796 1880
1800 1958
1802 1865
1804 1851
1804 1919
1810 1860
1814 1972
1814 1982
1823 1843
1824 1934
1825 1833
1825 1863
1827 1878
1829 1842
1829 1845
1833 1909
1837 1881
1837 1921
1842 1861
1842 1864
1842 1967
1846 1914
1846 1978
1852 1862
1857 1957
1859 1860
1866 1916
1871 1981
1873 1966
1877 1940
1881 1988
1883 1932
1890 1959
1891 1975
1894 1910
1895 1945
1906 1963
1906 1970
1910 1927
1921 1926
1932 1947
1943 1953
1972 1974
