2000
1 20
1 181
1 249
1 260
1 308
1 346
1 368
1 481
1 621
1 957
1 1240
1 1246
1 1790
2 847
2 1121
2 1272
2 1844
2 1847
3 604
3 740
3 946
3 1010
3 1830
4 43
4 274
4 303
4 321
4 1231
4 1552
4 1861
5 53
5 284
5 563
5 636
5 803
5 811
5 1234
5 1606
5 1636
6 242
6 263
6 332
6 594
6 914
6 941
6 1394
6 1644
6 1660
7 63
7 473
7 1265
7 1592
7 1617
7 1806
7 1884
7 1989
8 22
8 267
8 315
8 756
8 974
8 1051
8 1081
8 1094
8 1449
8 1605
8 1796
8 1810
9 203
9 389
9 868
9 1129
9 1497
9 1513
9 1647
9 1951
10 61
10 739
10 944
10 1111
10 1349
10 1715
10 1903
10 1912
11 134
11 644
11 798
11 856
11 1338
11 1862
11 1963
12 184
12 942
12 1202
12 1390
12 1439
12 1831
13 407
13 740
13 1002
13 1406
14 27
14 223
14 513
14 1096
14 1168
14 1411
14 1585
14 1615
14 1909
14 1924
15 227
15 1302
16 377
16 847
16 1130
16 1164
16 1285
16 1286
16 1626
16 1753
17 554
17 714
17 954
17 1182
17 1243
17 1307
17 1521
18 252
18 264
18 683
18 1184
18 1427
18 1542
18 1987
19 899
19 1485
19 1677
19 1701
19 1746
19 1797
19 1815
19 1993
20 249
20 357
20 835
20 1060
20 1235
20 1583
21 610
21 737
21 903
21 933
21 1066
21 1478
21 1500
21 1642
21 1835
21 1960
22 312
22 501
22 734
22 735
22 1250
22 1527
22 1630
22 1950
23 64
23 112
23 347
23 871
23 1040
23 1284
23 1769
24 428
24 474
24 1527
24 1727
24 1869
25 287
25 513
25 666
25 804
25 934
25 1359
25 1400
25 1469
25 2000
26 135
26 248
26 601
26 1203
26 1417
26 1443
26 1459
26 1575
27 347
27 574
27 718
27 799
27 829
27 878
27 945
27 965
27 1136
27 1363
27 1370
27 1602
27 1608
27 1701
27 1892
28 185
28 191
28 314
28 536
28 555
28 612
28 1268
28 1300
28 1527
28 1986
29 288
29 461
29 694
29 726
29 1013
29 1423
29 1796
30 43
30 208
30 351
30 375
30 486
30 540
30 728
30 1002
30 1074
30 1119
30 1212
30 1332
30 1333
30 1770
31 316
31 564
31 1433
31 1464
31 1806
32 527
32 724
32 806
32 850
32 947
32 1039
32 1116
32 1285
32 1576
32 1638
32 1687
33 132
33 255
33 287
33 536
33 799
33 898
33 1139
33 1397
33 1528
33 1538
34 742
34 826
34 871
34 923
34 991
34 1677
34 1739
34 1763
35 259
35 303
35 414
35 827
35 915
35 952
35 1012
35 1684
35 1983
36 37
36 794
36 826
36 980
36 1054
36 1378
36 1446
36 1452
36 1794
36 1905
36 1906
36 1942
37 1136
37 1290
38 874
38 1067
38 1109
38 1975
38 1991
39 744
39 1118
39 1131
39 1265
39 1333
39 1358
40 116
40 300
40 463
40 1121
40 1578
40 1792
40 1854
41 510
41 654
41 1218
41 1287
41 1400
41 1672
41 1712
42 208
42 427
42 940
42 1661
42 1681
42 1729
42 1925
42 1988
43 165
43 375
43 952
43 1821
43 1900
44 403
44 656
44 869
44 1329
44 1558
45 303
45 426
45 974
45 1478
45 1726
45 1954
46 560
46 575
46 678
46 775
46 875
46 1126
46 1999
47 283
47 1073
47 1652
47 1837
48 387
48 585
48 664
48 1050
48 1462
49 60
49 162
49 385
49 525
49 629
49 999
49 1595
49 1879
49 1948
50 158
50 303
50 361
50 385
50 957
50 981
50 1013
50 1044
50 1192
50 1366
51 263
51 358
51 386
51 453
51 591
51 794
51 1487
52 148
52 227
52 323
52 696
52 949
52 1105
52 1284
52 1463
52 1500
52 1978
53 574
53 722
53 1095
53 1476
53 1730
53 1802
54 447
54 513
54 783
54 1217
55 398
55 809
55 845
55 904
55 1173
55 1227
55 1439
56 637
56 789
56 1041
56 1112
56 1585
56 1724
56 1789
56 1989
57 617
57 645
57 746
57 848
57 998
57 1570
57 1587
57 1684
57 1980
58 673
58 1026
58 1110
58 1114
58 1263
58 1381
58 1432
59 419
59 441
59 557
59 680
59 967
59 1026
59 1263
59 1365
59 1398
59 1416
59 1513
59 1545
59 1746
59 1796
59 1806
60 157
60 446
60 573
60 602
60 739
60 759
60 861
60 1117
60 1297
60 1703
60 1707
60 1753
60 1756
61 86
61 459
61 785
61 911
61 1110
61 1177
61 1842
62 184
62 203
62 362
62 731
62 1315
62 1553
62 1963
63 109
63 234
63 442
63 473
63 1057
63 1170
63 1265
63 1407
64 368
64 533
64 990
64 1021
64 1128
64 1156
64 1173
64 1462
64 1556
64 1600
64 1934
65 266
65 524
65 539
65 662
66 215
66 233
66 314
66 726
66 967
66 992
66 1327
66 1414
66 1561
66 1606
66 1617
67 383
67 731
67 976
67 1019
67 1300
67 1412
67 1749
67 1935
67 1976
67 1981
68 105
68 288
68 1075
68 1245
68 1569
68 1793
68 1872
68 1904
68 1938
69 281
69 300
69 326
69 412
69 433
69 469
69 830
69 918
69 1347
69 1558
69 1663
70 510
70 917
70 942
70 969
70 1344
70 1390
70 1517
70 1765
71 141
71 349
71 407
71 886
71 888
71 1085
71 1098
71 1630
72 531
72 912
72 1178
72 1342
72 1798
73 1130
73 1448
74 211
74 234
74 318
74 455
74 1617
74 1804
75 262
75 346
75 756
75 807
75 818
75 945
75 1291
75 1324
75 1358
75 1417
76 273
76 540
76 791
76 811
76 1050
76 1190
76 1195
76 1198
76 1396
76 1750
77 252
77 1606
78 279
78 504
78 937
78 980
78 982
78 1052
78 1247
78 1379
78 1641
78 1954
79 114
79 315
79 361
79 712
79 837
79 1427
79 1439
80 665
80 747
80 1459
81 142
81 821
81 933
81 1090
81 1214
81 1235
81 1277
82 265
82 651
82 757
82 878
82 1326
82 1340
82 1655
83 130
83 135
83 341
83 497
83 513
83 747
83 842
83 1307
83 1347
83 1677
83 1945
84 586
84 869
84 908
84 1164
84 1490
84 1603
84 1609
85 624
85 834
85 859
85 1071
85 1438
85 1479
85 1565
85 1932
85 1939
86 595
86 607
86 897
86 1215
86 1626
86 1882
86 1937
87 270
87 646
87 1090
87 1163
87 1211
87 1232
87 1570
87 1600
87 1625
87 1737
88 594
88 1307
88 1511
88 1566
88 1911
89 177
89 192
89 340
89 691
89 1111
89 1148
89 1928
90 408
90 441
90 628
90 1116
90 1482
90 1675
90 1863
91 396
91 1614
91 1906
91 1950
92 152
92 474
92 743
92 1188
92 1255
92 1809
92 1889
93 147
93 542
93 1145
93 1205
93 1439
93 1565
93 1646
94 453
94 851
94 1002
94 1316
94 1369
94 1571
94 1624
95 188
95 210
95 229
95 269
95 525
95 1004
95 1151
95 1684
95 1965
96 507
96 947
96 955
96 966
96 1027
96 1207
96 1217
96 1250
96 1277
96 1489
96 1724
96 1868
96 1922
96 1933
97 623
97 751
97 1021
97 1036
97 1085
97 1568
97 1653
97 1779
97 1939
98 311
98 366
98 583
98 585
98 632
98 905
98 1399
98 1629
98 1707
99 332
99 705
99 1237
99 1240
99 1316
99 1433
99 1503
99 1799
100 448
100 453
100 536
100 617
100 625
100 819
100 1026
100 1384
100 1452
101 184
101 1166
101 1616
102 327
102 1007
102 1269
102 1633
102 1987
103 714
103 955
103 1121
103 1136
103 1182
103 1278
103 1684
103 1715
104 768
104 906
104 1206
104 1468
104 1594
105 210
105 504
105 518
105 595
105 811
105 1050
105 1510
105 1727
106 216
106 596
106 601
106 985
106 1175
106 1268
106 1443
106 1673
107 288
107 461
107 552
107 613
107 1490
107 1507
108 252
108 280
108 386
108 391
108 398
108 553
108 856
108 1642
108 1851
109 472
109 488
109 680
109 719
109 749
109 769
109 814
109 1017
109 1111
109 1430
109 1910
110 131
110 1155
110 1402
110 1407
110 1547
110 1649
111 133
111 198
111 658
111 699
111 948
111 1067
111 1297
111 1469
111 1539
111 1802
111 1850
111 1898
111 1905
112 236
112 339
112 395
112 1668
112 1687
112 1896
113 952
113 1061
113 1086
113 1396
113 1523
113 1629
113 1631
113 1677
113 1729
114 118
114 236
114 440
114 1618
114 1979
115 122
115 911
115 1229
115 1346
115 1838
115 1889
115 1927
116 533
116 689
116 1015
116 1079
116 1224
116 1321
116 1465
116 1524
116 1983
117 180
117 208
117 896
117 1526
117 1556
117 1623
118 143
118 620
118 773
118 881
118 1181
118 1208
118 1483
119 169
119 189
119 652
119 732
119 970
119 1716
119 1719
119 1755
119 1853
119 1931
120 186
120 368
120 588
120 1006
120 1011
120 1088
120 1331
120 1362
120 1493
120 1499
121 300
121 532
121 649
121 852
121 870
121 1073
121 1463
121 1602
121 1788
121 1961
122 162
122 227
122 311
122 449
122 499
122 996
122 1070
122 1258
122 1279
122 1315
122 1505
122 1765
122 1788
123 228
123 965
123 1390
123 1525
123 1675
124 970
124 1494
124 1681
125 364
125 377
125 728
125 777
125 850
125 881
125 1565
125 1652
126 313
126 680
126 982
126 1291
126 1391
126 1405
126 1520
126 1584
126 1658
126 1873
126 1952
127 247
127 503
127 677
127 985
127 1422
127 1802
127 1872
128 351
128 1005
128 1007
128 1369
128 1769
129 254
129 423
129 569
129 790
129 817
129 857
129 938
129 953
129 1005
129 1247
129 1346
129 1427
129 1917
129 1930
130 517
130 809
130 900
130 984
130 1203
130 1207
130 1220
131 536
131 670
131 879
131 1070
131 1319
131 1363
131 1438
131 1545
131 1906
132 188
132 724
132 921
132 1092
132 1169
132 1618
132 1913
133 299
133 357
133 427
133 732
133 807
133 932
133 1830
133 1836
133 2000
134 550
134 897
134 1182
134 1305
134 1697
134 1708
134 1742
135 145
135 282
135 452
135 471
135 544
135 942
135 944
135 1305
135 1603
135 1608
135 1852
135 1855
135 1911
135 1943
136 721
136 780
136 863
136 905
136 1109
136 1150
136 1179
136 1205
136 1318
136 1358
136 1836
136 1948
137 727
137 870
137 996
137 1273
137 1857
138 146
138 343
138 701
138 987
138 1180
138 1192
138 1367
138 1967
139 219
139 471
139 750
139 773
139 791
139 971
139 1142
139 1387
139 1441
139 1594
139 1676
140 217
140 666
140 1228
140 1349
140 1882
140 1956
141 149
141 182
141 469
141 700
141 801
141 1497
142 186
142 225
142 751
142 1203
142 1459
143 229
143 318
143 428
143 751
143 892
143 996
144 281
144 430
144 467
144 624
144 1097
144 1223
144 1527
144 1667
144 1813
144 1859
145 181
145 198
145 1272
145 1291
146 482
146 776
146 995
146 1223
147 626
147 926
147 928
147 1183
147 1321
147 1352
147 1551
147 1645
147 1819
148 515
148 618
148 838
148 889
148 1132
148 1282
148 1287
148 1806
149 219
149 243
149 563
149 747
149 1145
149 1330
149 1835
149 1913
150 212
150 629
150 1000
150 1282
150 1318
150 1925
151 505
151 735
151 911
151 1207
151 1382
151 1452
151 1721
151 1862
152 372
152 458
152 725
152 861
152 1153
152 1254
152 1857
152 1905
153 825
153 901
154 326
154 339
154 497
154 648
154 732
154 1640
155 609
155 750
155 1986
156 306
156 931
156 1048
156 1712
157 682
157 817
157 990
157 1024
157 1457
157 1461
157 1632
157 1767
158 638
158 702
158 726
158 846
158 955
158 1242
158 1942
158 1952
159 206
159 347
159 535
159 581
159 629
159 642
159 670
159 707
159 949
159 1313
159 1488
159 1687
160 255
160 373
160 1060
160 1140
160 1391
160 1793
161 194
161 942
161 1045
161 1375
161 1419
161 1726
161 1882
162 647
162 738
162 1782
162 1830
163 251
163 709
163 713
163 759
163 1685
164 267
164 394
164 421
164 423
164 545
164 1101
164 1392
164 1547
164 1549
165 245
165 431
165 1233
165 1295
165 1347
165 1420
165 1589
165 1873
165 1877
166 325
166 411
166 807
166 992
166 1320
166 1339
166 1373
166 1698
166 1809
167 610
167 700
167 885
167 982
167 1189
167 1226
167 1274
167 1376
167 1607
167 1864
168 283
168 284
168 537
168 644
168 1169
168 1253
169 323
169 410
169 411
169 814
169 1125
169 1191
169 1266
169 1286
169 1299
169 1609
169 1910
170 774
170 1623
170 1718
170 1799
170 1844
171 524
171 762
171 1249
171 1464
171 1504
171 1996
172 220
172 469
172 1001
172 1089
172 1160
172 1331
172 1659
173 371
173 611
173 720
173 1029
173 1060
173 1233
173 1696
173 1749
174 735
174 956
174 999
174 1858
175 269
175 456
175 901
175 982
175 1131
175 1905
176 409
176 549
176 664
176 740
176 838
176 1187
177 385
177 436
177 611
177 815
177 855
177 1126
177 1158
177 1323
178 220
178 576
178 577
178 599
178 826
178 1058
178 1728
178 1745
178 1869
178 1898
179 211
179 527
179 824
179 1198
179 1274
179 1933
180 800
180 957
180 1015
180 1379
180 1608
180 1884
181 260
181 397
181 628
181 780
181 940
181 1125
181 1577
182 415
182 671
182 799
182 1617
182 1739
183 651
183 1238
183 1330
183 1445
183 1600
183 1916
184 291
184 737
184 1026
185 228
185 312
185 517
185 624
185 662
185 1078
185 1441
185 1962
186 436
186 532
186 641
186 708
186 887
186 1073
186 1547
186 1767
187 272
187 851
187 922
187 938
187 1156
187 1341
187 1385
187 1596
188 1063
188 1125
188 1212
188 1773
188 1847
189 642
189 1074
189 1210
189 1297
189 1412
189 1668
189 1849
190 346
190 817
190 926
190 1254
190 1332
190 1616
190 1647
190 1664
190 1682
191 377
191 389
191 545
191 1485
191 1696
192 409
192 588
192 782
192 1074
192 1078
192 1685
192 1975
193 363
193 688
193 740
193 858
193 1153
193 1220
193 1437
193 1614
193 1712
193 1744
193 1803
193 1889
194 283
194 301
194 905
194 909
194 924
194 1041
194 1386
194 1652
194 1723
195 726
195 776
195 856
195 930
195 1519
195 1629
195 1785
195 1916
195 1955
196 439
196 458
196 718
196 880
196 968
196 1183
196 1799
196 1884
197 470
197 501
197 770
197 1326
197 1479
197 1533
197 1578
197 1711
197 1761
198 208
198 384
198 685
198 779
198 781
198 954
198 1165
198 1268
198 1638
198 1694
198 1786
198 1969
199 319
199 1495
199 1508
200 376
200 717
200 719
200 878
200 1019
200 1207
200 1548
200 1709
201 422
201 505
201 582
201 1966
202 628
202 830
202 1769
202 1899
203 825
203 992
203 1268
204 251
204 283
204 872
204 1299
204 1647
204 1717
204 1873
205 575
205 1151
205 1345
205 1466
205 1532
205 1757
205 1924
205 1938
206 293
206 454
206 1012
206 1170
206 1361
206 1391
206 1482
206 1733
207 273
207 378
207 750
207 1311
207 1620
207 1718
208 307
208 643
208 792
208 849
208 1289
208 1321
208 1927
208 1988
209 296
209 327
209 647
209 721
209 1108
209 1142
209 1302
209 1399
209 1531
210 333
210 528
210 1530
211 552
211 633
211 882
211 1423
211 1672
211 1710
212 627
212 1317
212 1381
212 1485
212 1629
212 1664
213 1094
213 1453
213 1710
213 1836
213 1948
214 1239
214 1281
214 1412
214 1442
214 1591
215 614
215 633
215 687
215 821
215 1064
215 1548
215 1832
215 1857
215 1902
216 339
216 777
216 1196
216 1302
217 499
217 835
217 1425
217 1673
217 1807
218 357
218 576
218 883
218 1150
218 1185
218 1602
218 1845
218 1846
219 256
219 1034
219 1183
219 1321
219 1414
219 1566
219 1963
220 626
220 684
220 840
220 1390
220 1574
220 1705
220 1916
221 384
221 584
221 967
221 1758
221 1972
222 624
222 648
222 1198
222 1833
223 685
223 1040
223 1548
224 574
224 890
224 1179
224 1251
224 1649
224 1705
225 243
225 601
225 1088
225 1462
225 1525
225 1605
225 1950
226 859
226 1191
226 1334
226 1917
227 481
227 593
227 823
227 1260
227 1727
227 1913
228 1147
229 348
229 984
229 1104
229 1339
229 1438
229 1463
229 1841
230 657
230 1431
230 1625
230 1986
230 1998
231 708
231 953
231 1428
232 418
232 662
232 1004
232 1158
232 1391
232 1505
232 1994
233 329
233 529
233 708
233 1209
233 1468
233 1503
233 1527
233 1594
233 1773
233 1801
233 1894
234 244
234 569
234 1135
234 1575
234 1737
234 1739
234 1982
235 287
235 519
235 949
235 1463
235 1723
236 579
236 708
236 832
236 988
236 1140
236 1368
236 1378
236 1533
236 1717
236 1914
237 616
237 982
237 1101
237 1105
237 1166
237 1423
237 1468
237 1860
237 1931
238 347
238 369
238 607
238 726
238 792
238 1322
238 1383
238 1861
239 490
239 556
239 621
239 819
239 1045
239 1331
239 1345
239 1560
239 1737
240 413
240 637
240 661
240 828
240 928
240 1141
240 1184
240 1297
241 901
241 1649
241 1753
242 440
242 604
242 649
242 852
242 916
242 1082
242 1216
242 1801
242 1879
243 580
243 628
243 685
243 1029
243 1207
243 1289
243 1373
243 1505
243 1533
243 1712
244 291
244 652
244 862
244 1051
244 1190
244 1429
244 1473
244 1619
245 798
245 1086
245 1253
245 1689
245 1821
245 1844
246 586
246 642
246 1005
246 1703
246 1838
247 686
247 755
247 908
247 1269
247 1311
247 1548
247 1592
247 1651
247 1710
247 1900
248 280
248 384
248 821
248 962
248 1800
249 368
249 425
249 529
249 553
249 634
249 730
249 949
249 1332
249 1503
250 396
250 607
250 620
250 1348
250 1626
250 1630
250 1736
250 1848
251 340
251 448
251 1065
251 1270
251 1464
251 1621
252 1056
252 1072
252 1127
252 1418
252 1512
253 369
253 616
253 727
253 1451
253 1541
253 1702
253 1878
254 295
254 377
254 613
254 757
254 1143
254 1654
254 1663
254 1720
254 1809
255 581
255 638
255 826
255 1159
255 1178
255 1365
255 1515
255 1673
255 1901
256 333
256 530
256 704
256 936
256 1167
256 1379
256 1841
256 1897
257 569
257 734
257 1094
257 1106
257 1899
258 357
258 499
258 655
258 783
258 959
258 1443
258 1831
259 303
259 851
259 953
259 1000
259 1778
260 340
260 346
260 788
260 801
260 1306
260 1330
260 1342
261 392
261 892
261 1519
261 1681
261 1839
262 901
262 923
262 1764
263 322
263 384
263 414
263 1093
263 1120
263 1237
263 1354
263 1365
263 1413
263 1633
263 1813
264 480
264 566
264 696
264 1126
264 1444
264 1716
265 821
265 1166
265 1507
266 570
266 774
266 853
266 1091
266 1135
266 1143
266 1652
266 1984
267 367
267 402
267 806
267 858
267 960
267 1022
267 1037
267 1089
267 1344
267 1775
268 340
268 630
268 639
268 670
268 1143
268 1336
268 1371
268 1679
268 1690
268 1730
268 1997
269 861
269 892
269 926
269 1143
269 1329
269 1404
269 1573
270 373
270 1065
270 1166
270 1559
270 1722
270 1762
271 368
271 409
271 463
271 653
271 1057
271 1148
271 1311
272 477
272 504
272 607
272 758
272 1016
272 1621
272 1712
272 1794
273 337
273 458
273 707
273 793
273 1432
273 1482
273 1612
274 547
274 1061
274 1132
274 1318
274 1536
274 1706
274 1975
275 344
275 354
275 574
275 1096
275 1131
275 1259
275 1293
276 373
276 542
276 726
276 765
276 901
276 952
276 953
276 1654
276 1677
276 1750
276 1997
277 1041
277 1107
277 1218
278 667
278 714
278 1100
278 1180
278 1228
278 1397
278 1420
278 1656
278 1858
278 1876
278 1944
279 422
279 533
279 668
279 942
279 982
279 997
279 1026
279 1288
279 1445
279 1544
279 1661
279 1743
280 367
280 518
280 557
280 1232
281 309
281 602
281 1229
281 1524
281 1818
282 405
282 492
282 548
282 832
282 937
282 973
282 1497
282 1536
282 1574
282 1697
282 1770
282 1942
283 852
283 871
283 980
283 1295
283 1326
283 1501
283 1538
284 288
284 293
284 527
284 1029
284 1070
284 1172
284 1343
284 1453
284 1557
284 1788
284 1846
284 1900
284 1973
285 1086
285 1820
285 1974
286 1578
287 322
287 381
287 386
287 718
287 854
287 874
287 992
287 1101
287 1287
287 1323
287 1931
288 840
288 1136
288 1225
288 1383
288 1658
289 676
289 761
289 890
289 1283
289 1404
289 1736
289 1913
290 343
290 998
290 1166
290 1184
290 1349
290 1697
290 1699
290 1741
290 1897
290 1936
291 325
291 678
291 811
291 903
291 966
291 1699
291 1815
292 583
292 715
292 959
292 1130
292 1542
292 1686
292 1765
292 1991
293 401
293 944
293 1021
293 1040
293 1365
293 1602
293 1700
293 1906
293 1947
293 1957
294 1048
294 1084
294 1179
294 1344
294 1412
294 1626
294 1818
294 1859
294 1861
295 1137
295 1289
295 1415
295 1435
295 1607
295 1906
296 326
296 399
296 453
296 712
296 760
296 911
296 1078
296 1467
296 1528
296 1744
296 1752
297 371
297 517
297 540
297 730
297 822
297 1177
297 1207
297 1292
297 1643
297 1930
298 549
298 698
298 783
298 811
298 882
298 991
298 1372
298 1513
298 1724
299 555
299 1433
299 1524
299 1933
300 333
300 475
300 879
300 998
300 1269
300 1405
300 1469
300 1767
300 1962
301 336
301 561
301 591
301 861
301 1330
301 1390
301 1445
301 1484
301 1623
301 1692
301 1696
302 793
302 1004
302 1026
302 1070
302 1252
302 1308
302 1815
303 495
303 665
303 1004
303 1079
303 1210
303 1311
303 1911
303 1972
304 343
304 432
304 514
304 719
304 1535
304 1553
305 333
305 465
305 637
305 1252
305 1321
306 889
306 901
306 992
306 1468
306 1502
307 324
307 529
307 648
307 699
307 803
307 904
307 1097
307 1265
307 1410
307 1515
307 1829
308 447
308 742
308 1023
308 1269
309 321
309 389
309 510
309 674
309 1018
309 1088
309 1391
309 1527
309 1534
309 1615
309 1952
309 1953
310 313
310 1162
310 1185
310 1326
310 1387
310 1662
310 1826
310 1917
310 1956
311 347
311 723
311 849
311 1621
312 322
312 489
312 661
312 790
312 1057
312 1427
312 1900
312 1901
313 680
313 1089
313 1213
313 1290
314 658
314 1072
314 1352
314 1429
314 1555
314 1815
315 436
315 596
315 645
315 735
315 1111
315 1125
315 1255
315 1365
315 1540
315 1668
315 1750
316 743
316 1245
316 1274
316 1520
316 1537
317 558
317 668
317 685
317 1287
318 723
318 798
318 885
318 1238
318 1373
318 1396
318 1558
318 1563
318 1708
319 489
319 760
319 884
319 1226
319 1507
319 1518
319 1749
319 1764
319 1878
320 321
320 1555
320 1684
320 1758
321 370
321 1004
321 1312
321 1693
321 1697
321 1759
322 1095
322 1646
322 1739
322 1836
323 629
323 757
323 806
323 1276
323 1828
324 1187
324 1359
324 1393
324 1907
325 1258
325 1265
325 1341
325 1515
325 1800
326 385
326 648
326 931
326 1136
326 1226
326 1350
326 1354
326 1433
326 1663
326 1942
327 567
327 715
327 762
327 898
327 982
327 1086
328 490
328 656
328 907
328 1055
328 1223
328 1389
328 1710
329 409
329 440
329 508
329 767
329 841
329 871
329 907
329 1378
329 1450
329 1956
330 501
330 526
330 842
330 898
330 1433
330 1441
330 1491
330 1886
331 364
331 426
331 654
331 795
331 841
331 876
331 1091
331 1113
331 1117
331 1233
331 1330
331 1375
331 1800
332 564
332 1033
332 1197
332 1331
332 1362
332 1596
332 1756
333 1244
333 1827
334 1011
334 1274
334 1463
334 1466
334 1867
335 544
335 907
335 1475
335 1532
335 1607
335 1636
335 1820
335 1995
336 1450
336 1483
336 1485
336 1829
336 1998
337 559
337 1038
338 800
338 1476
338 1612
338 1827
339 379
339 1066
339 1154
339 1375
340 944
340 1316
340 1525
340 1695
341 1428
341 1740
342 468
342 729
342 775
342 1007
342 1092
342 1423
342 1502
342 1930
343 870
344 841
344 1084
344 1413
344 1482
344 1732
344 1782
345 535
345 638
345 803
345 1117
345 1260
345 1349
345 1481
345 1906
346 530
346 581
346 824
346 862
346 1320
346 1672
346 1675
346 1731
346 1742
346 1970
347 386
347 1107
347 1278
348 534
348 715
348 841
348 1277
348 1521
348 1561
349 1630
349 1738
350 574
350 749
350 881
350 1155
350 1596
350 1800
350 1911
351 473
351 600
351 666
351 895
351 969
351 1832
352 542
352 818
352 1186
352 1224
352 1782
352 1915
353 671
353 681
353 816
353 961
353 1095
353 1105
353 1320
353 1803
354 671
354 831
354 898
354 1175
354 1703
355 480
355 1227
355 1623
355 1968
356 489
356 674
356 937
356 1004
356 1230
356 1284
356 1645
356 1671
356 1811
357 440
357 638
357 1033
357 1266
357 1435
357 1445
357 1492
357 1633
357 1718
357 1939
357 1982
358 479
358 682
358 854
358 908
358 1087
358 1123
358 1293
358 1565
358 1648
358 1868
358 1938
359 559
359 636
359 911
359 1039
359 1303
359 1507
359 1522
359 1770
359 1920
360 457
360 519
360 1041
360 1206
360 1210
360 1291
360 1545
360 1643
360 1651
360 1770
360 1825
361 547
361 1085
361 1149
361 1165
361 1231
361 1237
361 1508
361 1919
362 506
362 519
362 765
362 981
362 1099
362 1387
362 1579
362 1635
362 1651
363 823
363 1042
363 1397
363 1461
363 1632
363 1874
363 1980
363 1995
364 481
364 550
364 647
364 827
364 968
364 1218
364 1327
364 1582
364 1598
364 1663
364 1928
364 1945
365 406
365 593
365 933
365 1142
365 1413
365 1422
365 1714
365 1730
365 1865
366 473
366 508
366 611
366 912
366 936
366 1070
366 1319
366 1802
366 1832
367 636
367 745
367 776
367 833
367 1044
367 1125
367 1417
367 1505
368 384
368 1028
368 1092
368 1167
368 1533
369 891
369 989
369 1090
369 1253
369 1646
369 1870
370 749
370 851
370 906
370 1211
370 1940
370 1966
371 426
371 450
371 730
371 943
371 1790
371 1855
372 682
372 707
372 1106
372 1356
372 1742
372 1919
372 2000
373 488
373 660
373 1032
373 1526
373 1820
373 1919
373 1936
374 512
374 1180
374 1213
374 1426
374 1504
374 1567
374 1696
374 1746
374 1916
375 443
375 449
375 722
375 1211
375 1228
375 1769
375 1798
375 1850
376 481
376 868
376 941
376 1111
376 1625
376 1739
376 1812
377 1102
377 1280
377 1360
377 1400
377 1582
378 842
378 927
378 1255
378 1346
378 1411
378 1497
378 1780
379 410
379 451
379 1890
379 1921
380 569
380 921
380 1085
380 1759
380 1999
381 513
381 1075
381 1347
381 1955
382 439
382 909
382 1268
382 1344
382 1544
382 1692
383 494
383 582
383 922
383 1213
383 1599
383 1621
383 1650
383 1834
384 836
384 842
384 929
384 1134
384 1294
384 1676
384 1850
384 1950
385 397
385 453
385 494
385 904
385 947
385 1147
385 1279
385 1488
385 1691
387 438
387 1403
387 1438
388 684
388 904
388 968
388 1341
388 1440
388 1529
388 1661
388 1780
388 1873
389 464
389 1125
389 1755
390 407
390 521
390 615
390 781
390 852
390 1095
390 1538
390 1795
391 816
391 930
391 1170
391 1230
391 1277
391 1802
392 438
392 667
392 1327
392 1330
392 1368
392 1808
392 1858
393 451
393 646
393 953
393 1095
393 1163
393 1373
393 1374
393 1404
394 834
394 1379
394 1986
395 572
395 904
395 1288
395 1419
395 1891
396 547
396 644
396 834
396 984
396 1109
396 1455
396 1672
396 1900
397 551
397 681
397 727
397 882
397 1044
397 1390
397 1536
397 1874
397 1908
397 1932
398 411
398 490
398 837
398 1007
398 1129
398 1228
398 1660
399 511
399 1487
399 1490
399 1735
400 587
400 773
400 1195
400 1534
401 712
401 1048
401 1281
401 1290
401 1339
401 1615
401 1624
401 1878
401 1941
402 465
402 603
402 643
402 838
402 1256
402 1358
402 1415
402 1645
402 1858
402 1873
403 438
403 550
403 887
403 1946
404 780
404 1103
404 1309
404 1319
404 1481
404 1747
404 1957
405 745
405 959
405 1166
405 1174
405 1395
405 1701
406 410
406 539
406 847
406 1366
406 1529
406 1530
406 1738
406 1830
407 456
407 697
407 991
407 1058
407 1128
407 1304
407 1409
407 1609
408 497
408 727
408 1086
409 428
409 1513
409 1629
409 1736
409 1921
409 1997
410 1001
410 1033
410 1332
410 1681
410 1917
411 727
411 914
411 1090
411 1341
411 1531
412 512
412 1234
412 1451
412 1566
412 1570
412 1685
413 656
413 717
413 885
413 1016
413 1350
413 1485
413 1594
413 1660
413 1753
413 1821
413 1950
414 1209
414 1314
414 1422
414 1917
414 1987
415 533
415 554
415 576
415 1084
415 1451
415 1617
415 1657
416 428
416 931
416 1079
416 1392
416 1453
417 492
417 498
417 664
417 1153
417 1545
417 1656
417 1948
418 767
418 859
418 911
418 1089
418 1233
418 1801
418 1886
419 446
419 536
419 589
419 733
419 1015
419 1134
419 1182
419 1435
419 1961
420 526
420 867
420 1142
420 1183
420 1266
420 1645
420 1684
420 1876
421 998
421 1537
421 1603
421 1859
422 818
422 921
422 1399
422 1528
423 517
423 891
423 1111
423 1235
423 1545
423 1714
424 491
424 724
424 765
424 945
424 1482
424 1583
424 1835
424 1859
425 437
425 456
425 560
425 661
425 1194
425 1236
425 1565
425 1622
425 1637
425 1837
425 1982
426 559
426 615
426 1523
426 1748
426 1976
427 434
427 810
427 1209
427 1430
428 709
428 799
428 942
428 1368
429 443
429 512
429 813
429 1770
430 622
430 658
430 821
430 841
430 1235
430 1453
430 1622
430 1683
430 1889
431 565
431 611
431 764
431 1320
431 1518
431 1524
431 1641
432 1393
432 1570
432 1817
432 1890
432 1894
432 1924
433 462
433 859
433 1053
433 1241
433 1296
433 1323
433 1383
433 1532
433 1859
434 1096
434 1447
434 1761
435 753
435 1224
435 1293
435 1331
435 1569
435 1668
435 1931
435 1967
436 835
436 862
436 894
436 972
436 1171
436 1447
437 446
437 460
437 812
437 1190
437 1329
437 1501
437 1854
438 536
438 827
438 974
439 463
439 544
439 722
439 1008
439 1210
439 1219
439 1238
439 1571
440 494
440 556
440 729
440 807
440 1269
440 1592
440 1638
441 443
441 682
441 917
441 945
441 1691
441 1911
441 1937
441 1963
442 470
442 1149
442 1642
442 1724
443 616
443 855
443 1145
443 1556
443 1834
444 579
444 587
444 727
444 1000
444 1584
444 1688
444 1912
445 695
445 1398
445 1701
446 777
447 463
447 490
447 538
447 814
447 1473
447 1514
447 1593
448 652
448 667
448 787
448 981
448 1501
448 1613
448 1717
449 825
449 898
450 887
450 1603
450 1756
450 1931
451 505
451 534
451 1216
451 1259
451 1960
452 485
452 490
452 1048
452 1140
452 1221
452 1490
452 1510
452 1610
452 1883
453 459
453 567
453 805
453 1812
454 631
454 795
454 979
454 1344
455 674
455 894
455 901
455 1338
455 1630
455 1632
455 1895
455 1941
456 818
456 832
456 1260
456 1295
456 1418
456 1721
456 1811
456 1826
456 1916
457 813
457 1043
457 1097
457 1125
457 1258
457 1511
457 1588
458 540
458 1646
458 1737
458 1851
459 792
459 853
459 1013
459 1022
459 1036
459 1134
459 1212
459 1638
459 1742
460 528
460 585
460 1198
460 1374
460 1412
460 1562
460 1694
461 962
461 1319
461 1330
461 1438
461 1682
461 1913
462 504
462 1029
463 591
463 602
463 684
463 934
463 942
463 969
463 1207
463 1281
463 1898
464 601
464 823
464 1246
464 1407
464 1932
465 487
465 770
465 797
465 1504
466 507
466 1260
466 1379
466 1682
466 1781
466 1819
467 495
467 587
467 646
467 751
467 923
467 1160
467 1195
467 1372
467 1566
467 1610
467 1630
468 849
468 989
468 1170
468 1394
469 1164
469 1459
469 1473
469 1551
469 1695
469 1710
470 1167
471 677
471 952
471 953
471 1356
471 1541
471 1576
471 1629
472 729
472 979
472 1485
472 1931
473 1126
473 1129
473 1404
473 1409
473 1891
474 604
474 609
474 742
474 849
474 984
474 1706
474 1928
475 747
475 803
475 1149
475 1423
475 1669
475 1703
475 1729
475 1828
476 679
476 1100
476 1128
476 1422
476 1588
477 920
477 1108
477 1262
477 1380
477 1752
477 1940
478 1111
478 1520
478 1849
479 1213
479 1334
479 1629
479 1772
480 736
480 820
480 1058
480 1581
480 1832
481 493
481 643
481 880
481 1004
481 1160
481 1251
481 1321
481 1389
481 1398
481 1402
481 1503
481 1521
481 1584
481 1800
481 1833
481 1867
482 487
482 524
482 530
482 869
482 1235
482 1305
482 1934
483 500
483 565
483 935
483 1044
483 1093
483 1115
483 1219
483 1426
483 1551
483 1895
484 1100
484 1215
485 542
485 884
485 1011
485 1104
485 1211
485 1225
485 1741
485 1831
485 1997
486 503
486 506
486 810
486 1149
486 1159
486 1284
486 1539
486 1744
486 1989
487 1510
487 1928
488 929
488 1070
488 1096
488 1489
488 1667
489 562
489 616
489 675
489 769
489 975
489 1044
489 1382
489 1884
489 1918
490 735
490 768
490 1573
490 1626
491 512
491 558
491 1027
491 1174
491 1588
491 1916
492 756
492 1480
492 1556
493 1182
493 1324
494 514
494 678
494 837
494 890
494 1205
494 1383
494 1461
494 1611
495 563
495 736
495 772
495 786
495 841
495 1006
495 1041
495 1533
496 710
496 913
496 1112
496 1213
496 1364
496 1408
496 1674
497 822
498 529
498 814
498 899
498 1755
499 523
499 544
499 823
499 860
499 867
499 884
499 952
499 1133
499 1578
499 1684
499 1685
499 1796
500 618
500 769
500 788
500 1163
500 1232
500 1996
501 578
501 714
501 844
501 884
501 1008
501 1046
501 1280
501 1543
501 1748
501 1896
501 2000
502 631
502 1489
502 1831
503 774
503 942
503 1110
503 1189
503 1689
503 1753
503 1787
503 1845
504 817
504 1207
504 1233
505 596
505 728
505 1257
505 1379
505 1917
506 928
506 1251
506 1784
506 1787
506 1870
507 723
507 812
507 1144
507 1587
507 1634
508 617
508 946
508 1327
508 1407
508 1842
508 1866
509 1237
509 1962
510 1064
510 1087
510 1449
510 1764
511 585
511 1072
511 1784
512 592
512 923
512 1517
512 1587
512 1720
512 1828
513 724
513 1065
513 1066
513 1341
513 1466
513 1511
513 1736
513 1752
513 1949
513 1990
514 1188
514 1244
514 1428
514 1490
515 694
515 705
515 849
515 1025
515 1384
515 1488
515 1535
515 1770
515 1794
516 542
516 770
516 1437
516 1518
517 634
517 881
517 1622
518 620
518 693
518 1010
518 1416
518 1680
518 1716
519 1050
519 1186
519 1205
519 1259
519 1351
519 1529
519 1655
520 529
520 552
520 1246
520 1276
520 1371
520 1552
520 1599
520 1632
520 1982
521 702
521 786
521 978
521 1140
521 1196
521 1417
522 537
522 1005
522 1104
522 1366
522 1453
522 1795
523 665
523 1679
523 1717
523 1833
524 825
524 1266
524 1269
524 1308
524 1634
524 1782
525 608
525 628
525 887
525 1396
525 1649
525 1940
526 877
526 1031
526 1283
526 1424
526 1861
526 1976
527 1098
527 1812
527 1951
528 575
528 890
528 1019
528 1128
528 1147
528 1178
528 1327
528 1456
528 1709
529 669
529 1013
529 1113
529 1187
529 1190
529 1590
530 735
530 800
530 954
530 1029
530 1366
530 1415
531 989
531 1558
531 1588
532 732
532 1120
532 1168
532 1301
532 1325
532 1471
532 1879
533 1203
533 1738
534 599
534 663
534 1465
534 1749
535 680
535 814
535 917
535 936
535 1276
535 1290
535 1331
535 1369
535 1548
535 1753
535 1884
536 928
536 954
536 1063
536 1139
536 1143
536 1313
536 1449
536 1650
537 830
537 953
537 965
537 1155
537 1579
537 1594
537 1633
538 878
538 1002
538 1021
538 1427
538 1456
538 1617
538 1876
538 1958
539 1520
539 1636
539 1835
540 660
540 822
540 1137
540 1158
540 1982
541 730
541 894
542 961
542 1105
542 1692
542 1716
542 1911
543 737
543 972
543 1015
543 1140
543 1232
543 1280
543 1356
543 1808
544 1628
544 1809
544 1866
545 561
545 909
545 974
545 1200
546 851
546 983
546 1025
546 1096
546 1179
546 1381
546 1795
547 785
547 951
547 1153
547 1336
547 1392
547 1740
547 1880
547 1948
548 884
548 1455
548 1758
548 1806
548 1899
549 691
549 965
549 995
549 1058
549 1334
549 1376
549 1717
549 1782
550 558
550 986
550 1311
550 1450
550 1570
550 1690
550 1757
551 636
551 647
551 817
551 1232
551 1402
551 1423
552 590
552 871
552 1033
552 1191
552 1522
552 1756
552 1897
553 628
553 714
553 1493
553 1543
553 1644
554 1077
554 1292
554 1376
554 1601
555 676
555 1986
556 571
556 643
556 772
556 797
556 905
556 1242
556 1365
556 1642
556 1682
556 1693
556 1832
556 1852
556 1877
556 1906
557 750
557 884
557 1126
557 1298
557 1394
557 1559
557 1585
557 1643
557 1822
558 818
558 826
558 1167
558 1403
558 1507
559 781
559 941
559 1023
559 1297
559 1432
559 1998
560 676
560 794
560 811
560 1369
560 1370
560 1611
560 1668
560 1763
561 577
561 916
561 1381
562 590
562 763
562 1788
563 677
563 695
563 1183
563 1661
563 1962
564 771
564 883
564 1022
564 1046
564 1166
564 1970
565 1400
566 879
566 900
566 1128
566 1595
566 1620
567 694
567 708
567 838
567 887
567 1444
567 1744
568 594
568 616
568 758
568 928
568 950
568 1352
569 718
569 723
569 842
569 910
569 993
569 1298
569 1321
569 1415
569 1524
569 1993
570 801
570 1347
570 1352
570 1628
570 1733
570 1880
571 662
571 969
571 1082
572 727
572 1391
572 1455
572 1662
572 1748
572 1762
573 1103
573 1330
574 600
574 789
574 1400
574 1405
574 1712
575 865
575 1201
575 1361
575 1498
575 1783
575 1846
575 1919
576 758
576 1104
576 1492
576 1546
576 1707
577 784
577 1102
577 1617
577 1811
578 964
578 1086
578 1303
578 1528
578 1839
579 849
579 1223
579 1336
579 1572
579 1628
580 601
580 620
580 1241
580 1492
580 1557
581 1006
581 1110
581 1343
581 1369
581 1949
582 750
582 769
582 1005
582 1348
582 1733
582 1905
582 1988
583 597
583 1095
583 1541
583 1982
584 611
584 1321
584 1479
584 1582
584 1614
584 1852
584 1869
585 599
585 663
585 1200
585 1251
585 1349
585 1915
586 967
586 993
586 1331
586 1432
586 1656
586 1786
586 1895
587 1380
587 1413
587 1778
587 1974
588 686
588 978
588 1141
588 1407
589 629
589 763
589 922
589 1122
589 1133
589 1277
589 1367
589 1619
589 1645
589 1683
589 1731
589 1766
590 921
590 1131
590 1334
590 1492
590 1804
591 604
591 859
591 864
591 984
591 1681
591 1704
591 1779
592 877
592 958
592 1137
592 1361
592 1691
592 1779
592 1784
593 886
593 1234
593 1365
593 1702
593 1759
594 879
594 928
594 1145
594 1222
594 1265
594 1369
594 1586
594 1935
595 853
595 993
595 1124
595 1388
595 1509
595 1648
595 1801
596 784
596 959
596 1053
596 1086
596 1102
596 1466
596 1671
597 956
597 1017
597 1213
597 1376
597 1951
598 792
598 1022
598 1431
598 1590
599 666
599 763
599 1154
599 1728
600 809
600 1572
600 1907
601 722
601 1915
602 631
602 999
602 1215
602 1418
602 1878
603 974
603 1127
603 1270
603 1404
603 1425
603 1637
603 1732
604 679
604 748
604 1025
604 1481
605 1295
605 1307
605 1530
605 1683
605 1818
606 1055
606 1218
606 1503
606 1587
607 925
607 1317
607 1894
608 673
608 843
608 987
608 1639
608 1722
608 1770
608 1790
608 1882
609 684
609 686
609 710
609 833
609 872
609 875
609 1308
609 1866
610 747
610 816
610 938
610 983
610 1212
610 1498
610 1657
610 1673
610 1699
610 1839
610 1947
611 677
611 717
611 922
611 1308
611 1460
611 1500
611 1691
611 1984
612 680
612 709
612 735
612 797
612 879
612 1167
612 1579
612 1947
613 741
613 836
613 899
613 1095
613 1517
614 767
614 875
614 910
614 1326
614 1556
615 792
615 1197
615 1254
616 1170
616 1827
616 1969
617 985
617 1418
617 1425
617 1658
617 1900
617 1977
618 948
618 1871
618 1924
619 1048
619 1243
619 1312
619 1772
620 1319
620 1321
620 1519
621 1076
621 1080
621 1160
621 1184
621 1475
621 1613
621 1976
622 965
622 1279
622 1652
622 1663
622 1813
623 1207
623 1220
624 663
624 946
624 1168
624 1782
624 1920
625 909
625 946
625 1006
625 1058
625 1182
625 1558
625 1596
625 1843
626 648
626 1473
626 1653
627 781
627 814
627 861
627 1648
627 1711
627 1871
627 1953
628 828
628 1312
628 1542
628 1631
628 1696
628 1722
629 701
629 1508
629 1975
630 673
630 815
630 888
630 1352
630 1608
630 1700
630 1719
630 1881
631 768
631 1008
631 1049
631 1192
631 1261
631 1438
631 1944
632 643
632 905
632 927
632 1051
632 1278
632 1455
632 1519
633 717
633 739
633 841
633 1028
633 1066
633 1110
633 1709
633 1890
634 639
635 754
635 791
635 884
635 984
635 1004
635 1429
635 1521
635 1547
635 1577
635 1935
636 1296
636 1586
636 1650
636 1687
636 1836
637 768
637 984
637 1008
637 1085
637 1398
637 1942
638 645
638 681
638 716
638 969
638 1041
638 1056
638 1982
639 682
639 775
639 857
639 1742
640 859
640 934
640 1098
641 759
641 805
641 1116
641 1122
641 1270
641 1486
641 1568
641 1654
641 1916
641 1928
642 735
642 1078
642 1977
643 703
643 1287
643 1511
644 670
644 788
644 1018
644 1157
644 1481
644 1839
645 707
645 761
645 783
645 1268
645 1284
645 1291
645 1352
645 1691
646 647
646 881
646 1360
646 1517
646 1838
647 881
647 922
647 1011
647 1599
647 1619
647 1878
647 1948
648 669
648 887
648 1457
648 1482
648 1548
648 1635
648 1675
648 1701
648 1841
648 1915
649 744
649 788
649 892
649 988
649 1159
649 1232
649 1286
649 1431
649 1722
650 981
650 1255
650 1466
650 1830
651 995
651 1055
651 1344
651 1458
651 1495
651 1640
651 1893
652 769
652 914
652 1497
652 1623
652 1741
653 804
653 822
653 1161
653 1166
653 1193
653 1368
653 1486
653 1651
654 1395
654 1513
654 1856
655 748
655 1228
655 1368
655 1979
656 755
656 943
656 1117
656 1268
656 1281
656 1322
656 1492
656 1868
656 1875
657 770
657 1884
658 936
658 1255
658 1294
658 1521
658 1756
658 1863
659 693
659 956
659 1205
659 1328
659 1796
659 1992
660 894
660 979
660 1163
660 1240
660 1359
660 1488
660 1510
660 1731
661 1196
661 1324
661 1418
661 1914
662 966
662 1308
662 1529
662 1540
662 1792
662 1874
663 981
663 1168
663 1315
663 1337
663 1649
663 1667
663 1728
663 1831
663 1889
664 781
664 900
664 1085
664 1325
664 1353
665 755
665 1021
665 1393
665 1427
665 1508
665 1639
665 1662
666 758
666 983
666 1094
666 1219
666 1498
666 1639
666 1889
666 1987
667 706
667 944
667 1131
667 1493
667 1561
667 1636
667 1884
667 1924
668 738
668 827
668 931
668 936
668 1309
668 1457
668 1948
668 1951
669 1154
669 1911
670 1129
670 1147
670 1259
670 1282
670 1392
670 1512
671 876
671 1389
671 1546
671 1800
672 676
672 867
672 1775
673 903
673 1795
674 1196
674 1551
674 1631
674 1965
675 1220
675 1451
675 1523
676 720
676 862
676 916
676 968
676 995
676 1122
676 1253
676 1446
676 1636
676 1732
676 1825
676 1881
677 758
677 841
677 1336
677 1428
677 1888
678 844
678 904
678 1248
678 1330
678 1419
678 1481
678 1774
679 745
679 1305
679 1784
679 1958
680 862
680 1052
680 1206
680 1618
680 1724
681 1233
681 1460
682 888
682 922
682 1429
682 1440
682 1543
682 1666
682 1710
682 1841
683 719
683 757
683 1296
683 1459
683 1479
683 1622
683 1856
684 1237
684 1323
684 1652
684 1735
684 1740
685 1001
685 1521
685 1952
686 1204
686 1400
686 1793
687 1218
688 1225
689 721
689 758
689 943
689 976
689 1189
689 1210
689 1736
689 1936
690 1691
690 1756
690 1803
691 743
691 969
691 1160
691 1401
692 979
692 1331
692 1504
692 1961
693 730
693 1278
693 1918
693 1981
694 728
695 903
695 1044
695 1099
695 1138
696 840
696 1014
696 1230
696 1520
696 1747
696 1837
697 1177
697 1801
698 886
698 1561
698 1761
698 1908
698 1982
699 737
699 973
699 1132
699 1681
700 743
700 876
700 1227
700 1353
700 1429
700 1487
700 1552
700 1687
700 1964
701 784
701 795
701 1115
701 1595
701 1690
701 1745
701 1754
701 1903
702 1221
702 1443
702 1795
702 1830
703 811
703 860
703 1043
703 1174
703 1427
703 1696
703 1860
704 1419
704 1475
704 1678
704 1772
704 1800
704 1893
704 1935
705 1100
705 1582
705 1699
705 1964
707 1441
707 1931
708 1139
708 1360
708 1458
708 1603
708 1801
708 1814
708 1940
709 894
709 1452
709 1617
709 1727
710 1080
710 1299
710 1312
710 1613
711 878
711 922
711 947
711 1227
711 1540
711 1858
712 1127
712 1490
712 1786
713 785
713 1288
713 1626
713 1890
714 811
714 1140
714 1233
714 1372
714 1545
714 1885
714 1908
714 1972
715 794
715 1067
715 1120
715 1518
715 1569
716 973
716 1023
716 1086
716 1095
716 1113
716 1131
716 1337
717 1721
717 1843
717 1921
718 1146
718 1424
718 1570
718 1718
718 1784
718 1986
719 838
719 1243
719 1250
719 1544
720 880
720 903
720 1053
720 1188
720 1370
721 800
721 1098
721 1150
721 1194
721 1574
721 1610
721 1923
722 1527
722 1641
722 1866
722 1958
723 1461
723 1908
724 744
724 1098
724 1774
725 726
725 1136
725 1415
725 1522
725 1679
725 1842
725 1917
726 1422
726 1513
726 1762
727 1354
727 1440
727 1705
727 1789
727 1794
728 1528
728 1611
729 979
729 1282
729 1343
729 1896
730 766
730 929
730 1144
730 1325
730 1484
730 1910
730 1919
731 1521
731 1552
731 1760
731 1772
732 1060
732 1646
732 1779
732 1865
732 1936
732 1939
732 1958
733 1195
733 1219
733 1379
734 1163
734 1183
734 1373
734 1381
734 1940
734 1986
735 918
735 1031
735 1541
735 1879
736 906
736 984
736 1077
736 1225
736 1556
737 1274
737 1515
737 1648
738 786
738 927
738 1446
738 1827
739 1025
739 1188
739 1290
739 1452
739 1499
740 1054
740 1122
740 1334
740 1602
740 1766
740 1932
741 1528
742 814
742 1066
742 1248
743 1210
743 1353
743 1657
743 1867
743 1964
744 1011
744 1176
744 1386
744 1415
744 1667
745 819
745 913
745 1137
745 1185
745 1490
745 1815
745 1966
746 891
746 1066
746 1440
746 1720
747 771
747 832
747 1259
747 1595
748 801
748 1073
748 1346
748 1416
748 1885
748 1943
749 1451
749 1701
750 1466
750 1492
750 1702
751 907
751 1246
751 1456
751 1546
751 1596
752 911
752 1144
752 1540
752 1603
753 1415
753 1439
753 1493
753 1578
753 1611
753 1644
753 1727
753 1765
754 974
754 997
754 1190
754 1256
754 1344
755 772
755 864
755 1035
755 1149
755 1796
755 1802
755 1888
756 899
756 1171
757 1082
757 1278
757 1359
757 1521
758 1183
758 1187
758 1279
758 1628
758 1634
758 2000
759 994
759 1105
759 1119
759 1549
759 1588
760 907
760 1434
760 1504
760 1792
760 1833
761 934
761 943
761 1122
761 1272
762 869
762 942
762 1119
762 1215
762 1409
762 1717
762 1965
763 906
763 1088
763 1099
763 1257
763 1289
763 1526
763 1956
764 866
764 1539
764 1577
764 1732
765 850
765 919
765 988
765 1362
765 1613
765 1712
765 1851
766 920
766 1160
766 1217
766 1252
767 842
767 932
767 1105
767 1171
767 1409
767 1924
768 1506
768 1511
768 1596
769 1661
769 1772
769 1918
770 950
770 1289
770 1541
770 1792
772 943
772 1282
772 1340
772 1399
772 1546
772 1743
772 1768
773 897
773 1087
773 1173
773 1373
773 1398
773 1774
773 1985
774 902
774 987
774 1023
774 1582
774 1628
775 797
775 936
775 967
775 1170
775 1454
775 1696
775 1882
775 1897
776 1005
776 1085
776 1255
776 1380
776 1813
777 893
777 1190
777 1253
777 1539
777 1710
778 1020
778 1341
778 1647
778 1834
778 1886
778 1993
779 1057
779 1196
779 1304
780 1333
780 1368
781 899
781 1590
782 1122
782 1241
783 866
783 926
783 1572
784 828
784 1080
784 1082
784 1437
784 1583
785 1001
785 1063
785 1154
785 1187
785 1538
785 1632
786 1067
786 1100
786 1307
786 1539
786 1580
786 1589
786 1787
786 1987
787 814
787 973
787 1711
787 1793
787 1859
788 808
788 873
788 1186
788 1503
788 1693
788 1762
788 1986
789 1139
789 1302
789 1608
789 1621
789 1819
790 1208
790 1226
790 1990
791 895
791 1500
791 1780
792 1567
792 1652
792 1667
793 909
793 1107
793 1389
793 1763
793 1779
794 814
794 1373
794 1412
794 1418
794 1507
794 1951
795 1061
795 1980
796 884
796 1218
796 1227
796 1331
796 1402
796 1545
796 1616
796 1642
796 1910
797 1461
797 1499
797 1701
797 1976
798 935
798 964
798 1143
798 1445
798 1489
798 1499
798 1717
798 1896
798 1921
798 1980
799 991
799 1205
799 1294
799 1478
799 1594
799 1650
799 1960
800 1601
800 1745
800 1777
801 1272
801 1324
801 1965
802 1062
802 1352
803 956
803 1283
803 1698
803 1715
803 1835
803 1927
804 1123
804 1150
805 935
805 963
805 983
805 1009
805 1528
805 1594
805 1981
806 984
806 1413
806 1557
806 1801
806 1813
807 813
807 885
807 903
807 1414
807 1760
808 1329
808 1473
808 1629
809 1286
809 1510
809 1801
809 1826
810 1052
810 1182
810 1221
810 1531
810 1579
810 1652
811 1033
811 1362
811 1784
812 870
812 1376
812 1496
812 1690
812 1704
812 1898
812 1969
813 846
813 1108
813 1235
813 1287
813 1347
813 1540
813 1719
813 1893
813 1956
814 1027
814 1029
814 1522
815 880
815 1149
815 1426
815 1810
816 1138
816 1316
816 1613
816 1687
816 1908
817 830
817 1000
817 1068
817 1167
817 1211
817 1673
818 1316
818 1420
818 1499
818 1791
819 842
819 888
819 1071
819 1337
819 1520
820 888
820 914
821 1832
822 953
822 970
822 1405
822 1764
823 884
823 1185
823 1309
823 1442
823 1682
823 1733
823 1881
823 1890
823 1968
824 1300
824 1315
824 1840
824 1981
825 1755
825 1904
826 1836
826 1936
827 926
827 978
827 1130
827 1307
827 1445
827 1630
828 1180
828 1223
828 1269
828 1482
828 1700
828 1917
829 1319
829 1450
829 1738
829 1834
830 1040
830 1053
830 1404
830 1679
830 1983
831 1272
831 1577
831 1685
831 1756
831 1787
832 1239
832 1762
833 904
833 996
833 1265
833 1315
833 1333
833 1505
834 1304
834 1423
834 1651
834 1978
835 960
835 1126
835 1243
835 1247
835 1309
835 1351
835 1756
835 1829
835 1906
836 842
836 888
836 1362
836 1419
836 1452
836 1756
836 1769
837 869
837 930
837 953
837 1067
837 1521
837 1863
838 932
838 943
838 1267
838 1359
838 1468
838 1897
839 955
839 1125
839 1233
839 1514
839 1569
839 1731
840 1379
840 1717
841 1124
841 1575
841 1595
841 1644
841 1693
841 1959
842 1106
842 1259
842 1557
842 1822
843 1195
843 1428
843 1689
843 1754
843 1943
844 882
844 1165
844 1223
844 1225
844 1619
844 1672
844 1715
844 1717
845 955
845 1227
845 1250
846 1220
846 1671
846 1851
847 894
847 1317
847 1660
848 1220
848 1418
848 1723
849 1194
849 1442
849 1475
849 1486
849 1501
849 1828
849 1993
850 1014
850 1119
850 1330
850 1558
850 1662
850 1759
850 1979
851 973
851 1108
851 1110
851 1191
851 1563
852 984
852 1299
852 1349
852 1506
852 1593
852 1779
852 1806
853 1250
853 1358
853 1486
853 1661
853 1825
854 949
854 1661
854 1704
855 929
855 1087
855 1106
855 1586
855 1619
856 1046
856 1684
856 1728
856 1847
857 1031
858 1029
858 1331
858 1684
858 1708
858 1913
859 868
859 1991
859 1994
860 925
860 1030
860 1215
860 1962
861 901
861 1588
862 1012
862 1871
863 974
863 1058
863 1187
863 1350
864 1173
864 1514
864 1916
865 1003
865 1231
865 1236
865 1429
865 1518
865 1990
866 1259
866 1304
866 1509
866 1918
866 1964
867 1480
867 1553
867 1726
867 1997
868 1035
868 1624
868 1790
869 1085
869 1152
869 1299
869 1609
869 1873
870 1114
870 1170
870 1382
870 1594
870 1888
871 1064
871 1242
871 1394
871 1507
871 1537
871 1821
871 1827
872 1018
872 1189
872 1317
873 1007
873 1072
873 1424
874 1134
874 1528
874 1620
874 1762
874 1824
875 964
876 1070
876 1944
877 1179
877 1311
877 1951
878 924
878 1192
878 1199
879 942
879 1476
879 1915
879 1993
880 1348
880 1400
880 1685
880 1993
881 1192
881 1643
881 1689
882 1102
882 1124
882 1445
882 1530
882 1598
883 955
883 1338
883 1915
884 1149
884 1831
884 1902
885 1552
885 1870
886 1180
886 1424
886 1738
886 1852
886 1904
887 954
887 1078
887 1393
887 1473
888 995
888 1113
888 1858
888 1884
889 1017
889 1654
890 1074
890 1520
891 911
891 978
891 1236
891 1580
891 1679
892 1044
892 1254
892 1698
892 1814
892 1825
894 1571
894 1805
894 1853
894 1906
895 1205
895 1235
895 1443
895 1759
896 1216
896 1433
896 1741
897 911
897 999
898 984
898 1216
898 1332
898 1672
899 1540
899 1697
901 902
901 1884
901 1959
903 1114
904 1093
904 1545
904 1674
904 1982
905 1090
905 1395
905 1909
905 1988
906 1535
906 1665
907 1648
907 1659
907 1777
907 1924
908 1277
908 1556
909 1211
909 1341
909 1346
909 1775
909 1965
910 952
910 969
910 1380
910 1381
910 1395
910 1486
911 1181
911 1222
911 1300
911 1670
911 1756
912 1075
912 1132
912 1504
912 1944
913 1470
913 1544
913 1720
914 1379
914 1407
914 1458
914 1806
915 1029
915 1061
915 1295
915 1615
915 1806
916 971
916 1151
916 1316
916 1318
916 1413
916 1543
917 1308
917 1425
917 1431
917 1504
917 1522
917 1756
917 1765
918 1349
918 1506
918 1619
918 1654
919 1236
920 1033
920 1191
920 1247
920 1336
920 1571
920 1760
921 1066
921 1698
921 1819
922 1230
922 1837
923 1012
923 1210
923 1436
923 1606
924 970
924 1222
924 1246
924 1435
924 1482
924 1530
924 1653
924 1704
924 1929
925 928
925 933
925 1251
925 1327
925 1450
925 1507
925 1513
926 1013
927 995
927 1188
927 1209
927 1253
927 1505
927 1603
927 1959
928 1138
928 1234
928 1266
928 1318
928 1648
928 1974
929 1223
929 1245
929 1408
929 1544
929 1566
929 1608
929 1778
930 1092
930 1851
931 1055
931 1412
931 1448
932 1352
932 1608
933 1031
933 1500
933 1525
933 1554
934 1420
934 1423
934 1508
934 1530
934 1594
934 1709
934 1762
934 1837
935 967
935 1555
935 1591
935 1617
935 1984
936 1322
937 1049
937 1241
937 1666
937 1801
937 1867
938 1482
938 1731
938 1735
939 1662
940 1573
940 1825
940 1914
941 1163
941 1267
941 1546
941 1661
942 1566
942 1737
942 1842
942 1862
943 1220
944 1281
944 1372
945 1392
945 1867
945 1872
946 1003
946 1227
946 1535
946 1869
946 1944
947 1186
947 1502
947 1716
947 1814
948 1485
948 1517
949 1101
949 1783
950 1166
950 1176
950 1698
950 1866
951 1065
951 1165
951 1368
952 957
952 1548
953 1809
953 1946
953 1955
953 1980
954 1520
954 1668
954 1816
954 1860
955 1336
955 1387
955 1949
956 1288
956 1596
956 1632
956 1652
956 1821
956 1826
957 1108
957 1506
957 1973
958 965
958 1371
958 1626
958 1722
958 1768
958 1790
958 1902
959 1265
959 1361
959 1803
960 1413
960 1448
960 1517
961 1002
961 1064
961 1089
961 1191
961 1382
961 1751
961 1926
962 1148
962 1222
962 1329
962 1631
962 1799
963 1055
963 1233
963 1325
963 1621
964 1033
964 1228
964 1405
964 1441
964 1833
965 1023
965 1024
965 1251
965 1570
965 1666
965 1778
965 1851
966 1169
966 1415
966 1416
966 1803
966 1819
967 1045
967 1173
967 1313
967 1768
968 1081
968 1180
968 1191
968 1805
968 1939
969 1079
969 1284
969 1765
969 1795
970 992
970 1013
970 1564
970 1640
971 1192
971 1235
971 1620
971 1847
971 1851
972 1257
972 1386
972 1638
972 1825
972 1907
972 1959
973 1006
973 1237
973 1433
973 1439
973 1449
973 1746
974 1042
974 1273
974 1678
974 1701
974 1989
975 1081
975 1554
975 1619
975 1801
975 1924
976 1246
977 992
977 1020
977 1172
977 1252
977 1462
977 1982
978 1662
978 1848
978 1888
979 1158
979 1403
979 1802
979 1803
979 1836
980 1010
980 1351
980 1445
980 1447
980 1818
981 1364
982 1179
982 1190
982 1456
982 1603
982 1669
982 1778
982 2000
983 1213
983 1335
983 1381
983 1545
983 1827
983 1906
984 1268
984 1554
984 1947
985 1045
985 1059
985 1094
985 1622
986 1407
987 1138
987 1192
987 1293
987 1498
988 1136
988 1433
988 1995
989 1106
989 1513
989 1557
989 1650
989 1954
990 1044
990 1072
990 1099
990 1644
990 1943
991 1185
991 1437
991 1739
991 1781
991 1851
991 1873
991 1965
992 1431
992 1740
992 1754
992 1827
992 1944
993 1004
993 1012
993 1147
993 1260
994 1940
995 1456
996 1693
996 1768
996 1810
997 1124
997 1258
997 1479
997 1894
998 1366
998 1708
998 1861
999 1178
999 1251
999 1344
999 1817
1000 1441
1000 1630
1000 1702
1000 1826
1000 1906
1001 1236
1001 1509
1001 1534
1001 1738
1001 1826
1001 1853
1001 1987
1002 1800
1002 1989
1003 1646
1003 1829
1004 1051
1004 1145
1004 1207
1004 1244
1004 1330
1004 1677
1004 1931
1005 1156
1005 1539
1006 1137
1006 1195
1006 1205
1006 1296
1006 1596
1006 1635
1006 1652
1006 1738
1007 1272
1007 1604
1007 1648
1007 1690
1007 1821
1008 1266
1008 1291
1008 1306
1008 1339
1008 1686
1008 1708
1008 1827
1008 1897
1008 1928
1009 1097
1009 1427
1009 1462
1009 1906
1010 1323
1010 1613
1010 1623
1011 1164
1011 1211
1011 1367
1011 1398
1011 1403
1011 1504
1011 1858
1011 1945
1012 1166
1012 1524
1013 1039
1013 1068
1013 1217
1013 1660
1013 1902
1014 1120
1014 1501
1014 1518
1014 1525
1014 1611
1014 1889
1015 1443
1015 1812
1015 1819
1015 1929
1016 1852
1016 1861
1016 1887
1016 1996
1017 1022
1017 1570
1017 1888
1018 1063
1018 1852
1018 1942
1019 1086
1019 1094
1019 1191
1020 1203
1020 1221
1021 1719
1021 1901
1022 1062
1022 1077
1022 1146
1022 1351
1022 1486
1022 1670
1022 1771
1022 1893
1023 1097
1023 1108
1023 1144
1023 1508
1023 1572
1024 1715
1024 1736
1024 1779
1025 1369
1025 1555
1025 1659
1025 1661
1026 1170
1026 1187
1026 1521
1026 1801
1026 1815
1027 1300
1027 1340
1027 1637
1027 1700
1028 1160
1028 1530
1028 1602
1029 1132
1029 1592
1029 1668
1029 1772
1029 1922
1029 1980
1030 1429
1030 1570
1030 1844
1030 1929
1031 1204
1031 1896
1032 1373
1032 1827
1032 1982
1033 1060
1033 1535
1033 1909
1033 1978
1034 1044
1034 1213
1034 1232
1034 1513
1034 1734
1034 1857
1034 1966
1035 1186
1035 1212
1035 1522
1036 1446
1036 1737
1037 1137
1037 1212
1037 1410
1037 1584
1038 1156
1038 1409
1038 1540
1038 1913
1039 1295
1039 1577
1039 1676
1040 1557
1040 1696
1041 1670
1041 1724
1041 1744
1042 1068
1042 1713
1043 1099
1043 1328
1043 1551
1043 1604
1043 1788
1043 1794
1043 1890
1043 1991
1044 1199
1044 1337
1045 1403
1046 1267
1046 1307
1046 1472
1046 1503
1046 1546
1046 1795
1046 1987
1047 1445
1048 1120
1048 1341
1048 1461
1048 1570
1049 1143
1049 1380
1050 1347
1050 1935
1051 1586
1051 1977
1052 1508
1053 1056
1053 1739
1053 1813
1053 1879
1054 1108
1054 1592
1054 1688
1054 1741
1055 1276
1055 1295
1055 1380
1055 1417
1055 1574
1055 1675
1055 1873
1055 1993
1056 1153
1056 1475
1056 1725
1057 1060
1057 1160
1057 1764
1058 1481
1058 1501
1058 1927
1059 1063
1059 1138
1059 1239
1059 1389
1059 1730
1060 1259
1060 1603
1060 1679
1060 1910
1061 1158
1061 1269
1061 1344
1061 1679
1061 1841
1061 1857
1061 1903
1062 1096
1062 1810
1063 1111
1063 1539
1063 1951
1064 1305
1064 1355
1064 1516
1064 1695
1064 1925
1065 1210
1065 1345
1065 1357
1065 1423
1065 1651
1066 1272
1066 1286
1066 1937
1066 1996
1067 1301
1067 1396
1067 1478
1067 1716
1067 1827
1067 1845
1067 1867
1068 1183
1068 1192
1068 1358
1068 1548
1068 1612
1069 1496
1069 1890
1070 1540
1071 1114
1071 1557
1071 1660
1071 1940
1072 1105
1072 1158
1072 1819
1072 1883
1072 1936
1073 1097
1074 1210
1074 1681
1074 1714
1075 1246
1076 1166
1076 1266
1076 1396
1076 1454
1076 1509
1076 1580
1076 1605
1076 1846
1077 1186
1077 1691
1077 1703
1077 1769
1079 1181
1079 1366
1079 1370
1079 1905
1080 1218
1080 1608
1081 1152
1081 1164
1081 1273
1081 1492
1082 1329
1082 1695
1083 1128
1083 1288
1083 1325
1083 1513
1083 1623
1083 1660
1083 1963
1084 1236
1085 1227
1085 1388
1085 1694
1085 1808
1086 1600
1086 1829
1087 1354
1087 1888
1088 1118
1088 1267
1088 1274
1088 1356
1088 1441
1088 1564
1088 1651
1089 1253
1089 1297
1089 1337
1089 1433
1089 1462
1089 1632
1089 1657
1090 1692
1090 1814
1090 1842
1090 1926
1091 1154
1091 1282
1091 1689
1092 1360
1092 1647
1093 1810
1095 1576
1096 1109
1096 1322
1096 1638
1096 1663
1096 1804
1096 1923
1096 1948
1097 1161
1098 1118
1099 1151
1099 1240
1099 1375
1099 1769
1099 1789
1100 1131
1100 1289
1101 1843
1102 1208
1102 1600
1103 1690
1103 1929
1103 1969
1104 1515
1104 1836
1105 1171
1105 1175
1105 1315
1105 1368
1105 1584
1105 1767
1106 1146
1106 1217
1106 1425
1106 1620
1106 1928
1106 1938
1107 1211
1107 1220
1107 1440
1107 1566
1108 1603
1108 1703
1108 1745
1108 1948
1108 1967
1109 1363
1109 1521
1110 1267
1110 1490
1110 1789
1110 1889
1111 1771
1111 1889
1112 1919
1113 1334
1113 1592
1113 1841
1114 1497
1115 1794
1116 1303
1116 1561
1116 1739
1117 1165
1117 1391
1117 1759
1117 1976
1118 1599
1118 1862
1118 1880
1119 1523
1119 1613
1119 1680
1120 1214
1120 1741
1120 1771
1121 1178
1121 1385
1121 1435
1121 1586
1121 1692
1121 1730
1121 1887
1121 1966
1122 1174
1122 1708
1123 1967
1124 1184
1124 1566
1124 1795
1124 1868
1124 1917
1124 1938
1124 1943
1125 1226
1125 1512
1126 1871
1127 1328
1127 1405
1127 1786
1128 1159
1128 1223
1128 1510
1128 1619
1128 1713
1128 1882
1129 1264
1129 1308
1129 1313
1129 1811
1130 1224
1130 1436
1130 1768
1131 1425
1131 1478
1132 1210
1132 1343
1132 1740
1132 1746
1133 1908
1134 1391
1134 1489
1134 1842
1135 1151
1135 1317
1136 1238
1136 1243
1136 1325
1136 1571
1136 1736
1137 1649
1138 1248
1138 1575
1138 1850
1138 1934
1138 1985
1139 1167
1139 1263
1139 1794
1139 1825
1140 1420
1140 1670
1140 1671
1142 1237
1142 1556
1142 1813
1142 1889
1143 1163
1143 1782
1144 1409
1144 1439
1144 1621
1144 1633
1144 1646
1144 1803
1145 1195
1145 1221
1145 1913
1145 1933
1145 1955
1146 1296
1146 1715
1147 1150
1147 1774
1147 1882
1148 1719
1149 1256
1149 1584
1150 1244
1150 1463
1150 1727
1150 1777
1150 1932
1151 1876
1152 1373
1152 1595
1152 1661
1152 1671
1153 1366
1153 1499
1153 1628
1154 1190
1154 1350
1154 1455
1154 1460
1154 1523
1154 1842
1155 1348
1155 1428
1155 1463
1155 1793
1155 1823
1156 1179
1156 1245
1156 1642
1156 1698
1156 1827
1156 1979
1157 1592
1157 1688
1157 1723
1158 1249
1158 1523
1159 1348
1159 1436
1159 1595
1159 1715
1160 1344
1160 1499
1160 1971
1161 1975
1162 1208
1162 1487
1162 1843
1163 1917
1163 1933
1164 1287
1164 1485
1164 1625
1164 1643
1164 1689
1165 1219
1165 1582
1165 1864
1165 1996
1166 1246
1166 1553
1166 1814
1166 1989
1167 1206
1167 1910
1167 1958
1168 1232
1168 1567
1168 1575
1168 1614
1168 1860
1169 1254
1169 1309
1169 1794
1170 1460
1170 1704
1170 1706
1170 1955
1171 1514
1171 1691
1171 1849
1172 1490
1172 1501
1172 1928
1173 1336
1173 1405
1173 1912
1174 1341
1174 1677
1174 1689
1174 1727
1174 1800
1174 1918
1175 1305
1175 1385
1175 1409
1175 1735
1176 1294
1176 1474
1176 1604
1176 1637
1177 1553
1177 1882
1177 1982
1178 1413
1178 1454
1178 1568
1179 1214
1179 1419
1179 1454
1179 1502
1179 1548
1179 1831
1180 1672
1180 1717
1180 1820
1181 1484
1181 1734
1181 1748
1181 1932
1182 1627
1182 1786
1182 1913
1183 1530
1183 1534
1183 1697
1183 1971
1184 1193
1184 1310
1184 1874
1184 1898
1185 1666
1185 1709
1185 1834
1185 1877
1186 1284
1186 1573
1186 1681
1186 1966
1188 1321
1188 1499
1188 1618
1188 1922
1189 1435
1189 1527
1189 1600
1189 1900
1189 1965
1190 1758
1191 1202
1191 1716
1191 1804
1191 1939
1192 1293
1192 1667
1193 1230
1193 1308
1193 1340
1193 1474
1193 1797
1193 1925
1194 1378
1194 1556
1194 1592
1194 1740
1195 1740
1196 1330
1196 1525
1196 1801
1196 1827
1197 1236
1197 1576
1197 1714
1199 1620
1199 1698
1199 1701
1199 1959
1200 1634
1200 1835
1201 1247
1201 1830
1201 1865
1201 1936
1201 1949
1202 1866
1203 1213
1203 1397
1203 1784
1203 1833
1203 1853
1203 1854
1204 1586
1204 1702
1204 1772
1204 1830
1205 1232
1205 1768
1206 1811
1207 1630
1207 1647
1207 1832
1207 1961
1207 1977
1207 1978
1207 1993
1209 1583
1209 1595
1209 1726
1209 1907
1210 1247
1210 1263
1210 1618
1210 1658
1211 1293
1211 1802
1211 1939
1212 1231
1212 1583
1212 1752
1212 1996
1213 1273
1213 1606
1213 1651
1213 1970
1214 1307
1215 1269
1215 1322
1215 1393
1215 1602
1215 1960
1215 1961
1216 1279
1216 1291
1216 1307
1216 1754
1216 1872
1217 1362
1217 1577
1218 1419
1218 1551
1218 1845
1220 1456
1220 1513
1220 1802
1220 1841
1221 1504
1222 1283
1222 1526
1222 1768
1224 1393
1224 1682
1224 1728
1224 1735
1225 1272
1225 1664
1226 1455
1226 1625
1227 1497
1228 1531
1229 1269
1229 1503
1229 1552
1229 1592
1229 1974
1230 1290
1230 1336
1230 1465
1231 1287
1231 1362
1231 1962
1231 1975
1232 1956
1233 1515
1233 1644
1233 1706
1234 1253
1234 1721
1235 1581
1235 1658
1236 1435
1236 1534
1237 1274
1237 1574
1237 1757
1237 1849
1239 1358
1239 1495
1239 1650
1239 1751
1240 1310
1240 1574
1241 1515
1242 1430
1242 1639
1243 1696
1243 1875
1244 1630
1244 1707
1244 1931
1245 1427
1246 1736
1247 1284
1247 1405
1247 1485
1247 1663
1247 1869
1248 1420
1248 1779
1248 1848
1248 1986
1249 1840
1250 1327
1250 1961
1251 1538
1251 1670
1251 1832
1251 1966
1252 1327
1252 1879
1253 1374
1253 1477
1253 1808
1253 1984
1254 1370
1254 1412
1254 1426
1254 1525
1254 1554
1254 1647
1255 1808
1255 1828
1255 1912
1256 1396
1256 1575
1256 1732
1256 1792
1257 1623
1257 1856
1258 1484
1258 1730
1258 1771
1258 1881
1259 1373
1259 1387
1259 1414
1259 1417
1259 1421
1259 1546
1259 1912
1260 1656
1260 1988
1261 1272
1261 1381
1261 1536
1261 1642
1261 1720
1261 1862
1262 1510
1263 1718
1263 1762
1263 1799
1263 1861
1264 1632
1264 1668
1264 1847
1265 1564
1265 1583
1265 1605
1266 1366
1266 1752
1266 1783
1266 1920
1266 1954
1267 1490
1267 1662
1267 1713
1267 1817
1268 1670
1268 1823
1268 1847
1268 1852
1268 1933
1268 1981
1269 1368
1269 1975
1270 1686
1270 1728
1270 1733
1270 1881
1272 1465
1272 1613
1272 1770
1272 1905
1273 1452
1273 1863
1273 1903
1273 1941
1274 1429
1274 1461
1274 1915
1275 1850
1275 1924
1276 1295
1276 1462
1276 1519
1276 1545
1276 1646
1276 1685
1277 1453
1277 1689
1277 1716
1277 1881
1277 1931
1278 1370
1278 1518
1278 1578
1278 1584
1278 1846
1280 1327
1280 1441
1281 1290
1281 1310
1281 1604
1281 1838
1281 1850
1281 1854
1282 1764
1282 1800
1283 1336
1283 1558
1283 1849
1284 1375
1284 1984
1285 1474
1285 1849
1285 1991
1286 1476
1286 1651
1286 1730
1286 1906
1287 1470
1287 1841
1287 1977
1288 1772
1288 1801
1289 1370
1289 1670
1289 1747
1289 1757
1289 1776
1289 1834
1290 1386
1290 1730
1291 1521
1291 1588
1292 1395
1292 1567
1294 1945
1295 1578
1295 1586
1296 1709
1297 1433
1297 1615
1297 1705
1297 1832
1298 1646
1298 1675
1298 1778
1298 1818
1298 1976
1299 1433
1299 1550
1300 1405
1300 1886
1300 1934
1300 1969
1301 1363
1301 1548
1301 1711
1301 1741
1302 1565
1302 1952
1304 1466
1304 1792
1305 1572
1305 1836
1306 1317
1306 1335
1306 1553
1306 1685
1306 1878
1308 1531
1308 1806
1309 1510
1310 1456
1310 1875
1311 1386
1312 1654
1312 1771
1312 1916
1313 1456
1313 1501
1313 1879
1314 1778
1314 1877
1315 1380
1315 1493
1315 1760
1316 1532
1316 1564
1316 1680
1316 1985
1317 1409
1317 1576
1317 1896
1318 1335
1318 1882
1319 1421
1319 1540
1319 1756
1319 1844
1320 1703
1321 1378
1321 1442
1321 1568
1322 1331
1323 1576
1324 1466
1325 1742
1325 1783
1326 1480
1326 1624
1326 1625
1327 1372
1327 1419
1327 1833
1328 1351
1329 1339
1329 1377
1330 1411
1331 1565
1334 1542
1334 1960
1334 1978
1335 1342
1335 1619
1335 1705
1335 1830
1335 1876
1335 1888
1337 1368
1337 1461
1338 1457
1338 1533
1338 1722
1338 1941
1339 1439
1339 1697
1340 1420
1340 1493
1340 1712
1340 1924
1340 1938
1341 1373
1342 1591
1342 1729
1344 1581
1344 1957
1344 1959
1345 1745
1345 1867
1346 1453
1346 1920
1347 1489
1347 1783
1348 1581
1348 1820
1348 1823
1348 1930
1349 1363
1349 1718
1350 1742
1350 1755
1351 1911
1351 1996
1352 1945
1352 1953
1353 1354
1353 1455
1353 1631
1354 1598
1354 1777
1355 1933
1356 1365
1356 1730
1357 1498
1357 1883
1357 1964
1358 1454
1358 1573
1359 1417
1359 1427
1359 1628
1360 1415
1360 1885
1360 1908
1360 1993
1361 1376
1361 1577
1361 1900
1362 1380
1362 1945
1363 1638
1364 1673
1364 1677
1365 1388
1365 1499
1366 1677
1367 1624
1367 1661
1367 1966
1368 1497
1368 1626
1369 1423
1369 1772
1369 1890
1370 1390
1370 1524
1371 1586
1371 1925
1372 1922
1373 1726
1373 1731
1373 1811
1373 1887
1374 1605
1374 1613
1374 1683
1374 1949
1375 1769
1376 1984
1376 1989
1377 1682
1377 1872
1378 1423
1378 1471
1378 1503
1378 1528
1378 1785
1378 1919
1379 1409
1379 1503
1379 1736
1379 1826
1379 1886
1380 1383
1380 1583
1381 1836
1382 1529
1382 1606
1382 1751
1382 1938
1383 1852
1384 1386
1384 1822
1385 1769
1385 1989
1386 1594
1387 1468
1387 1508
1387 1993
1390 1883
1391 1489
1391 1767
1391 1936
1392 1511
1392 1620
1392 1656
1392 1933
1394 1407
1394 1500
1394 1604
1394 1633
1395 1476
1395 1814
1396 1739
1396 1759
1396 1891
1396 1940
1397 1513
1397 1531
1397 1534
1397 1881
1397 1965
1398 1640
1398 1740
1398 1759
1398 1943
1399 1858
1400 1545
1402 1966
1404 1447
1404 1670
1404 1673
1404 1737
1404 1885
1405 1670
1405 1830
1405 1967
1406 1692
1406 1704
1406 1722
1406 1828
1406 1840
1406 1970
1407 1945
1408 1618
1408 1815
1408 1896
1409 1423
1409 1707
1410 1467
1410 1580
1410 1689
1410 1787
1411 1412
1412 1471
1412 1679
1413 1546
1413 1572
1413 1604
1413 1813
1413 1883
1413 1910
1414 1611
1415 1625
1415 1952
1416 1557
1417 1530
1418 1439
1418 1442
1418 1507
1418 1974
1419 1536
1419 1902
1420 1728
1420 1865
1421 1449
1421 1546
1422 1501
1422 1808
1423 1535
1423 1734
1423 1872
1424 1953
1425 1731
1425 1973
1426 1820
1427 1613
1427 1871
1428 1635
1428 1641
1428 1955
1429 1501
1429 1707
1430 1446
1430 1507
1430 1735
1430 1758
1431 1574
1431 1932
1431 1950
1432 1502
1432 1519
1432 1663
1432 1945
1433 1702
1433 1716
1433 1935
1434 1474
1434 1917
1435 1527
1435 1691
1435 1709
1435 1806
1435 1856
1435 1927
1435 1956
1436 1807
1436 1908
1437 1976
1438 1705
1439 1557
1439 1829
1440 1475
1440 1720
1441 1519
1441 1570
1441 1597
1441 1978
1442 1992
1443 1712
1443 1885
1443 1932
1444 1628
1444 1644
1444 1694
1445 1456
1445 1461
1446 1556
1446 1801
1446 1805
1446 1879
1447 1468
1447 1806
1447 1998
1448 1642
1448 1659
1448 1960
1449 1795
1451 1533
1452 1521
1453 1569
1454 1720
1455 1640
1455 1694
1456 1741
1457 1742
1457 1979
1457 1981
1458 1804
1458 1939
1459 1591
1459 1672
1460 1496
1462 1481
1462 1614
1462 1760
1462 1797
1462 1887
1462 1895
1462 1908
1463 1921
1466 1915
1466 1969
1467 1732
1468 1819
1468 1994
1469 1669
1470 1624
1471 1533
1471 1663
1472 1627
1473 1702
1474 1624
1474 1651
1474 1914
1474 1986
1475 1482
1476 1722
1477 1547
1477 1764
1478 1538
1478 1549
1478 1923
1479 1617
1479 1810
1479 1901
1481 1711
1481 1918
1482 1579
1482 1601
1482 1792
1482 1888
1485 1682
1485 1685
1486 1787
1487 1499
1487 1648
1487 1728
1488 1565
1489 1616
1489 1955
1490 1550
1490 1672
1490 1812
1491 1497
1491 1571
1491 1616
1491 1622
1491 1817
1493 1577
1493 1601
1493 1702
1493 1831
1493 1890
1494 1498
1494 1571
1494 1611
1494 1751
1496 1611
1496 1758
1496 1807
1496 1813
1496 1969
1497 1689
1499 1503
1499 1635
1499 1917
1500 1540
1501 1519
1501 1531
1501 1662
1502 1830
1502 1891
1503 1794
1503 1862
1505 1546
1505 1738
1505 1797
1505 1903
1506 1783
1506 1925
1507 1618
1508 1730
1509 1757
1509 1835
1510 1511
1510 1775
1510 1812
1511 1771
1512 1575
1512 1626
1512 1975
1513 1541
1513 1589
1513 1599
1514 1703
1514 1789
1515 1525
1516 1920
1517 1717
1517 1897
1517 1956
1518 1696
1518 1795
1518 1840
1519 1766
1520 1665
1520 1724
1523 1578
1524 1541
1524 1712
1526 1729
1527 1715
1528 1773
1528 1923
1529 1569
1530 1700
1530 1775
1530 1808
1531 1596
1531 1707
1532 1853
1532 1879
1532 1895
1532 1914
1533 2000
1534 1753
1534 1756
1534 1768
1535 1625
1536 1971
1536 1980
1538 1699
1538 1910
1539 1560
1539 1572
1539 1888
1540 1759
1540 1976
1541 1948
1542 1655
1543 1667
1543 1961
1543 1969
1544 1777
1545 1648
1545 1862
1547 1575
1548 1589
1548 1781
1548 1880
1550 1560
1551 1792
1552 1605
1552 1957
1553 1715
1553 1997
1554 1659
1554 1685
1554 1755
1554 1905
1555 1599
1555 1975
1556 1593
1556 1678
1556 1887
1556 1929
1556 1956
1557 1711
1558 1648
1558 1756
1558 1948
1559 1699
1559 1955
1560 1946
1561 1780
1561 1862
1561 1955
1562 1691
1562 1855
1564 1749
1564 1826
1564 1849
1564 1913
1565 1754
1565 1882
1566 1626
1566 1825
1566 1895
1566 1938
1567 1625
1568 1657
1568 1712
1568 1828
1569 1606
1569 1867
1570 1636
1570 1672
1570 1744
1571 1629
1571 1797
1571 1803
1572 1843
1573 1818
1573 1976
1573 1983
1574 1935
1575 1608
1576 1591
1576 1614
1577 1719
1577 1931
1578 1665
1578 1751
1578 1816
1579 1730
1581 1752
1581 1888
1581 1990
1582 1724
1583 1887
1584 1890
1585 1626
1585 1675
1585 1870
1585 1895
1587 1888
1587 1968
1587 1995
1589 1612
1589 1966
1590 1679
1590 1788
1590 1957
1591 1618
1591 1765
1591 1926
1592 1716
1592 1748
1593 1797
1593 1853
1594 1887
1595 1624
1595 1900
1597 1686
1597 1808
1598 1956
1598 1989
1599 1626
1599 1645
1599 1702
1600 1638
1601 1622
1601 1860
1601 1959
1602 1847
1602 1906
1602 1973
1602 1980
1603 1688
1603 1701
1603 1776
1604 1756
1605 1934
1607 1634
1607 1656
1607 1713
1607 1760
1608 1810
1609 1825
1609 1886
1609 1976
1610 1700
1610 1757
1610 1804
1611 1836
1612 1707
1612 1723
1613 1681
1614 1923
1614 1955
1617 1806
1618 1821
1618 1898
1618 1961
1620 1636
1620 1756
1620 1896
1620 1949
1621 1843
1621 1895
1622 1982
1624 1636
1624 1915
1625 1878
1625 1907
1626 1908
1627 1745
1628 1742
1628 1831
1628 1956
1629 1837
1629 1956
1630 1750
1630 1946
1631 1768
1631 1983
1632 1708
1633 1967
1634 1672
1634 1783
1634 1884
1635 1812
1635 1893
1636 1647
1636 1962
1637 1641
1637 1939
1639 1865
1639 1989
1640 1649
1640 1888
1640 1971
1640 1999
1641 1692
1641 1869
1642 1968
1643 1734
1643 1756
1643 1774
1643 1906
1644 1773
1644 1876
1644 1936
1645 1879
1645 1882
1647 1831
1648 1724
1649 1725
1649 1809
1649 1919
1650 1795
1650 1889
1651 1746
1652 1747
1652 1919
1653 1667
1653 1785
1657 1958
1658 1700
1659 1742
1659 1787
1659 1951
1660 1661
1661 1704
1662 1932
1663 1727
1664 1930
1664 1944
1664 1949
1665 1701
1667 1916
1670 1909
1673 1949
1674 1767
1675 1911
1675 1991
1678 1782
1678 1891
1679 1995
1680 1772
1680 1892
1680 1980
1681 1824
1682 1749
1683 1784
1683 1845
1685 1694
1686 1838
1686 1945
1686 1965
1687 1838
1688 1778
1689 1785
1689 1941
1689 1981
1690 1899
1691 1724
1691 1768
1691 1907
1693 1694
1693 1919
1694 1945
1694 1990
1695 1890
1697 1746
1698 1760
1698 1896
1699 1877
1699 1888
1700 1790
1701 1786
1701 1830
1702 1736
1702 1819
1705 1919
1706 1773
1706 1814
1707 1889
1709 1737
1709 1916
1709 1932
1710 1962
1710 1966
1711 1842
1712 1840
1713 1810
1713 1877
1714 1996
1715 1742
1716 1924
1717 1804
1718 1928
1719 1759
1720 1922
1721 1833
1721 1875
1723 1751
1723 1923
1725 1788
1729 1991
1730 1754
1731 1742
1731 1868
1732 1771
1732 1980
1734 1857
1736 1857
1737 1792
1738 1889
1739 1844
1740 1775
1742 1835
1743 1795
1743 1858
1744 1912
1747 1801
1750 1989
1753 1822
1753 1979
1754 1816
1754 1967
1757 1875
1757 1971
1760 1809
1761 1878
1763 1966
1765 1875
1765 1897
1765 1933
1766 1850
1766 1880
1767 1907
1768 1776
1768 1857
1769 1845
1769 1937
1772 1821
1774 1850
1775 1779
1775 1930
1776 1786
1777 1778
1777 1786
1777 1960
1777 1961
1779 1952
1780 1990
1781 1913
1782 1819
1783 1799
1783 1903
1784 1993
1785 1987
1788 1824
1788 1899
1789 1945
1793 1820
1794 1822
1794 1914
1796 1850
1796 1965
1796 1971
1797 1837
1797 1851
1798 1889
1798 1978
1799 1867
1802 1848
1803 1868
1803 1938
1805 1852
1806 1995
1808 1929
1809 1874
1809 1895
1814 1833
1814 1846
1815 1836
1815 1971
1816 1883
1819 1827
1820 1947
1827 1991
1828 1836
1829 1849
1829 1993
1831 1916
1834 1932
1836 1870
1838 1856
1838 1997
1839 1846
1843 1906
1844 1879
1844 1925
1848 1895
1848 1911
1848 1954
1853 1975
1855 1859
1855 1944
1858 1861
1858 1960
1858 1961
1861 1950
1861 1998
1862 1863
1864 1914
1866 1893
1866 1982
1867 1904
1869 1942
1873 1926
1876 1882
1877 1955
1879 1953
1879 1991
1882 1935
1884 1895
1886 1922
1888 1974
1889 1987
1891 1950
1891 1966
1892 1915
1897 1913
1897 1938
1902 1945
1903 1995
1910 1963
1914 1993
1915 1968
1916 1950
1919 1978
1923 1989
1924 1982
1925 1989
1937 1968
1937 1973
1939 1944
1948 1997
1952 1973
1953 2000
1957 1970
1994 1998
