2000
1 417
1 573
1 827
1 1089
1 1221
1 1262
1 1421
1 1448
1 1490
1 1589
1 1848
2 85
2 592
2 772
2 969
2 1203
2 1259
2 1323
2 1511
2 1584
3 786
3 1201
3 1451
3 1695
3 1824
3 1961
4 118
4 211
4 254
4 320
4 622
4 778
4 873
4 909
4 1220
4 1869
4 1958
5 169
5 260
5 372
6 440
6 788
6 1039
6 1644
6 1841
7 623
7 1289
7 1292
7 1757
8 116
8 159
8 413
8 846
8 863
8 1380
8 1607
8 1765
9 408
9 616
9 630
9 1038
9 1051
9 1181
9 1547
9 1621
9 1640
10 482
10 497
10 839
10 1055
10 1517
10 1702
10 1794
11 303
11 784
11 819
12 63
12 629
12 751
12 801
12 1428
12 1777
13 132
13 445
13 684
13 956
14 444
14 759
14 801
14 810
14 1476
14 1553
14 1691
15 40
15 158
15 814
15 866
15 1008
15 1219
15 1371
15 1384
15 1410
15 1478
16 41
16 359
16 381
16 974
16 1041
16 1484
16 1576
16 1652
17 111
17 181
17 363
17 473
17 605
17 916
17 995
17 1030
17 1281
17 1415
17 1719
18 287
18 338
18 637
18 647
18 763
18 789
18 792
18 1772
18 1930
19 33
19 139
19 223
19 246
19 249
19 303
19 557
19 640
19 1651
19 1842
20 403
20 1662
21 154
21 283
21 788
21 971
21 1119
21 1256
21 1270
21 1892
22 175
22 524
22 539
22 580
22 918
22 992
22 1289
22 1317
22 1686
22 1836
23 727
23 980
23 1208
23 1396
23 1936
24 57
24 138
24 358
24 371
24 683
24 1003
24 1011
24 1422
24 1451
24 1538
24 1615
24 1908
25 141
25 283
25 315
25 398
25 681
25 797
25 1325
25 1330
25 1368
25 1528
25 1768
25 1982
26 189
26 226
26 231
26 383
26 743
26 1146
26 1816
26 1915
27 119
27 200
27 514
27 716
27 1287
27 1380
27 1452
27 1650
27 1708
27 1907
28 153
28 171
28 253
28 376
28 395
28 571
28 689
28 1044
28 1082
28 1337
28 1597
28 1761
28 1804
28 1952
29 101
29 207
29 791
29 1388
29 1487
29 1778
29 1926
30 827
30 1079
30 1092
30 1199
30 1259
30 1444
31 250
31 261
31 332
31 579
31 716
31 800
31 929
31 940
31 1001
31 1229
31 1640
31 1652
32 191
32 254
32 383
32 540
32 593
32 1055
32 1065
32 1156
32 1251
32 1820
33 162
33 615
33 868
33 1280
33 1601
33 1620
34 403
34 1305
34 1790
34 1795
35 178
35 221
35 792
35 859
35 960
35 1295
35 1419
35 1816
35 1881
36 226
36 951
36 983
36 1361
36 1485
36 1591
36 1843
37 69
37 73
37 496
37 652
37 993
37 1236
37 1705
38 69
38 1353
38 1513
38 1999
39 50
39 209
39 394
39 725
39 1042
39 1387
40 211
40 215
40 482
40 525
40 610
40 898
40 1108
40 1228
40 1490
40 1894
41 172
41 389
41 606
41 794
41 809
41 1031
41 1108
41 1250
41 1458
41 1689
41 1714
41 1770
42 277
42 307
42 310
42 406
42 868
42 907
42 1170
42 1485
42 1770
43 123
43 322
43 339
43 349
43 394
43 1294
43 1486
43 1755
43 1908
44 305
44 760
45 254
45 280
45 381
45 540
45 1245
45 1249
45 1301
45 1341
45 1964
46 431
46 449
46 476
46 525
46 808
46 1431
46 1619
46 1726
47 752
47 934
47 1103
47 1567
47 1571
47 1658
47 1876
47 1898
48 176
48 477
48 509
48 741
48 882
48 1294
48 1587
48 1600
48 1773
48 1924
49 212
49 337
49 722
49 890
49 1281
49 1295
49 1492
49 1689
49 1762
50 190
50 192
50 197
50 448
50 641
50 803
50 845
50 853
50 1082
50 1512
50 1533
50 1556
50 1734
50 1947
51 329
51 349
51 699
51 833
51 1060
51 1148
52 849
52 947
52 960
52 1065
52 1086
52 1540
52 1586
53 188
53 270
53 294
53 1583
53 1596
53 1752
53 1834
54 165
54 331
54 588
54 855
54 1165
54 1199
54 1456
54 1888
55 87
55 98
55 259
55 298
55 1016
55 1078
55 1516
55 1967
56 285
56 669
56 788
56 888
56 1249
56 1908
57 545
57 765
57 986
57 1093
57 1186
57 1494
57 1661
57 1718
57 1740
58 204
58 474
58 1796
58 1945
59 394
59 584
59 841
59 924
59 1315
59 1829
60 247
60 251
60 339
60 677
60 745
60 901
60 949
60 1347
60 1385
60 1607
61 223
61 407
61 512
61 1165
61 1398
61 1511
61 1696
61 1869
62 483
62 506
62 513
62 945
62 1151
62 1172
62 1872
63 392
63 403
63 1058
63 1268
63 1640
63 1914
64 125
64 421
64 1008
64 1134
64 1144
64 1294
64 1399
64 1742
64 1746
64 1763
64 1795
65 252
65 296
65 810
65 874
65 973
65 1069
65 1376
65 1426
65 1487
65 1547
65 1655
66 357
66 545
66 911
66 1016
66 1328
66 1346
66 1360
66 1466
66 1858
66 1960
67 532
67 574
67 579
67 829
67 1041
67 1349
67 1379
67 1635
67 1842
68 217
68 301
68 716
68 1168
68 1446
69 154
69 1073
69 1281
69 1459
69 1504
69 1873
69 1916
70 198
70 444
70 485
70 503
70 586
70 1011
70 1051
70 1053
70 1402
70 1877
70 1920
70 1992
71 211
71 275
71 530
71 1013
71 1069
71 1247
71 1360
71 1414
71 1599
71 1794
71 1949
72 495
72 577
72 610
72 995
72 1032
72 1186
72 1235
72 1396
72 1476
72 1479
73 162
73 261
73 453
73 756
73 854
73 1152
73 1393
73 1877
74 161
74 317
74 461
74 925
74 959
74 1033
74 1145
74 1296
74 1729
74 1798
75 144
75 388
75 422
75 659
75 660
75 1620
75 1728
75 1807
75 1873
76 217
76 365
76 467
76 676
76 735
76 796
76 860
76 880
76 894
76 982
76 1317
76 1378
76 1413
76 1590
76 1664
76 1719
77 415
77 519
77 610
77 615
77 810
77 1881
77 1900
77 1907
78 102
78 156
78 238
78 388
78 906
78 926
78 1206
78 1271
78 1336
78 1845
78 1928
79 828
79 965
79 1187
79 1215
79 1244
79 1597
79 1711
79 1936
80 216
80 396
80 732
80 827
80 863
80 1708
80 1989
81 519
81 1052
81 1181
81 1241
81 1335
81 1415
81 1491
81 1976
82 314
82 907
82 1485
82 1577
82 1759
83 202
83 827
83 1203
83 1420
83 1459
83 1813
83 1841
83 1867
83 1960
84 246
84 582
84 948
84 1104
84 1234
84 1529
84 1541
85 188
85 815
85 865
85 1025
85 1116
85 1299
85 1700
85 1753
86 140
86 411
86 557
86 611
86 738
86 1052
86 1071
86 1315
86 1536
87 760
87 921
87 1039
87 1441
87 1763
88 290
88 499
88 850
88 916
88 1033
88 1246
88 1602
88 1605
88 1659
88 1960
88 1969
89 871
89 1232
89 1636
90 225
90 385
90 403
90 536
90 616
90 689
90 1021
90 1050
90 1304
90 1548
90 1777
90 1834
91 1063
91 1101
91 1141
91 1185
91 1590
91 1618
91 1944
91 1969
92 489
92 504
92 725
92 777
92 891
92 1000
92 1101
92 1334
93 113
93 317
93 632
93 924
93 1425
93 1926
94 307
94 938
94 1393
94 1847
95 364
95 493
95 770
95 1059
95 1400
95 1868
96 837
96 968
96 1113
96 1238
96 1502
96 1830
96 1852
97 107
97 236
97 360
97 858
97 1220
97 1590
97 1629
97 1988
98 414
98 596
98 643
98 695
98 756
98 967
98 1254
98 1540
98 1808
98 1836
99 412
99 601
99 605
99 749
99 961
99 1020
99 1047
99 1476
99 1848
99 1968
100 251
100 434
100 555
100 893
100 1289
100 1418
100 1524
100 1727
100 1757
100 1775
100 1864
101 244
101 350
101 443
101 814
101 917
101 1051
101 1267
101 1380
101 1783
101 1839
102 333
102 1111
102 1775
103 631
103 638
103 951
103 1051
103 1164
103 1166
103 1363
103 1418
103 1646
103 1861
103 1921
104 398
104 608
104 683
104 705
104 1654
104 1832
105 413
105 643
105 649
105 1493
105 1847
105 1927
105 1971
106 244
106 703
106 704
106 1339
106 1457
107 184
107 722
107 786
107 800
107 1149
107 1284
107 1314
107 1371
107 1675
107 1680
108 347
108 753
108 1011
108 1156
109 127
109 336
109 527
109 616
109 1388
109 1810
110 452
110 597
110 883
110 1049
111 412
111 438
111 511
111 814
111 901
111 1539
111 1687
112 152
112 760
112 890
112 979
112 1379
112 1538
112 1576
112 1846
113 1141
113 1393
113 1456
113 1479
113 1655
113 1797
113 1847
114 152
114 283
114 329
114 651
114 709
114 879
114 1257
114 1540
114 1736
114 1747
114 1866
115 182
115 336
115 654
115 1158
115 1305
115 1326
115 1961
116 127
116 369
116 631
116 796
116 1129
116 1519
116 1593
116 1594
116 1841
116 1908
116 1985
117 538
117 556
117 968
117 1026
117 1053
117 1316
117 1418
117 1612
117 1966
118 170
118 370
118 424
118 633
118 640
118 667
118 1356
118 1437
118 1575
119 151
119 670
119 1547
119 1690
120 352
120 720
120 1300
120 1426
120 1883
121 392
121 583
121 1157
121 1410
121 1636
121 1968
122 161
122 616
122 782
122 1109
122 1129
122 1473
122 1715
122 1866
122 1932
122 1949
123 510
123 600
123 892
123 895
123 898
123 1515
123 1535
123 1919
124 1133
124 1901
125 327
125 691
125 738
125 840
125 1162
125 1596
125 1657
125 1659
125 1803
125 1912
126 185
126 250
126 458
126 496
126 1069
126 1529
127 189
127 520
127 934
127 994
127 1074
127 1306
127 1491
127 1804
128 400
128 501
128 590
128 862
128 975
128 980
128 1021
128 1338
128 1547
128 1958
128 1968
128 1992
129 140
129 493
129 625
129 654
129 920
129 1150
129 1359
129 1455
129 1648
129 1834
130 172
130 210
130 320
130 357
130 890
130 1555
130 1630
130 1774
131 218
131 448
131 824
131 1125
131 1182
131 1268
131 1401
131 1423
131 1490
132 322
132 350
132 762
132 1009
132 1412
132 1537
132 1887
132 1896
133 272
133 1130
133 1205
133 1635
133 1646
133 1728
133 1884
134 202
134 540
134 767
134 896
134 1462
134 1535
134 1744
134 1805
135 338
135 617
135 1449
135 1818
136 284
136 1013
136 1018
136 1440
136 1447
136 1806
137 416
137 497
137 654
137 1126
137 1131
137 1406
137 1537
137 1898
137 1991
138 144
138 513
138 619
138 641
138 741
138 871
138 1016
138 1244
138 1298
138 1545
138 1566
138 1947
139 237
139 429
139 1877
140 378
140 1160
140 1234
140 1618
140 1933
140 1990
141 543
141 657
141 1092
141 1818
142 331
142 380
142 576
142 1605
143 362
143 376
143 703
143 1059
143 1421
143 1448
143 1521
144 214
144 318
144 367
144 403
144 675
144 861
144 878
144 1044
144 1418
144 1681
145 320
145 1146
145 1393
146 158
146 212
146 335
146 518
146 542
146 756
146 828
146 989
146 1220
146 1652
147 297
147 347
147 673
147 935
147 989
147 1227
147 1725
148 559
148 1005
148 1042
148 1136
148 1228
148 1347
149 394
149 502
149 808
149 1932
150 341
150 472
150 1405
151 268
151 489
151 575
151 682
151 731
151 750
151 870
151 1038
151 1276
151 1602
151 1732
151 1968
152 154
152 298
152 765
152 1089
152 1138
152 1325
152 1659
153 605
153 682
153 898
153 1001
153 1131
153 1188
153 1273
153 1422
153 1452
153 1456
153 1594
153 1701
154 292
154 347
154 353
154 369
154 459
154 476
154 517
154 747
154 1182
154 1745
154 1931
155 303
155 372
155 774
155 973
155 1486
155 1556
156 192
156 346
156 1886
157 648
157 1190
157 1417
157 1723
158 180
158 279
158 348
158 431
158 795
158 861
158 872
158 1011
158 1017
158 1516
158 1643
158 1739
158 1809
159 310
159 323
159 649
159 841
159 996
159 1111
159 1844
159 1878
159 1969
160 426
160 655
160 1449
160 1592
160 1760
161 225
161 386
161 533
161 625
161 976
161 1254
161 1298
161 1408
161 1805
162 182
162 184
162 762
162 1004
162 1284
162 1388
162 1600
163 227
163 596
163 793
163 1456
163 1893
163 1911
164 165
164 373
164 621
164 785
164 789
164 796
164 1004
164 1275
164 1495
164 1883
164 1956
165 347
165 578
165 671
165 759
165 862
165 1188
165 1659
165 1861
165 1956
166 304
166 779
166 831
166 938
166 1551
166 1918
166 1925
167 302
167 902
167 1200
167 1775
168 267
168 1225
168 1857
169 284
169 381
169 736
169 798
169 923
169 1562
169 1685
169 1701
169 1736
170 267
170 751
170 785
170 820
170 1896
171 355
171 879
171 1210
171 1384
171 1388
171 1663
171 1715
171 1878
171 1992
171 1993
172 438
172 712
172 788
172 949
172 952
172 960
172 1151
172 1356
172 1444
172 1537
172 1587
172 1778
172 1863
173 345
173 736
173 803
173 980
173 1083
173 1088
173 1113
173 1288
173 1359
173 1539
174 198
174 223
174 293
174 521
174 587
174 620
174 659
174 1008
174 1362
174 1853
175 187
175 1155
175 1239
175 1315
175 1545
175 1640
175 1650
176 718
176 954
176 1422
176 1528
176 1695
177 194
177 449
177 655
177 749
177 928
177 1124
177 1379
177 1534
177 1826
177 1986
178 205
178 316
178 908
178 1099
178 1106
178 1350
179 524
179 798
179 1306
179 1746
180 940
180 1146
180 1438
180 1670
180 1766
180 1934
180 1978
181 340
181 358
181 526
181 636
181 1035
181 1442
182 239
182 1338
182 1494
182 1499
182 1601
183 213
183 646
183 998
183 1129
183 1425
183 1846
184 429
184 668
184 761
184 1196
184 1616
185 215
185 371
185 521
185 534
185 1354
185 1499
185 1672
185 1800
185 1811
185 1844
185 1908
186 966
186 1090
186 1123
186 1168
186 1497
186 1512
186 1570
186 1716
186 1760
187 1174
187 1327
187 1477
187 1491
188 212
188 286
188 365
188 808
188 1161
188 1297
189 579
189 685
189 839
189 902
189 915
189 971
189 1307
189 1358
189 1431
189 1903
190 713
190 1797
190 1937
191 314
191 481
191 871
191 979
191 1251
191 1528
191 1567
192 362
192 382
192 580
192 704
192 1043
192 1433
192 1633
192 1731
193 226
193 696
193 977
193 1019
193 1274
193 1492
193 1514
194 333
194 485
194 705
194 1126
194 1408
194 1536
194 1561
194 1621
194 1693
194 1883
195 426
195 457
195 680
195 723
195 875
195 1483
195 1779
195 1920
195 1927
196 359
196 496
196 835
196 1064
196 1284
196 1922
197 405
197 532
197 662
197 701
197 898
197 1119
197 1513
197 1523
197 1948
198 251
198 272
198 391
198 564
198 686
198 942
198 1036
198 1061
198 1143
198 1182
198 1225
198 1445
199 394
199 841
199 1052
199 1455
199 1723
199 1744
199 1909
200 232
200 252
200 492
200 536
200 915
200 1071
200 1240
200 1281
200 1712
200 1743
200 1780
201 365
201 1144
201 1172
201 1605
201 1646
201 1951
202 207
202 419
202 557
202 882
202 986
202 1136
202 1410
202 1579
202 1641
203 310
203 489
203 719
203 1081
203 1205
203 1949
204 501
204 544
204 773
204 853
204 1331
204 1478
204 1596
204 1890
204 1935
205 218
205 360
205 1116
205 1158
205 1188
205 1310
205 1956
206 540
206 584
206 709
206 1009
206 1333
206 1490
206 1511
206 1817
206 1950
207 504
207 734
207 1072
207 1503
207 1522
207 1830
208 891
208 1062
208 1124
208 1304
208 1391
208 1442
208 1694
209 385
209 574
209 807
209 1175
209 1603
209 1840
210 1023
210 1305
211 725
211 887
211 959
211 1443
212 489
212 513
212 578
212 591
212 872
212 1126
212 1258
212 1399
213 730
213 1045
213 1430
213 1868
214 227
214 296
214 606
214 608
214 612
214 1075
214 1429
214 1520
214 1673
214 1931
214 1970
215 893
215 987
215 1684
215 1921
215 1964
216 249
216 868
216 898
216 927
216 958
216 1019
216 1125
216 1164
216 1326
216 1457
216 1487
216 1597
217 227
217 399
218 246
218 770
218 1204
218 1295
218 1752
219 669
219 1520
219 1577
219 1625
219 1852
219 1996
220 234
220 396
220 579
220 895
220 1264
220 1453
220 1490
220 1614
220 1745
220 1862
220 1866
220 1912
221 317
221 427
221 452
221 927
221 1077
221 1286
221 1374
221 1499
221 1533
221 1802
222 367
222 513
222 858
222 1468
222 1498
223 266
223 476
223 702
223 1004
223 1292
223 1585
224 1158
224 1216
224 1400
224 1635
224 1705
225 737
225 1176
225 1334
225 1561
226 238
226 1352
227 842
227 1024
227 1204
227 1335
227 1450
227 1495
227 1747
227 1874
228 331
228 428
228 554
228 565
228 622
228 707
228 917
228 1091
228 1133
228 1176
228 1611
229 881
229 1098
229 1241
229 1546
229 1559
229 1586
229 1997
230 252
230 535
230 737
230 848
230 980
230 1267
230 1356
230 1357
230 1790
230 1986
231 490
231 1465
231 1805
231 1894
232 328
232 668
232 713
232 776
232 801
232 1113
232 1358
232 1485
232 1556
233 387
233 585
233 1089
234 421
234 733
234 923
234 1117
234 1160
234 1225
234 1282
234 1413
234 1520
234 1845
235 599
235 754
235 971
235 1297
235 1568
235 1935
236 272
236 399
236 433
236 502
236 1189
236 1331
236 1365
236 1389
236 1392
236 1568
236 1664
236 1680
236 1960
237 323
237 363
237 386
237 572
237 855
237 1014
237 1062
237 1465
237 1561
237 1580
237 1701
237 1717
238 365
238 438
238 791
238 821
238 1046
238 1058
238 1277
238 1605
238 1967
239 954
239 1841
240 253
240 407
240 689
240 1105
240 1305
241 526
241 597
241 933
241 994
241 1246
241 1362
241 1762
242 365
242 791
242 1360
242 1485
242 1608
242 1877
242 1881
242 1975
243 535
243 575
243 986
243 1341
243 1924
244 636
244 801
244 882
244 938
244 1015
244 1017
244 1087
244 1255
244 1397
244 1716
244 1782
245 292
245 296
245 624
245 648
245 845
245 1090
245 1280
245 1350
245 1477
245 1577
245 1698
245 1886
245 1948
245 1959
246 612
246 1307
246 1742
247 486
247 790
247 1080
247 1219
247 1292
247 1743
248 958
248 1331
248 1727
248 1906
249 357
249 545
249 720
249 1189
249 1289
249 1352
249 1658
249 1674
250 370
250 639
250 1078
250 1518
250 1555
250 1558
250 1803
250 1935
251 1233
251 1739
251 1788
252 390
252 420
252 561
252 996
252 999
252 1366
252 1401
252 1644
253 1531
253 1533
253 1989
253 1995
254 347
254 616
254 682
254 1493
254 1717
254 1833
255 442
255 470
255 574
255 603
255 782
255 962
255 1487
255 1790
255 1945
256 614
256 668
256 694
256 1405
256 1579
257 380
257 694
257 738
257 802
257 1265
257 1429
257 1605
257 1747
257 1907
257 1915
257 1961
257 1964
258 439
258 950
258 1027
258 1092
258 1785
258 1880
259 796
259 893
259 998
259 1089
259 1368
259 1710
259 1996
260 293
260 400
260 838
260 1073
260 1264
260 1297
260 1303
260 1470
260 1548
261 509
261 710
261 770
261 1131
261 1144
261 1150
261 1304
261 1617
262 475
262 539
262 755
262 766
262 1079
262 1215
262 1254
262 1334
262 1523
262 1778
263 595
263 671
263 1485
263 1773
264 1022
264 1195
264 1225
264 1541
264 1749
265 499
265 649
265 667
265 732
265 930
265 1180
265 1283
265 1642
266 499
266 606
266 1142
266 1168
266 1248
266 1951
267 387
267 493
267 564
267 1094
267 1310
267 1672
268 1014
268 1160
268 1364
268 1799
268 1847
269 417
269 585
269 1172
269 1445
269 1682
269 1695
269 1718
270 324
270 362
270 411
270 689
270 976
270 1543
270 1602
270 1622
270 1625
270 1686
270 1782
270 1872
270 1926
270 1981
271 276
271 291
271 735
271 921
271 952
271 1155
271 1511
271 1796
271 1837
271 1891
272 499
272 722
272 786
272 789
272 972
272 1016
272 1851
272 1995
273 340
273 1287
273 1463
273 1598
273 1897
273 1931
273 1950
274 343
274 458
274 464
274 875
274 1532
275 640
275 771
275 862
275 904
276 975
276 1167
276 1171
276 1538
276 1700
276 1930
277 381
277 458
277 539
277 540
277 815
277 1062
277 1152
277 1316
277 1570
277 1593
277 1660
277 1985
278 448
278 471
278 504
278 933
278 1731
279 502
279 849
279 877
279 927
279 1070
279 1138
280 885
280 1297
280 1388
280 1434
281 1149
281 1216
281 1248
281 1916
282 544
282 632
282 921
282 1021
282 1028
282 1091
282 1429
282 1522
283 362
283 394
283 559
283 588
283 736
283 789
283 912
283 1059
283 1064
283 1105
283 1293
283 1570
283 1760
283 1781
284 620
284 650
284 935
284 1591
284 1654
284 1954
285 399
285 450
285 492
285 545
285 646
285 793
285 856
285 925
285 1005
285 1499
285 1888
286 383
286 388
286 389
286 1091
286 1128
286 1394
286 1553
286 1654
286 1980
287 571
287 587
287 1252
287 1447
287 1457
288 607
288 644
288 820
288 1721
289 327
289 564
289 822
289 1106
289 1258
289 1352
289 1387
289 1844
290 350
290 365
290 567
290 1048
290 1242
290 1443
290 1732
290 1747
291 389
291 856
291 1170
291 1213
291 1279
291 1398
291 1629
291 1728
292 357
292 465
292 1032
293 642
293 726
293 1581
293 1826
294 501
294 637
294 875
294 930
294 1271
294 1437
295 340
295 350
295 367
295 1090
295 1289
295 1807
296 467
296 1156
296 1447
296 1475
296 1496
296 1669
296 1965
297 435
297 1199
297 1281
297 1534
298 305
298 460
298 596
298 903
298 1317
298 1351
299 336
299 352
299 792
299 1217
299 1324
299 1327
299 1329
299 1444
299 1702
299 1991
300 510
300 880
300 1207
300 1299
300 1414
300 1558
300 1564
300 1790
301 1151
301 1245
301 1427
301 1709
301 1829
302 604
302 962
302 1569
303 434
303 498
303 596
303 704
303 734
303 760
303 800
303 846
303 1267
303 1581
303 1737
304 1175
304 1206
304 1217
304 1621
305 601
305 1013
305 1090
305 1140
305 1164
305 1400
305 1653
305 1696
306 607
306 722
306 1377
307 308
307 726
307 938
307 1149
307 1527
307 1766
307 1810
307 1902
308 395
308 1158
308 1412
308 1497
308 1512
309 628
309 731
309 900
309 1049
309 1189
309 1254
309 1326
309 1826
309 1847
309 1855
309 1864
309 1884
310 974
310 1290
310 1398
310 1595
311 551
311 583
311 649
311 718
311 776
311 923
311 1093
311 1215
311 1351
311 1852
312 625
312 691
312 705
312 887
312 1040
312 1568
312 1627
312 1813
312 1837
312 1882
313 634
313 685
313 986
313 1154
314 493
314 588
314 1344
314 1384
314 1453
314 1780
314 1925
314 1930
314 1952
315 331
315 414
315 928
315 1321
316 355
316 1110
316 1186
316 1399
316 1664
316 1794
317 636
317 647
317 758
317 761
317 1037
317 1115
317 1255
317 1424
318 372
318 1174
318 1345
318 1387
319 466
319 472
319 920
319 1410
319 1623
319 1809
319 1975
320 423
320 472
320 521
320 901
320 1125
320 1425
320 1436
320 1710
321 589
321 621
321 1149
321 1202
321 1678
322 525
322 1060
322 1115
322 1199
322 1235
322 1290
323 723
323 777
323 902
323 1920
324 499
324 786
324 832
324 863
324 1049
324 1528
324 1744
325 365
325 427
325 1199
325 1319
325 1862
326 462
326 734
326 1005
326 1129
326 1179
326 1204
326 1305
326 1432
326 1597
327 365
327 477
327 499
327 536
327 627
327 909
327 1607
327 1759
328 366
328 373
328 1181
328 1472
328 1628
328 1810
329 609
329 661
329 716
329 763
329 792
329 802
329 863
329 944
329 1185
329 1465
329 1547
329 1717
329 1905
329 1917
330 416
330 476
330 790
330 918
330 975
330 1172
330 1685
330 1747
330 1840
331 350
331 793
331 1449
331 1547
331 1630
331 1716
331 1963
332 425
332 484
332 570
332 797
332 969
332 1156
332 1241
332 1497
332 1808
332 1868
332 1903
332 1909
333 633
333 805
333 828
333 1469
333 1512
333 1943
334 663
334 777
334 1020
334 1373
334 1586
334 1680
334 1716
334 1992
335 342
335 349
335 834
335 951
335 1262
335 1608
335 1631
335 1878
335 1974
336 444
336 514
336 544
336 581
336 1241
336 1529
336 1695
336 1933
337 677
337 997
337 1044
337 1097
337 1231
337 1585
337 1882
337 1884
338 669
338 993
338 1093
338 1155
338 1389
338 1945
338 1964
339 401
339 647
339 863
339 1340
339 1454
340 363
340 859
340 991
340 1154
340 1168
340 1237
340 1359
340 1588
340 1790
341 491
341 701
341 728
341 787
341 1280
341 1355
341 1484
341 1499
342 800
342 1062
342 1117
342 1175
342 1207
342 1299
342 1435
342 1578
342 1696
342 1940
342 1968
343 368
343 388
343 867
343 1008
343 1040
343 1116
343 1168
343 1350
343 1818
344 382
344 555
344 840
344 1183
344 1344
344 1635
344 1659
344 1886
345 500
345 813
345 823
345 874
345 1732
346 909
346 1113
346 1118
346 1339
346 1454
346 1909
346 1990
347 530
347 949
347 1563
347 1930
347 1939
347 1948
348 720
348 782
348 826
348 938
348 1076
348 1139
348 1189
348 1238
348 1717
348 1845
348 1915
349 571
349 1217
349 1304
349 1877
350 993
350 1328
350 1490
350 1996
351 456
351 788
351 798
351 1017
351 1300
351 1548
351 1568
351 1596
351 1715
351 1971
351 1991
352 711
352 1110
352 1291
352 1587
353 438
353 539
353 687
353 771
353 1104
353 1177
353 1556
353 1926
353 1945
354 869
354 1729
355 448
355 485
355 514
355 548
355 641
355 667
355 876
355 1102
355 1142
355 1459
355 1568
355 1802
355 1822
355 1838
355 1956
356 375
356 1282
356 1576
356 1604
357 448
357 662
357 1027
357 1048
357 1754
357 1784
358 367
358 452
358 858
358 1175
358 1733
359 534
359 937
359 948
359 1014
359 1455
359 1480
359 1685
360 549
360 604
360 729
360 746
361 586
361 740
361 867
361 1227
361 1331
361 1385
361 1530
361 1546
361 1608
362 474
362 715
362 810
362 1760
362 1783
363 683
363 1151
363 1230
363 1464
364 845
364 869
364 1195
364 1215
364 1370
364 1409
364 1964
365 425
365 705
365 1502
365 1828
366 397
366 410
366 876
366 977
366 1224
366 1592
366 1709
367 1596
367 1680
367 1786
367 1844
367 1865
367 1878
367 1913
367 1930
368 432
368 650
368 707
368 1339
368 1388
368 1864
369 547
369 890
369 1071
369 1083
369 1133
369 1691
369 1856
369 1992
370 686
370 926
370 1041
370 1783
370 1957
371 445
371 1556
371 1641
372 622
372 1145
372 1421
372 1833
373 707
373 828
373 875
373 900
373 1092
373 1238
373 1487
373 1680
373 1740
374 475
374 478
374 490
374 839
374 873
374 973
374 1037
374 1109
374 1182
374 1267
374 1306
374 1396
374 1909
375 535
375 885
375 1337
375 1646
375 1917
376 561
376 764
376 1229
376 1535
376 1666
376 1691
376 1743
377 844
377 1031
377 1423
378 428
378 669
378 807
378 1056
378 1654
379 825
379 861
379 1062
379 1136
379 1458
379 1586
379 1682
380 401
380 571
380 907
380 948
380 1292
380 1633
380 1824
381 763
381 1077
381 1569
382 514
382 727
382 857
382 1179
382 1481
382 1494
382 1544
382 1610
382 1828
383 439
383 880
383 1075
383 1193
383 1283
383 1502
383 1549
383 1562
383 1845
384 895
384 1066
384 1594
384 1795
385 685
385 800
385 823
385 838
386 419
386 481
386 496
386 532
386 551
386 614
386 1774
387 608
387 663
387 805
387 960
387 1084
387 1357
387 1371
387 1531
387 1545
387 1783
388 625
388 978
388 1045
388 1461
388 1770
389 1453
389 1743
389 1889
390 448
390 530
390 661
390 776
390 988
390 1268
390 1484
390 1710
390 1816
390 1817
390 1887
391 694
391 853
391 1060
391 1358
391 1761
391 1815
392 595
392 1059
392 1340
392 1594
393 402
393 462
393 527
393 567
393 1051
393 1142
393 1143
393 1303
393 1531
393 1680
394 745
394 764
394 782
394 1369
394 1425
394 1549
395 554
395 561
395 757
395 777
395 1133
395 1189
395 1393
395 1510
395 1765
395 1797
396 1378
396 1795
396 1954
397 461
397 540
397 781
397 930
397 1150
397 1764
398 523
398 602
398 1113
398 1196
398 1273
398 1377
398 1478
398 1670
398 1803
398 1848
399 504
399 562
399 577
399 631
399 1011
399 1191
399 1386
399 1455
399 1504
399 1548
399 1558
399 1570
399 1682
399 1716
399 1853
399 1985
400 474
400 606
400 963
400 1489
400 1830
400 1927
400 1956
401 593
401 685
401 1014
401 1122
401 1458
401 1742
401 1825
401 1901
401 1932
402 958
402 1017
402 1776
403 442
403 589
403 1069
403 1097
403 1342
403 1386
403 1663
403 1820
404 432
404 699
404 828
404 1104
404 1194
404 1203
404 1248
404 1471
404 1592
404 1976
405 439
405 822
405 1211
405 1894
405 1925
406 856
406 887
406 1029
406 1172
406 1271
406 1297
406 1343
406 1394
406 1642
406 1660
406 1729
406 1785
406 1905
406 1996
407 751
407 1099
407 1102
407 1492
407 1658
407 1690
407 1832
407 1855
407 1910
408 574
408 772
408 924
408 1337
408 1616
408 1991
409 527
409 1161
409 1734
410 859
410 1673
410 1681
411 454
411 715
411 1462
411 1468
411 1697
412 462
412 472
412 549
412 679
412 741
412 844
412 958
412 1713
412 1950
413 591
413 757
413 878
413 914
413 1150
413 1245
413 1791
413 1977
414 1026
414 1068
414 1239
414 1339
414 1410
414 1704
414 1905
415 618
415 1025
415 1111
415 1634
415 1803
415 1852
416 633
416 1266
416 1430
417 601
417 805
417 969
417 1227
417 1310
417 1463
417 1528
417 1584
417 1619
417 1646
417 1684
418 987
418 995
418 1305
418 1389
418 1734
418 1867
418 1869
419 636
419 989
419 1397
420 572
420 656
420 825
420 826
420 1087
420 1197
420 1280
420 1928
420 1939
421 1112
421 1320
421 1978
422 680
422 1270
423 1013
423 1497
423 1543
423 1565
424 498
424 987
424 1233
424 1445
425 465
425 595
425 1102
425 1624
425 1638
425 1909
426 700
426 1375
426 1414
426 1836
427 647
427 894
427 964
427 1464
427 1932
428 635
428 675
428 1291
429 531
429 782
429 1102
429 1503
429 1836
430 1020
430 1025
430 1167
431 529
431 778
431 916
431 1232
431 1305
432 446
432 1106
432 1416
432 1864
432 1891
433 483
433 777
433 1036
433 1307
433 1332
433 1403
433 1666
434 475
434 809
434 916
434 1348
434 1349
434 1474
434 1759
434 1825
435 489
435 918
435 1140
435 1396
435 1448
435 1484
435 1625
435 1630
435 1821
435 1864
435 1877
436 1046
436 1071
436 1619
436 1647
436 1722
436 1834
437 954
437 1310
438 913
438 1295
438 1547
438 1640
438 1783
438 1953
439 723
439 787
439 1311
439 1508
439 1528
439 1721
439 1856
440 616
440 1404
440 1677
440 1708
440 1728
440 1816
441 533
441 762
441 868
441 1010
441 1106
441 1788
441 1966
442 575
442 845
442 1478
442 1693
442 1826
442 1964
443 453
443 888
443 1679
443 1759
444 492
444 663
444 805
444 1181
444 1248
444 1272
444 1683
445 1296
445 1727
445 1945
446 496
446 544
446 680
446 860
446 934
446 1164
446 1724
446 1732
447 791
447 821
447 983
447 1148
447 1448
447 1857
447 1912
448 1156
448 1462
448 1481
448 1963
449 1046
449 1661
449 1895
449 1924
450 727
450 748
450 788
450 1750
450 1934
450 1957
450 1979
451 549
451 860
451 984
451 1082
452 622
452 1596
453 1189
453 1216
453 1558
454 461
454 753
454 1203
454 1271
454 1457
454 1510
454 1554
454 1722
454 1766
455 1213
455 1358
455 1734
455 1975
456 743
456 1008
456 1309
457 477
457 643
457 886
458 1401
458 1856
459 513
459 922
459 931
459 1021
459 1051
459 1708
460 690
460 702
460 844
460 902
460 979
461 652
461 788
461 818
461 1013
461 1229
461 1434
461 1730
462 624
462 1251
462 1310
463 481
463 1088
463 1179
463 1300
463 1456
463 1554
463 1605
463 1669
463 1757
464 531
464 587
464 614
464 828
464 1107
464 1155
464 1261
464 1355
465 763
465 830
465 859
465 1104
465 1915
465 1992
466 615
466 694
466 719
466 821
466 1524
466 1886
467 640
467 973
467 1535
467 1663
468 510
468 1308
468 1730
468 1750
469 531
469 538
469 708
469 1692
470 483
470 535
470 898
470 937
470 1303
470 1410
470 1544
470 1938
470 1955
471 1479
471 1607
471 1696
471 1840
472 1081
472 1194
472 1210
472 1996
473 1016
473 1069
473 1161
473 1702
474 541
474 603
474 924
474 1140
474 1306
474 1726
474 1848
475 1258
475 1798
476 655
476 863
476 1097
476 1306
476 1333
477 511
477 753
477 764
477 981
477 1016
477 1090
477 1740
477 1781
477 1829
478 497
478 594
478 1629
479 482
479 519
479 520
479 655
479 759
479 917
479 1028
479 1343
479 1623
479 1714
480 652
480 1166
480 1173
480 1511
480 1631
481 719
481 1712
481 1878
482 537
482 584
482 834
482 952
482 964
482 1250
482 1373
482 1575
482 1605
482 1737
482 1890
483 607
483 647
483 1379
483 1628
483 1643
483 1761
483 1870
483 1927
483 1983
484 646
484 776
484 779
484 975
484 1480
484 1733
485 866
485 900
485 1413
486 540
486 657
486 748
486 899
486 1170
486 1415
486 1903
486 1916
487 491
487 928
487 1537
487 1996
488 1462
488 1483
488 1964
489 623
489 1277
489 1781
490 578
490 1566
490 1665
490 1827
490 1945
491 552
491 576
491 1704
491 1939
492 658
492 894
492 1073
492 1375
492 1549
492 1791
492 1902
493 767
493 1647
493 1673
494 632
494 1015
494 1190
494 1360
494 1774
495 583
495 1966
496 814
496 858
497 719
497 1102
497 1118
497 1223
497 1713
497 1775
498 579
498 769
498 858
498 973
498 1181
498 1524
498 1682
498 1953
499 636
499 639
499 739
499 1428
499 1716
499 1996
500 609
500 629
500 885
500 1039
500 1322
500 1400
500 1751
501 670
501 912
501 1137
501 1751
502 583
502 882
502 1433
502 1736
502 1771
503 989
503 1130
503 1322
503 1922
504 584
504 1350
504 1470
505 702
505 960
505 1009
505 1649
506 1308
506 1336
506 1398
506 1650
506 1825
507 546
507 1276
507 1341
507 1375
507 1510
507 1775
507 1796
507 1869
507 1893
508 616
508 983
508 1354
508 1410
509 532
509 1619
510 566
510 930
510 1123
510 1634
510 1884
510 1943
511 520
511 521
511 887
511 967
511 982
511 1249
511 1260
511 1538
512 542
512 573
512 979
512 1569
512 1612
512 1694
512 1979
513 1079
513 1224
513 1521
514 992
514 1594
514 1863
514 1955
515 1107
516 795
516 837
516 1235
516 1286
516 1547
516 1624
516 1939
517 1315
517 1319
517 1437
517 1568
517 2000
518 673
518 701
518 746
518 937
518 961
518 982
518 1150
518 1372
518 1526
518 1655
518 1694
518 1782
519 575
519 621
519 1442
519 1888
520 587
520 836
520 1533
520 1684
520 1804
520 1980
521 540
521 671
521 889
521 1103
521 1817
522 841
522 948
522 1385
522 1449
522 1514
522 1614
522 1663
522 1665
522 1909
523 662
523 783
523 966
523 1015
523 1208
523 1320
523 1668
523 1679
523 1691
523 1952
523 1958
524 820
524 933
524 1029
524 1042
524 1409
524 1833
524 1894
524 1968
525 807
525 862
525 1249
525 1380
525 1904
525 1927
526 1233
526 1547
526 1676
527 561
527 1013
527 1147
527 1164
527 1165
527 1936
528 532
528 1076
528 1556
528 1832
529 980
529 1021
529 1428
529 1723
529 1851
530 639
530 1209
530 1339
530 1512
530 1621
531 646
531 707
531 1078
531 1114
531 1135
531 1400
532 967
532 988
532 1301
532 1345
532 1964
533 743
533 1040
533 1243
533 1306
533 1373
533 1641
533 1730
534 1186
534 1562
534 1941
535 559
535 1225
535 1238
535 1254
535 1305
535 1383
535 1486
535 1494
535 1534
536 614
536 1024
536 1078
536 1156
536 1488
536 1689
537 638
537 704
537 879
537 1417
537 1565
537 1681
537 1934
538 1781
539 660
539 1573
539 1793
539 1951
540 831
540 844
540 983
540 1075
540 1294
540 1313
540 1473
540 1697
540 1749
540 1867
540 1986
541 1049
541 1188
541 1546
541 1681
541 1935
541 1966
542 816
542 1028
542 1086
542 1168
542 1363
542 1503
542 1515
542 1541
543 609
543 627
543 789
543 973
543 1053
543 1300
543 1844
544 1085
545 717
545 966
545 1176
545 1290
545 1599
546 642
546 1156
546 1528
546 1567
546 1778
546 1804
546 1821
546 1869
547 627
547 679
547 1296
547 1313
547 1402
547 1499
547 1865
548 552
548 691
548 1005
548 1169
549 570
549 750
549 786
549 810
549 821
549 1034
549 1252
550 621
550 1166
550 1458
550 1585
551 867
551 870
551 871
551 1229
551 1635
552 608
552 974
552 1205
552 1369
552 1888
553 576
553 1129
553 1466
553 1906
553 1989
554 1090
554 1262
554 1312
554 1385
554 1589
554 1667
554 1852
554 1892
554 1944
555 778
555 790
555 1139
555 1468
555 1572
555 1908
556 600
556 1268
556 1908
557 1504
557 1625
557 1740
558 630
558 1037
558 1079
558 1232
558 1376
558 1555
558 1734
558 1873
559 1387
559 1860
560 609
560 944
560 1186
560 1306
560 1385
560 1481
560 1523
560 1621
560 1879
560 1912
561 573
561 1281
561 1373
561 1623
561 1934
561 1935
561 1976
562 1102
562 1153
562 1261
562 1603
562 1879
563 784
563 959
563 1012
563 1689
563 1999
564 882
564 1045
564 1280
564 1341
564 1354
564 1363
564 1630
564 1980
565 1260
565 1401
565 1520
565 1568
565 1577
565 1594
565 1763
566 679
566 779
566 855
566 965
566 971
566 1069
566 1238
566 1571
566 1691
566 1697
567 608
567 922
567 956
567 1205
567 1256
567 1602
568 573
568 1157
568 1201
568 1452
569 799
569 867
569 1287
569 1627
569 1971
570 590
571 649
571 1199
571 1444
571 1496
571 1745
571 1794
572 605
572 1210
572 1245
572 1991
573 799
574 580
574 662
574 665
574 1529
574 1531
574 1862
575 585
575 736
575 862
575 1395
575 1685
575 1781
576 648
576 887
576 1679
576 1904
577 677
577 789
577 1028
577 1065
577 1364
577 1557
578 597
578 694
578 1034
578 1496
578 1620
579 619
579 870
579 1371
579 1540
580 1038
580 1343
580 1722
581 589
581 717
581 806
581 1000
581 1127
581 1277
581 1381
582 839
582 889
582 1571
582 1664
582 1681
583 634
583 656
583 1094
583 1234
583 1412
584 935
584 1057
584 1447
585 777
585 963
585 1249
585 1278
585 1377
585 1681
585 1703
585 1756
585 1782
585 1933
586 968
586 973
586 1238
586 1621
586 1741
586 1768
587 1211
587 1665
587 1866
588 598
588 785
588 815
588 894
588 1944
589 729
589 807
589 1821
589 1965
590 718
590 822
590 1138
590 1523
590 1731
590 1859
590 1947
590 1993
591 1140
591 1967
591 1999
592 930
592 938
592 1003
592 1167
592 1219
592 1464
592 1944
593 1858
593 1908
594 817
594 1561
594 1871
594 1952
595 713
595 856
595 1130
595 1658
595 1965
595 1975
596 900
596 908
596 1330
596 1342
596 1406
596 1421
596 1423
597 946
597 1245
597 1251
597 1404
597 1477
597 1634
597 1664
597 1695
597 1854
598 708
598 1442
598 1508
598 1907
599 643
599 871
599 956
599 996
599 1802
599 1828
599 1831
600 1002
600 1065
600 1142
600 1311
600 1558
600 1925
601 838
601 849
601 1130
601 1155
601 1942
602 862
602 1197
602 1242
602 1324
602 1783
602 1873
602 1887
603 1255
603 1267
603 1746
603 1899
604 772
604 804
604 1288
604 1373
605 754
605 842
605 1356
605 1400
605 1885
606 726
606 1266
606 1270
607 833
607 873
607 1009
607 1192
607 1623
607 1871
608 1318
608 1443
608 1730
608 1834
608 1943
609 1339
609 1418
609 1932
610 906
610 949
610 1035
610 1096
610 1521
610 1826
610 1884
610 1898
611 1126
611 1746
612 736
612 854
612 922
612 1016
612 1969
613 646
613 694
613 849
613 1308
613 1633
613 1706
613 1730
614 1170
614 1437
614 1700
615 654
615 864
615 1008
615 1096
615 1118
615 1128
615 1320
615 1484
615 1685
615 1687
615 1818
616 1943
617 625
617 807
617 1204
617 1266
617 1482
617 1513
618 744
618 886
618 1170
619 826
619 1126
619 1224
619 1639
619 1761
619 1789
620 1256
620 1573
620 1953
621 648
621 722
621 802
621 878
621 947
621 1021
621 1297
621 1424
621 1436
621 1579
621 1755
622 842
622 1171
622 1206
622 1950
622 1967
623 1079
623 1087
623 1165
623 1311
623 1862
624 653
624 756
624 1076
624 1563
625 1150
625 1168
625 1243
625 1643
626 1613
626 1645
627 1188
627 1355
627 1740
627 1765
628 871
628 1019
628 1072
628 1585
628 1850
629 874
629 949
629 1309
629 1325
629 1615
629 1973
630 843
630 1191
630 1322
630 1462
630 1879
631 658
631 709
631 1121
631 1227
631 1231
631 1489
631 1649
631 1863
632 861
632 928
632 1257
632 1611
633 1143
633 1578
633 1643
634 713
634 730
634 992
634 1117
634 1120
634 1191
634 1197
634 1496
634 1537
634 1551
635 908
635 965
635 1202
635 1452
636 702
636 782
636 1209
636 1277
636 1510
636 1933
636 1967
637 884
637 975
637 1145
637 1166
637 1216
637 1312
637 1919
637 1929
638 829
638 946
638 1205
638 1693
638 1831
639 691
639 985
639 1327
640 673
640 705
640 723
640 895
640 957
640 1055
640 1225
640 1542
640 1856
641 834
641 1502
641 1755
642 645
642 1333
642 1677
642 1775
642 1845
642 1884
643 1098
643 1351
643 1554
643 1566
643 1784
643 1900
644 1170
644 1623
644 1766
644 1771
645 682
645 1029
645 1077
645 1162
645 1213
645 1389
645 1962
646 922
646 1177
646 1385
646 1550
646 1710
646 1854
646 1910
646 1952
647 686
647 1327
647 1805
647 1988
648 799
648 1195
648 1529
649 653
649 1722
650 699
650 912
650 1398
650 1433
651 685
651 796
651 944
651 1131
651 1428
652 1660
652 1702
653 744
653 749
653 1649
654 797
654 1563
654 1573
655 1040
655 1554
656 778
656 921
656 1177
656 1329
656 1670
656 1672
656 1817
656 1954
656 1995
657 1029
657 1512
657 1711
657 1919
657 1963
658 1035
658 1766
658 1934
659 1266
659 1377
659 1406
659 1439
659 1486
659 1602
659 1827
660 777
660 1039
660 1043
660 1688
660 1718
660 1884
661 958
661 1187
661 1885
661 1986
662 1199
662 1202
662 1453
662 1674
662 1747
663 798
663 1063
663 1234
663 1382
663 1404
663 1429
663 1508
663 1566
664 1447
665 819
665 1392
665 1450
665 1553
666 924
666 1216
666 1561
667 719
667 753
667 909
667 1359
667 1519
667 1630
667 1690
667 1725
668 971
668 1070
668 1118
668 1571
668 1716
668 1865
668 1946
669 682
669 1414
669 1513
669 1681
670 836
670 873
670 919
670 1067
670 1244
670 1499
671 902
671 903
671 1154
671 1450
672 738
672 762
672 1254
672 1457
672 1565
672 1664
672 1755
672 1784
672 1970
673 1110
673 1208
673 1386
673 1679
673 1721
674 785
674 1009
674 1677
674 1768
674 1847
675 885
675 911
675 984
675 1254
675 1730
675 1786
676 1016
676 1172
676 1496
676 1513
676 1634
676 1762
677 1015
677 1307
677 1622
677 1749
677 1755
677 1937
678 882
678 1003
678 1204
678 1739
680 737
680 879
680 1006
680 1039
680 1093
680 1509
681 1374
682 712
682 986
682 1352
682 1484
682 1496
682 1536
682 1680
682 1797
682 1802
682 1976
683 986
683 1321
683 1672
683 1822
683 1913
684 838
684 951
684 1041
684 1958
685 924
685 1424
685 1741
685 1768
685 1937
686 1137
687 921
687 1302
687 1443
687 1543
687 1812
687 1885
688 1090
688 1290
688 1294
688 1498
688 1547
688 1548
688 1597
688 1750
688 1835
689 1247
689 1330
689 1397
689 1399
689 1423
689 1657
690 751
690 963
690 1368
690 1432
690 1579
690 1706
690 1753
690 1797
690 1847
690 1896
691 752
691 1162
691 1181
691 1499
691 1537
691 1597
691 1694
691 1827
691 1876
692 1164
692 1348
692 1462
692 1589
692 1638
692 1757
692 1797
692 1808
692 1834
693 722
693 1645
693 1798
693 1806
693 1813
693 1918
693 1973
694 964
694 1083
694 1244
694 1664
694 1770
694 1842
695 835
695 1141
695 1343
695 1408
695 1548
695 1745
696 833
696 885
696 1025
696 1194
696 1516
696 1553
696 1643
696 1907
697 782
697 791
697 924
697 976
697 1035
697 1357
698 1346
698 1609
698 1652
698 1673
698 1768
698 1886
699 1040
699 1425
699 1544
699 1603
699 1769
699 1899
699 1910
699 1936
699 1967
700 787
700 1172
700 1347
700 1764
700 1892
700 1966
701 1155
701 1343
701 1443
701 1467
701 1636
701 1650
701 1852
701 1990
702 893
702 1036
702 1169
702 1285
702 1443
702 1457
702 1507
703 791
703 968
703 985
703 1632
704 1033
704 1163
704 1384
704 1450
704 1821
705 808
705 1798
706 1182
706 1513
706 1749
706 1773
706 1880
706 1929
707 735
707 1091
707 1124
707 1389
708 716
708 1383
708 1392
708 1623
708 1959
709 805
709 1222
709 1312
709 1661
709 1901
710 908
710 935
710 1843
711 971
711 1579
711 1599
711 1990
712 1178
712 1443
712 1567
712 1698
713 918
713 1011
713 1436
713 1549
713 1972
714 957
714 1445
714 1557
714 1605
714 1794
714 1864
715 805
715 1045
715 1319
715 1656
715 1985
715 1992
716 1381
716 1709
716 1720
716 1841
717 985
717 1229
717 1281
717 1435
717 1679
717 1879
718 814
718 1496
718 1849
719 832
719 1237
719 1352
719 1644
720 1310
720 1477
720 1497
720 1528
720 1592
721 808
721 1026
721 1106
721 1797
721 1803
721 1948
722 879
722 910
722 1013
722 1215
722 1325
722 1721
723 731
723 1494
723 1504
723 1697
724 786
724 883
724 1173
724 1303
724 1470
724 1904
725 1056
725 1201
725 1468
725 1821
725 1831
726 886
726 1118
726 1951
727 1355
727 1994
728 813
728 960
728 1038
728 1441
728 1744
729 1233
729 1452
730 963
730 1223
730 1470
730 1558
730 1793
731 1274
731 1915
732 759
732 957
732 1399
732 1558
733 862
733 948
733 973
733 997
733 1197
733 1244
733 1460
733 1472
733 1487
733 1892
734 888
734 1082
734 1145
734 1285
734 1562
734 1624
734 1676
734 1693
735 1943
736 902
736 1142
736 1652
736 1960
737 925
737 1191
737 1205
737 1616
737 1647
737 1935
738 913
738 1146
738 1333
738 1395
738 1407
738 1612
739 1317
739 1402
739 1554
740 794
740 1043
740 1394
740 1555
741 1043
741 1417
741 1470
741 1474
741 1866
741 1897
742 993
742 1038
742 1126
742 1453
742 1454
742 1611
742 1849
743 963
743 1038
743 1225
743 1317
743 1484
744 1288
744 1427
744 1456
744 1463
744 1703
745 1149
745 1217
745 1237
745 1889
745 1909
746 940
746 1024
746 1242
746 1359
746 1476
746 1750
746 1869
747 921
747 1020
747 1075
747 1438
748 1102
748 1265
748 1666
748 1772
748 1919
749 888
749 1156
749 1476
749 1665
750 1268
750 1405
750 1447
750 1599
750 1790
751 1237
751 1635
751 1759
751 1791
752 791
752 985
752 1060
752 1154
752 1355
752 1467
752 1949
753 1442
753 1676
753 1706
754 1103
754 1204
754 1252
754 1681
754 1758
754 1841
755 1260
755 1715
755 1907
755 1992
756 913
756 974
756 1024
756 1254
756 1378
756 1399
756 1549
756 1620
756 1706
757 824
757 1502
757 1510
757 1743
757 1784
757 1869
758 1027
758 1180
758 1278
758 1310
758 1816
758 1831
758 1956
759 987
759 1023
759 1479
759 1646
759 1697
759 1792
759 1963
760 868
760 1159
760 1212
760 1277
760 1385
760 1418
760 1427
760 1477
760 1618
760 1760
761 1037
761 1429
761 1717
761 1982
762 945
762 946
762 1463
762 1671
763 819
763 912
763 948
763 1050
763 1364
763 1878
764 1012
764 1465
764 1826
764 1861
764 1946
765 925
765 1771
765 1822
765 1902
766 853
766 1219
766 1401
766 1488
766 1904
767 786
767 843
767 887
767 1230
767 1436
767 1665
768 1275
768 1347
768 1361
768 1638
770 1273
770 1459
770 1462
770 1530
771 911
771 1044
771 1113
771 1708
771 1963
771 1981
772 777
772 1093
772 1399
772 1664
772 1733
773 939
773 1081
773 1298
773 1433
773 1677
774 918
774 933
774 1186
774 1998
775 1208
775 1305
775 1492
775 1512
776 791
776 1293
776 1391
776 1443
776 1777
777 1177
777 1514
777 1670
778 1058
778 1158
778 1237
778 1400
778 1783
779 1076
779 1355
779 1746
780 783
780 828
780 1239
780 1454
780 1531
780 1629
780 1993
781 817
781 1755
781 1915
782 856
782 924
782 1665
782 1840
783 1055
783 1143
784 1010
784 1102
784 1112
784 1479
784 1652
785 897
785 898
785 1009
785 1269
785 1396
785 1418
785 1579
785 1581
785 1593
786 953
786 1047
786 1447
786 1626
786 1983
787 938
787 1156
787 1162
787 1522
787 1956
788 1461
788 1549
789 1258
789 1265
790 870
790 1942
791 811
791 1048
791 1242
791 1331
791 1972
793 828
793 1190
793 1302
793 1595
793 1706
793 1879
794 842
794 1501
794 1611
794 1675
795 839
795 1019
795 1181
795 1441
795 1544
795 1664
795 1844
795 1974
796 1130
796 1133
796 1400
797 875
797 1321
797 1620
798 1298
798 1359
798 1513
798 1835
798 1866
799 1405
799 1599
799 1689
799 1850
799 1867
800 1482
801 896
801 933
801 969
801 974
801 1620
801 1774
802 870
802 989
802 1239
802 1311
802 1405
802 1544
802 1706
802 1717
802 1854
802 1964
803 1840
803 1893
804 1322
804 1594
805 929
805 1946
805 1977
805 1998
806 851
806 1636
806 1808
807 1092
807 1201
807 1761
807 1861
807 1886
808 1019
808 1302
808 1394
808 1434
808 1846
809 1764
810 876
810 905
810 1095
811 1548
811 1781
811 1980
812 932
812 1042
812 1619
813 984
813 1102
813 1155
813 1252
813 1603
813 1648
813 1779
813 1782
814 968
814 1180
814 1348
815 906
815 1169
815 1436
815 1971
816 908
816 945
816 1062
816 1456
817 854
817 867
817 1070
817 1714
817 1807
817 1812
817 1841
817 1983
818 842
818 1403
818 1475
818 1853
818 1929
819 1480
819 1615
819 1938
820 975
820 1202
820 1361
820 1578
821 845
821 910
821 1192
821 1461
821 1680
821 1805
821 1818
822 1205
822 1362
822 1420
822 1434
822 1522
822 1922
823 958
823 1042
823 1149
823 1388
824 927
824 1342
824 1697
825 941
825 947
825 1051
825 1125
825 1134
825 1795
826 867
826 903
826 995
826 1118
826 1271
826 1443
826 1499
826 1897
827 1064
827 1120
827 1133
827 1332
827 1544
827 1550
827 1553
828 1236
828 1245
828 1603
829 970
829 1013
829 1975
830 874
830 1255
830 1297
830 1325
830 1686
830 1910
831 844
831 1021
831 1885
831 1954
831 1981
832 1567
832 1883
832 1889
832 1945
833 938
833 1170
833 1193
833 1378
833 1531
833 1945
834 910
834 1163
834 1463
834 1480
834 1810
834 1897
835 1460
835 1844
835 1961
836 1262
836 1398
836 1628
836 1746
837 982
837 998
837 1212
837 1923
838 879
838 941
838 1084
838 1188
839 945
839 1371
839 1443
839 1449
839 1609
839 1754
839 1840
839 1844
840 937
840 1018
840 1132
840 1205
840 1599
840 1615
840 1716
840 1816
841 1475
841 1818
841 1851
842 984
842 1037
842 1660
842 1738
842 1799
842 1902
842 1975
843 848
843 1278
843 1556
843 1742
843 1825
844 1049
844 1398
844 1577
844 1791
844 1796
844 1813
844 1871
844 1889
845 904
845 917
845 1087
845 1099
845 1219
845 1810
845 1931
846 943
846 1092
846 1209
846 1269
846 1653
846 1670
847 1043
847 1622
847 1914
848 1093
848 1836
849 1220
849 1314
849 1471
849 1768
850 905
850 914
850 934
850 949
850 1035
850 1249
850 1322
850 1339
850 1355
851 898
851 1005
851 1562
851 1922
852 906
852 1218
852 1276
852 1458
852 1500
852 1839
853 913
853 1280
853 1696
853 1975
854 872
854 1041
854 1073
854 1202
854 1308
854 1491
855 970
855 1625
856 1223
856 1262
856 1303
856 1798
856 1853
857 896
857 1177
857 1370
857 1779
857 1862
858 881
858 1016
858 1102
858 1306
858 1698
858 1899
858 1980
859 1091
859 1145
859 1266
860 1033
860 1135
860 1608
860 1611
860 1624
861 1098
861 1301
861 1338
861 1341
861 1420
861 1775
862 1238
862 1452
862 1497
863 1295
863 1387
863 1410
863 1531
865 866
865 1086
865 1116
865 1401
865 1617
865 1675
865 1843
866 1012
866 1765
866 1879
867 1347
867 1647
867 1900
867 1911
867 1948
868 996
868 1370
868 1725
868 1810
869 1272
869 1292
869 1321
869 1751
869 1947
870 1566
870 1755
870 1951
871 991
871 1226
871 1711
871 1813
872 963
872 985
872 1222
872 1431
872 1590
872 1830
873 1228
873 1304
873 1398
873 1730
873 1734
873 1780
873 1846
874 1195
874 1498
874 1880
875 970
875 1078
875 1248
875 1290
875 1460
875 1826
876 1504
876 1507
876 1746
876 1773
877 965
877 1224
877 1266
877 1316
877 1515
877 1573
877 1739
877 1819
877 1836
878 1004
878 1166
878 1195
878 1287
879 925
879 1295
879 1414
879 1640
880 1390
880 1492
880 1549
881 966
881 1708
881 1998
882 1222
882 1360
882 1818
882 1946
882 1964
883 1263
883 1742
884 1374
884 1378
885 933
885 980
885 1110
885 1439
885 1789
886 1310
886 1569
886 1591
886 1795
886 1835
887 1238
887 1341
887 1625
888 897
888 1216
888 1309
889 1071
889 1479
889 1512
889 1725
889 1805
889 1932
890 951
890 1169
890 1261
890 1334
890 1442
890 1519
890 1807
890 1918
890 1965
891 994
891 1423
892 904
892 1063
892 1150
893 1058
893 1102
893 1521
893 1750
893 1753
894 1019
894 1240
894 1602
894 1674
894 1787
895 1505
895 1511
896 911
896 1382
897 907
897 1013
897 1410
897 1471
897 1672
898 1259
898 1323
898 1682
898 1960
899 1254
899 1322
899 1414
900 972
900 980
900 1381
900 1400
900 1588
900 1681
900 1986
901 995
901 1020
901 1137
902 1603
902 1810
902 1930
903 1314
903 1375
903 1727
904 951
904 1246
904 1635
904 1801
905 1635
905 1799
905 1850
905 1860
906 1428
906 1436
906 1441
906 1662
906 1833
906 1836
906 1926
906 1931
907 965
907 979
907 1221
907 1874
908 998
908 1117
908 1241
908 1873
909 1163
910 1863
910 1980
911 1270
911 1302
911 1816
911 1859
912 1944
912 1975
913 1678
914 945
914 1182
914 1200
914 1432
914 1721
915 962
915 1003
915 1498
915 1688
915 1704
915 1882
916 920
916 1222
916 1992
917 1029
917 1248
917 1331
917 1492
917 1734
917 1784
918 1115
918 1424
918 1478
918 1668
918 1767
919 1159
919 1605
919 1714
919 1764
919 1771
920 1373
920 1459
920 1687
920 1883
921 1004
921 1211
922 1203
922 1322
922 1509
922 1989
923 924
923 1305
923 1577
923 1897
924 1371
924 1582
924 1613
924 1828
924 1938
925 1619
925 1623
925 1673
925 1695
925 1934
926 1080
926 1479
926 1750
927 1409
927 1460
927 1967
928 931
928 960
928 1057
928 1086
928 1858
929 949
929 986
929 1129
929 1239
929 1241
929 1618
929 1675
929 1781
930 1111
930 1566
930 1723
931 945
931 1404
932 1535
932 1797
933 1053
933 1126
933 1172
933 1187
933 1511
933 1676
933 1692
933 1816
933 1890
934 1705
934 1834
935 937
935 1013
935 1411
935 1443
935 1449
936 970
936 1296
936 1312
936 1438
936 1491
936 1746
937 1063
937 1124
937 1953
938 1316
938 1362
938 1550
938 1639
938 1851
939 1383
940 1020
940 1258
940 1488
941 1039
941 1057
941 1144
941 1319
941 1540
941 1904
941 1961
942 1174
942 1219
942 1223
942 1442
942 1581
943 989
943 1467
943 1688
943 1785
943 1903
943 1917
943 1983
944 1017
944 1094
944 1310
944 1582
944 1617
944 1648
944 1755
944 1966
945 1012
945 1671
945 1814
945 1958
945 1996
946 1356
946 1486
946 1523
946 1530
946 1664
946 1977
947 1022
947 1098
947 1342
947 1525
947 1946
948 1396
948 1486
948 1595
949 1473
950 1068
950 1317
950 1367
950 1397
951 1041
951 1047
951 1098
951 1159
951 1225
951 1484
951 1782
951 1849
952 1279
952 1386
952 1415
952 1535
952 1779
952 1807
953 1154
953 1569
953 1719
953 1720
953 1765
954 1340
954 1917
955 1012
955 1432
955 1688
955 1852
955 1960
955 1988
956 1535
957 998
957 1263
957 1801
957 1961
957 1962
958 1045
958 1568
959 1233
959 1593
959 1613
959 1743
959 1843
959 1951
960 1027
960 1337
960 1806
960 1892
961 1576
961 1961
963 966
963 1106
963 1710
963 1924
964 1257
964 1319
964 1561
964 1851
964 1951
965 970
965 1150
965 1261
965 1430
966 983
966 1075
966 1152
966 1215
966 1368
966 1533
967 977
967 1369
967 1469
967 1561
967 1869
968 1791
968 1839
969 996
969 1032
969 1440
970 1151
970 1687
970 1758
971 981
971 1446
971 1648
971 1696
972 1707
973 1104
973 1170
974 1046
974 1188
974 1218
974 1738
975 1452
975 1655
976 1197
976 1428
976 1763
976 1820
976 1858
976 1924
977 1052
977 1520
977 1842
978 1050
978 1078
978 1262
978 1728
978 1899
979 1043
979 1056
979 1183
979 1197
979 1288
979 1391
980 1058
980 1491
980 1665
980 1964
980 1974
981 1154
981 1155
981 1210
981 1619
981 1662
982 1233
982 1285
982 1804
983 1050
983 1269
983 1368
983 1489
984 1147
984 1239
984 1300
984 1319
984 1458
984 1548
984 1746
985 1176
986 1101
986 1205
986 1429
986 1560
987 1506
988 1071
988 1276
988 1503
988 1636
989 1142
989 1262
989 1282
989 1881
989 1907
990 1344
990 1554
990 1946
991 1321
992 1485
992 1496
992 1515
992 1555
993 1381
993 1455
993 1510
993 1551
993 1832
994 1146
994 1386
994 1463
994 1516
995 1302
995 1683
996 1172
996 1385
996 1393
996 1892
996 2000
997 1310
997 1512
997 1592
997 1696
997 1768
997 1929
997 1937
998 1087
998 1620
998 1623
998 1814
999 1324
1000 1375
1000 1539
1000 1721
1000 1823
1001 1033
1001 1034
1001 1156
1001 1160
1001 1333
1001 1835
1002 1158
1002 1482
1002 1741
1003 1009
1003 1021
1003 1291
1003 1466
1003 1507
1003 1679
1003 1686
1003 1704
1004 1344
1004 1462
1004 1774
1004 1803
1004 1931
1005 1259
1005 1376
1005 1413
1006 1147
1006 1243
1006 1372
1006 1509
1006 1978
1007 1117
1007 1769
1007 1803
1007 1953
1008 1078
1008 1176
1008 1449
1008 1718
1008 1897
1008 1911
1008 1919
1009 1217
1009 1423
1009 1522
1009 1883
1009 1933
1010 1037
1010 1064
1010 1144
1010 1324
1010 1705
1010 1753
1011 1101
1011 1114
1011 1142
1011 1395
1012 1344
1013 1583
1014 1533
1014 1956
1015 1244
1015 1443
1015 1517
1015 1590
1015 1597
1015 1968
1016 1336
1016 1642
1016 1865
1017 1295
1017 1377
1017 1603
1017 1801
1018 1131
1018 1155
1018 1172
1018 1266
1018 1289
1018 1448
1018 1470
1018 1617
1018 1929
1019 1890
1020 1384
1020 1475
1020 1630
1020 1903
1020 1904
1021 1203
1021 1275
1021 1368
1021 1539
1021 1710
1021 1957
1022 1114
1022 1329
1022 1627
1023 1599
1023 1823
1023 1901
1024 1390
1025 1102
1025 1167
1025 1364
1026 1461
1026 1512
1026 1680
1026 1962
1027 1375
1027 1781
1027 1993
1028 1124
1028 1270
1028 1398
1028 1753
1028 1795
1028 1910
1028 1925
1028 1960
1029 1128
1029 1331
1029 1376
1030 1543
1030 1971
1031 1669
1031 1759
1031 1971
1032 1242
1032 1307
1032 1512
1032 1571
1032 1739
1032 1805
1032 1912
1033 1471
1033 1673
1034 1450
1034 1610
1034 1702
1034 1856
1035 1214
1035 1367
1035 1737
1035 1995
1036 1154
1036 1263
1036 1684
1037 1322
1037 1925
1038 1120
1038 1341
1038 1433
1038 1611
1039 1114
1039 1546
1039 1569
1039 1754
1039 1805
1040 1192
1040 1338
1040 1563
1040 1662
1040 1677
1041 1487
1041 1943
1041 1947
1042 1118
1042 1332
1042 1529
1042 1701
1042 1874
1043 1391
1043 1670
1043 1693
1043 1725
1043 1814
1044 1397
1044 1602
1044 1873
1044 1923
1044 1958
1045 1384
1045 1389
1045 1653
1045 1847
1045 1917
1046 1384
1046 1408
1046 1438
1046 1469
1046 1965
1047 1297
1047 1493
1047 1666
1047 1821
1047 1905
1048 1235
1048 1725
1048 1762
1048 1767
1049 1150
1050 1201
1050 1343
1050 1444
1050 1639
1050 1718
1050 1812
1050 1904
1050 1927
1051 1167
1051 1215
1051 1503
1051 1960
1051 1992
1052 1144
1052 1277
1052 1281
1052 1304
1052 1365
1052 1576
1052 1849
1052 1864
1053 1092
1053 1103
1053 1736
1054 1160
1054 1394
1054 1688
1055 1287
1055 1297
1055 1954
1056 1400
1056 1414
1056 1644
1056 1716
1057 1077
1057 1113
1057 1128
1058 1348
1058 1602
1058 1734
1058 1774
1058 1941
1059 1267
1059 1428
1059 1444
1059 1471
1059 1749
1060 1070
1060 1218
1060 1409
1060 1411
1060 1470
1060 1637
1060 1895
1060 1956
1060 1995
1061 1982
1062 1099
1062 1164
1062 1167
1063 1576
1063 1919
1064 1193
1064 1367
1064 1552
1064 1646
1064 1751
1064 1755
1065 1281
1065 1635
1065 1819
1065 1913
1066 1570
1066 1802
1067 1135
1067 1138
1067 1277
1067 1830
1067 1973
1068 1414
1068 1532
1069 1509
1069 1648
1069 1755
1070 1282
1070 1484
1070 1519
1070 1599
1070 1793
1071 1091
1071 1162
1071 1473
1071 1563
1072 1144
1072 1226
1072 1239
1072 1286
1072 1561
1072 1596
1072 1792
1072 1920
1073 1524
1073 1777
1073 1861
1073 1977
1074 1137
1074 1269
1074 1893
1075 1161
1075 1592
1075 1834
1076 1121
1076 1541
1076 1991
1077 1206
1077 1415
1077 1592
1077 1684
1077 1696
1077 1893
1077 1948
1078 1123
1078 1242
1078 1265
1078 1300
1078 1772
1078 1837
1079 1186
1079 1270
1079 1278
1080 1166
1080 1224
1080 1433
1080 1638
1080 1724
1080 1840
1082 1591
1083 1462
1083 1611
1083 1727
1083 1780
1083 1863
1084 1845
1084 1943
1085 1549
1085 1619
1085 1756
1086 1364
1086 1401
1086 1574
1086 1686
1086 1733
1086 1735
1087 1857
1087 1877
1087 1979
1088 1138
1088 1327
1088 1606
1088 1704
1089 1449
1089 1463
1089 1629
1089 1700
1089 1840
1089 1924
1090 1243
1090 1315
1090 1833
1091 1302
1091 1678
1091 1967
1092 1291
1092 1444
1092 1490
1092 1787
1093 1768
1093 1837
1093 1858
1094 1274
1094 1279
1094 1787
1094 1868
1095 1380
1095 1399
1095 1543
1095 1648
1095 1754
1096 1134
1096 1280
1096 1438
1096 1850
1097 1719
1098 1199
1098 1218
1098 1362
1098 1711
1099 1134
1099 1463
1099 1942
1099 1962
1100 1713
1100 1844
1100 1923
1101 1387
1101 1850
1101 1967
1102 1270
1102 1335
1102 1364
1102 1446
1102 1672
1102 1787
1102 1847
1102 1986
1103 1264
1103 1273
1103 1645
1103 1867
1104 1541
1105 1421
1105 1647
1105 1931
1106 1136
1106 1499
1106 1761
1106 1807
1106 1848
1107 1522
1108 1231
1108 1271
1108 1309
1108 1908
1108 1926
1109 1287
1109 1340
1109 1473
1109 1782
1110 1304
1110 1705
1111 1150
1111 1407
1111 1781
1111 1852
1111 1952
1112 1252
1114 1522
1114 1570
1114 1994
1115 1468
1115 1837
1116 1341
1116 1833
1116 1837
1117 1151
1117 1209
1117 1499
1117 1545
1117 1657
1117 1760
1118 1163
1118 1252
1118 1272
1118 1333
1118 1381
1119 1207
1119 1768
1120 1128
1120 1324
1120 1513
1120 1599
1120 1726
1120 1987
1121 1138
1121 1239
1121 1315
1121 1469
1121 1688
1122 1590
1122 1694
1122 1696
1123 1507
1124 1975
1126 1486
1126 1714
1126 1943
1127 1522
1127 1886
1127 1970
1128 1188
1128 1219
1128 1249
1128 1419
1128 1600
1128 1686
1129 1161
1129 1515
1129 1795
1129 1945
1130 1256
1130 1317
1130 1363
1130 1397
1130 1595
1130 1901
1131 1276
1131 1644
1131 1839
1131 1902
1132 1609
1132 1834
1132 1905
1132 1933
1133 1164
1133 1352
1133 1371
1133 1522
1133 1572
1133 1639
1133 1962
1133 1975
1134 1164
1134 1239
1134 1492
1135 1227
1135 1426
1135 1760
1135 1946
1136 1336
1136 1492
1137 1811
1137 1983
1138 1167
1138 1243
1138 1304
1139 1268
1139 1988
1140 1144
1140 1654
1140 1872
1141 1680
1141 1910
1142 1155
1142 1202
1142 1262
1142 1546
1142 1651
1142 1823
1143 1184
1143 1318
1143 1363
1143 1495
1143 1577
1143 1803
1143 1904
1145 1452
1145 1522
1145 1554
1145 1609
1146 1402
1146 1456
1146 1480
1146 1683
1146 1916
1146 1940
1147 1287
1147 1622
1147 1684
1148 1167
1148 1180
1148 1684
1149 1193
1149 1380
1149 1829
1150 1307
1150 1318
1150 1430
1150 1546
1150 1742
1151 1661
1151 1808
1151 1895
1152 1356
1152 1695
1152 1979
1153 1217
1153 1355
1153 1430
1154 1215
1154 1629
1154 1666
1154 1828
1154 1833
1154 1910
1154 1947
1155 1239
1155 1456
1155 1751
1155 1767
1155 1888
1155 1920
1155 1938
1156 1389
1156 1694
1156 1701
1156 1853
1157 1206
1157 1490
1157 1882
1158 1861
1159 1303
1159 1470
1159 1523
1159 1729
1159 1853
1159 1873
1159 2000
1160 1677
1160 1775
1160 1939
1161 1163
1161 1608
1161 1610
1162 1281
1162 1382
1162 1486
1162 1713
1162 1791
1162 1855
1162 1972
1163 1601
1163 1755
1163 1954
1164 1283
1164 1433
1164 1477
1164 1677
1164 1919
1165 1241
1165 1424
1165 1751
1165 1811
1166 1484
1166 1787
1167 1235
1167 1615
1167 1837
1167 1909
1168 1246
1168 1301
1168 1352
1168 1367
1168 1728
1168 1808
1169 1322
1169 1593
1169 1986
1170 1251
1170 1459
1170 1662
1170 1924
1170 1927
1170 1930
1171 1182
1172 1248
1172 1338
1173 1436
1173 1605
1173 1766
1173 1998
1174 1326
1174 1430
1175 1571
1175 1583
1176 1699
1176 1706
1176 1722
1176 1764
1176 1783
1176 1810
1176 1868
1176 1957
1177 1356
1177 1404
1177 1651
1177 1767
1177 1779
1177 1940
1178 1518
1178 1552
1178 1584
1178 1614
1179 1339
1179 1400
1179 1739
1179 1930
1179 1948
1180 1415
1180 1436
1180 1612
1180 1658
1181 1200
1181 1285
1181 1404
1181 1613
1181 1805
1181 1807
1181 1890
1182 1567
1183 1335
1183 1541
1183 1712
1183 1923
1184 1325
1184 1466
1184 1819
1185 1231
1185 1821
1185 1886
1185 1920
1185 1932
1185 1999
1186 1323
1186 1661
1186 1898
1187 1209
1187 1734
1188 1844
1189 1345
1189 1385
1189 1487
1189 1850
1190 1253
1190 1330
1190 1397
1190 1626
1190 1703
1191 1194
1192 1345
1192 1531
1193 1695
1193 1696
1193 1733
1193 1898
1194 1254
1194 1627
1194 1991
1195 1363
1195 1712
1195 1798
1195 1963
1196 1232
1196 1751
1196 1969
1197 1510
1197 1774
1197 1943
1198 1236
1198 1343
1198 1349
1198 1378
1198 1621
1198 1672
1198 1956
1199 1425
1199 1833
1200 1222
1200 1396
1200 1694
1200 1861
1201 1448
1201 1567
1202 1494
1202 1606
1202 1888
1203 1501
1203 1604
1203 1860
1204 1207
1204 1345
1204 1664
1204 1670
1204 1995
1205 1487
1205 1605
1205 1781
1207 1290
1207 1314
1207 1477
1207 1669
1208 1558
1208 1763
1209 1210
1209 1393
1209 1450
1209 1790
1210 1419
1211 1361
1211 1513
1212 1336
1212 1365
1212 1777
1213 1600
1214 1326
1215 1290
1215 1490
1215 1499
1215 1928
1215 1973
1216 1339
1216 1985
1217 1804
1218 1376
1218 1480
1218 1525
1218 1679
1218 1840
1219 1374
1219 1428
1219 1640
1219 1738
1219 1902
1220 1649
1220 1787
1221 1359
1221 1452
1222 1274
1222 1553
1222 1884
1222 1919
1223 1319
1223 1370
1223 1708
1223 1775
1223 1952
1223 1982
1224 1388
1224 1720
1226 1382
1226 1434
1226 1633
1226 1847
1227 1258
1227 1272
1227 1310
1227 1368
1227 1428
1227 1902
1228 1233
1228 1238
1228 1538
1228 1851
1229 1776
1229 1891
1230 1314
1230 1344
1230 1461
1230 1530
1230 1644
1230 1735
1230 1863
1230 1918
1231 1272
1231 1347
1231 1649
1231 1659
1231 1689
1232 1447
1232 1575
1232 1651
1232 1663
1232 1724
1233 1678
1233 1742
1234 1491
1234 1689
1234 1812
1234 1879
1235 1524
1235 1903
1235 1961
1236 1386
1236 1441
1236 1635
1236 1823
1237 1273
1237 1363
1237 1895
1238 1420
1238 1769
1238 1943
1239 1412
1239 1767
1240 1454
1240 1472
1240 1807
1240 1991
1241 1401
1241 1405
1241 1697
1241 1698
1241 1925
1241 1987
1242 1317
1242 1413
1242 1419
1242 1487
1242 1564
1243 1289
1243 1357
1243 1358
1243 1454
1243 1561
1243 1707
1243 1933
1244 1690
1244 1796
1245 1404
1245 1419
1245 1448
1245 1474
1245 1642
1245 1814
1246 1361
1247 1646
1248 1297
1248 1566
1248 1989
1248 1999
1249 1333
1249 1417
1249 1580
1250 1928
1250 1991
1251 1331
1251 1721
1252 1371
1252 1665
1254 1344
1254 1796
1255 1923
1256 1300
1256 1458
1256 1590
1257 1911
1257 1981
1258 1338
1258 1458
1258 1987
1259 1612
1259 1837
1259 1919
1259 1924
1261 1438
1261 1855
1262 1374
1262 1393
1262 1561
1262 1926
1263 1335
1263 1536
1263 1607
1263 1682
1264 1304
1265 1440
1265 1442
1265 1821
1265 1933
1266 1371
1266 1475
1266 1808
1266 1965
1268 1302
1268 1553
1269 1297
1269 1515
1270 1304
1270 1380
1270 1492
1270 1841
1270 1917
1271 1571
1271 1586
1271 1879
1271 1978
1272 1392
1272 1799
1272 1920
1273 1373
1273 1420
1273 1726
1274 1512
1274 1725
1274 1743
1274 1808
1274 1876
1275 1472
1275 1591
1275 1917
1276 1334
1276 1799
1276 1851
1276 1977
1277 1452
1277 1533
1277 1611
1278 1604
1279 1388
1279 1687
1281 1303
1281 1427
1281 1624
1281 1650
1281 1979
1281 2000
1282 1285
1282 1299
1282 1323
1282 1404
1282 1432
1282 1656
1282 1715
1282 1879
1283 1358
1283 1552
1283 1658
1283 1779
1284 1364
1284 1419
1284 1532
1284 1613
1284 1623
1284 1656
1284 1720
1285 1692
1285 1866
1286 1322
1286 1436
1286 1460
1286 1543
1286 1885
1287 1382
1287 1501
1287 1555
1287 1687
1288 1471
1288 1513
1288 1810
1288 1867
1289 1643
1290 1884
1291 1334
1291 1603
1292 1784
1293 1757
1294 1341
1294 1432
1295 1376
1295 1626
1295 1778
1295 1816
1295 1830
1295 1892
1296 1730
1296 1751
1297 1342
1297 1546
1297 1569
1298 1333
1298 1743
1299 1391
1299 1444
1300 1442
1300 1491
1300 1660
1301 1515
1301 1671
1301 1688
1301 1845
1302 1837
1302 1857
1303 1508
1303 1901
1304 1700
1305 1790
1306 1551
1306 1639
1306 1819
1307 1538
1307 1556
1307 1732
1308 1329
1308 1645
1308 1768
1309 1524
1309 1810
1310 1588
1310 1655
1310 1693
1310 1802
1311 1397
1311 1496
1311 1585
1312 1595
1313 1811
1314 1374
1315 1359
1315 1859
1315 1925
1316 1372
1316 1488
1316 1775
1316 1820
1316 1971
1317 1318
1317 1504
1317 1638
1317 1872
1318 1603
1318 1782
1318 1982
1319 1880
1319 1958
1320 1330
1320 1404
1320 1502
1320 1919
1321 1398
1321 1425
1321 1627
1322 1722
1322 1747
1323 1786
1323 1946
1324 1543
1324 1744
1324 1853
1324 1865
1324 1900
1325 1435
1325 1699
1325 1765
1325 1903
1326 1327
1326 1419
1326 1530
1327 1363
1327 1888
1328 1601
1329 1439
1329 1497
1329 1529
1329 1554
1332 1339
1332 1343
1332 1942
1333 1476
1333 1794
1333 1838
1333 1861
1334 1523
1334 1557
1335 1408
1335 1536
1335 1640
1335 1759
1335 1844
1336 1763
1336 1886
1337 1608
1337 1648
1338 1402
1338 1661
1338 1684
1338 1978
1339 1520
1339 1534
1339 1805
1340 1597
1340 1621
1340 1655
1340 1736
1340 1747
1340 1760
1341 1570
1341 1594
1341 1617
1341 1703
1341 1870
1341 1960
1342 1436
1342 1629
1343 1418
1343 1958
1344 1813
1344 1856
1346 1386
1346 1508
1346 1725
1346 1891
1347 1364
1347 1481
1348 1373
1348 1400
1348 1415
1348 1593
1348 1750
1348 1941
1349 1446
1349 1496
1350 1562
1350 1662
1350 1745
1350 1835
1350 1845
1351 1988
1352 1579
1352 1641
1353 1354
1353 1498
1353 1525
1353 1874
1353 1877
1354 1526
1355 1726
1355 1842
1356 1867
1356 1884
1357 1620
1358 1514
1358 1559
1358 1562
1358 1963
1359 1435
1360 1690
1360 1811
1361 1410
1361 1494
1361 1537
1361 1744
1362 1700
1363 1850
1364 1946
1365 1468
1366 1538
1366 1621
1366 1756
1366 1951
1366 2000
1367 1426
1367 1840
1367 1930
1368 1671
1368 1872
1368 1903
1368 1979
1369 1409
1369 1455
1369 1736
1369 1914
1370 1606
1370 1699
1370 1707
1370 1783
1371 1550
1371 1610
1371 1639
1372 1608
1372 1876
1372 1894
1373 1595
1373 1696
1373 1736
1374 1560
1375 1734
1375 1775
1375 1891
1376 1610
1376 1989
1377 1418
1377 1705
1377 1734
1377 1773
1378 1456
1379 1865
1379 1991
1380 1751
1380 1761
1380 1914
1381 1721
1382 1477
1382 1528
1382 1864
1383 1388
1383 1395
1383 1534
1383 1677
1384 1402
1384 1761
1384 1994
1385 1720
1387 1676
1387 1726
1387 1998
1388 1516
1388 1884
1388 1994
1391 1869
1391 1980
1392 1393
1392 1446
1392 1769
1392 1828
1392 1829
1393 1432
1393 1560
1393 1624
1393 1884
1394 1472
1395 1721
1395 1910
1396 1931
1397 1670
1397 1762
1397 1777
1397 1846
1397 1925
1397 1949
1398 1629
1398 1664
1398 1916
1399 1470
1399 1471
1399 1502
1399 1640
1399 1891
1399 1917
1399 1993
1400 1798
1400 1833
1400 1838
1400 1956
1401 1509
1401 1842
1401 1932
1402 1730
1402 1859
1403 1534
1404 1583
1404 1706
1404 1820
1405 1426
1405 1735
1406 1858
1408 1853
1408 1973
1408 1985
1409 1592
1409 1621
1409 1924
1409 1943
1409 1966
1410 1906
1411 1545
1411 1651
1411 1757
1411 1845
1412 1658
1412 1828
1413 1766
1415 1432
1415 1685
1416 1705
1416 1895
1416 1910
1417 1530
1417 1633
1417 1813
1418 1420
1418 1659
1418 1681
1418 1897
1418 1899
1419 1750
1419 1754
1419 1785
1420 1707
1422 1439
1422 1683
1422 1780
1422 1972
1423 1592
1423 1742
1424 1535
1424 1638
1424 1782
1424 1786
1424 1855
1424 1881
1424 1974
1425 1465
1425 1478
1425 1492
1425 1714
1426 1573
1426 1797
1426 1802
1427 1435
1428 1430
1428 1868
1428 1923
1429 1456
1430 1507
1431 1529
1431 1594
1431 1876
1433 1673
1433 1844
1434 1723
1434 1875
1435 1573
1435 1605
1435 1632
1435 1787
1436 1468
1436 1935
1437 1575
1437 1586
1437 1717
1438 1486
1438 1500
1438 1535
1438 1940
1439 1662
1440 1511
1440 1590
1440 1837
1440 1982
1441 1506
1441 1543
1442 1761
1442 1790
1443 1770
1443 1853
1444 1742
1445 1886
1445 1898
1446 1557
1446 1650
1446 1695
1446 1811
1446 1908
1446 1994
1447 1686
1447 1743
1447 1953
1448 1494
1448 1858
1449 1609
1450 1549
1450 1788
1450 1921
1450 1990
1451 1651
1451 1699
1451 1805
1453 1711
1454 1470
1454 1590
1455 1852
1456 1495
1456 1761
1457 1583
1458 1780
1459 1913
1460 1490
1460 1619
1462 1770
1463 1812
1463 1956
1464 1679
1466 1569
1466 1611
1466 1628
1466 1828
1468 1596
1468 1608
1468 1612
1468 1906
1469 1637
1469 1656
1469 1690
1469 1789
1469 1853
1469 1924
1470 1620
1470 1916
1471 1717
1471 1843
1472 1657
1472 1777
1472 1874
1473 1902
1474 1852
1475 1557
1475 1619
1475 1717
1475 1788
1475 1894
1476 1709
1476 1869
1477 1601
1477 1653
1477 1769
1477 1883
1478 1725
1479 1577
1479 1656
1479 1796
1480 1543
1480 1583
1480 1901
1481 1566
1481 1712
1481 1867
1481 1939
1482 1679
1482 1993
1484 1620
1484 1847
1485 1535
1485 1648
1485 1990
1486 1733
1487 1495
1488 1670
1488 1829
1489 1585
1489 1628
1490 1617
1491 1658
1491 1682
1492 1528
1492 1848
1492 1960
1493 1516
1493 1722
1494 1812
1494 1984
1495 1797
1495 1826
1495 1954
1495 1968
1496 1748
1496 1928
1497 1893
1499 1594
1499 1883
1500 1826
1501 1568
1501 1668
1502 1591
1502 1608
1502 1648
1502 1695
1503 1504
1503 1672
1503 1927
1504 1518
1504 1748
1505 1815
1505 1958
1506 1571
1506 1772
1506 1777
1506 1909
1507 1682
1507 1719
1507 1853
1507 1909
1509 1774
1509 1999
1510 1597
1510 1898
1511 1832
1511 1994
1512 1743
1512 1804
1513 1518
1513 1561
1513 1884
1514 1770
1515 1713
1516 1668
1516 1690
1516 1744
1516 1824
1517 1665
1518 1660
1518 1678
1518 1898
1518 1991
1519 1546
1519 1688
1520 1934
1520 1989
1521 1652
1521 1769
1521 1823
1521 1897
1522 1766
1522 1860
1523 1878
1524 1749
1524 1892
1526 1695
1526 1724
1526 1761
1527 1626
1527 1771
1527 1857
1527 1925
1529 1637
1529 1713
1530 1737
1530 1873
1530 1888
1531 1617
1532 1771
1532 1896
1533 1699
1534 1581
1534 1676
1534 1691
1534 1996
1535 1687
1535 1728
1535 1976
1536 1939
1539 1732
1539 1884
1540 1641
1540 1652
1540 1787
1541 1882
1541 1909
1542 1552
1544 1805
1544 1902
1545 1709
1546 1639
1546 1793
1546 1802
1547 1726
1547 1798
1551 1659
1551 1983
1552 1790
1552 1848
1552 1861
1552 1914
1552 1958
1553 1608
1553 1692
1553 1731
1553 1783
1553 1909
1554 1558
1556 1627
1556 1909
1556 1921
1557 1589
1557 1642
1557 1778
1558 1682
1558 1870
1558 1971
1559 1685
1560 1726
1560 1830
1561 1605
1561 1977
1562 1575
1562 1715
1562 1946
1562 1993
1563 1891
1563 1963
1564 1598
1564 1818
1564 1890
1564 1933
1565 1766
1565 1784
1566 1902
1567 1616
1567 1967
1568 1697
1568 1816
1568 1827
1569 1821
1569 1953
1570 1670
1570 1919
1570 1924
1572 1628
1572 1787
1572 1976
1573 1590
1573 1789
1573 1902
1574 1925
1575 1731
1576 1652
1576 1655
1576 1752
1576 1974
1577 1737
1578 1677
1578 1809
1579 1758
1579 1799
1579 1821
1579 1955
1580 1581
1580 1677
1580 1851
1581 1700
1581 1967
1582 1882
1583 1676
1583 1766
1583 1906
1583 1994
1585 1747
1585 1778
1586 1709
1587 1619
1587 1811
1587 1883
1588 1591
1588 1610
1589 1641
1589 1860
1590 1607
1590 1698
1590 1717
1591 1788
1591 1913
1592 1663
1592 1675
1593 1737
1593 1740
1594 1607
1594 1903
1594 1958
1595 1742
1597 1855
1598 1927
1599 1840
1601 1750
1601 1899
1601 1941
1601 1998
1602 1826
1603 1706
1603 1757
1603 1840
1603 1852
1603 1888
1604 1836
1605 1619
1605 1656
1605 1659
1605 1755
1605 1863
1606 1687
1606 1756
1606 1777
1606 1849
1607 1650
1608 1829
1610 1731
1610 1859
1611 1663
1611 1715
1611 1830
1611 1973
1612 1834
1612 1994
1613 1891
1613 1992
1613 1994
1614 1811
1614 1852
1615 1701
1615 1792
1615 1829
1615 1861
1615 1873
1615 1968
1616 1691
1616 1937
1617 1721
1617 1766
1618 1771
1618 1895
1619 1638
1621 1957
1622 1681
1623 1928
1623 1964
1625 1880
1625 1960
1626 1663
1626 1692
1626 1860
1627 1758
1627 1986
1628 1886
1628 1967
1628 1996
1629 1636
1629 1972
1630 1954
1630 2000
1631 1636
1631 1837
1632 1660
1632 1719
1632 1815
1633 1713
1633 1767
1633 1772
1634 1641
1634 1961
1635 1743
1637 1689
1638 1862
1639 1666
1639 1875
1642 1886
1642 1948
1643 1667
1645 1814
1646 1716
1646 1858
1648 1998
1649 1779
1650 1834
1650 1996
1652 1697
1652 1816
1652 1975
1653 1720
1653 1752
1653 1770
1653 1876
1653 1949
1654 1759
1654 1798
1654 1978
1655 1680
1655 1978
1656 1942
1656 1957
1657 1672
1657 1792
1657 1851
1658 1912
1659 1938
1659 1943
1660 1792
1660 1942
1661 1788
1662 1702
1663 1676
1664 1752
1665 1817
1665 1984
1665 1994
1665 1996
1666 1869
1666 1982
1667 1889
1667 1992
1668 1862
1670 1762
1671 1817
1671 1938
1672 1973
1674 1770
1674 1886
1675 1842
1675 1975
1676 1727
1677 1766
1677 1893
1679 1737
1679 1881
1680 1887
1680 1956
1681 1913
1682 1741
1682 1890
1683 1965
1683 1971
1684 1795
1684 1832
1685 1993
1687 1726
1688 1734
1688 1866
1688 1948
1692 1736
1692 1781
1694 1728
1694 1852
1694 1872
1695 1795
1696 1760
1696 1800
1696 1837
1696 1838
1696 1887
1697 1713
1697 1746
1697 1765
1698 1947
1698 2000
1699 1961
1700 1823
1702 1763
1702 1788
1702 1941
1704 1975
1706 1874
1707 1896
1707 1944
1708 1807
1710 1781
1711 1771
1711 1834
1712 1939
1714 1834
1717 1963
1720 1883
1721 1839
1722 1723
1723 1842
1725 1786
1726 1968
1727 1974
1728 1905
1729 1863
1729 1942
1729 1965
1729 1978
1730 1755
1730 1909
1731 1923
1734 1893
1735 1897
1736 1762
1741 1887
1742 1955
1743 1770
1744 1837
1745 1987
1747 1805
1749 1885
1751 1900
1752 1955
1753 1771
1753 1943
1753 1976
1754 1847
1755 1941
1755 1995
1757 1773
1757 1872
1757 1924
1757 1969
1758 1860
1759 1911
1760 1857
1762 1782
1762 1874
1763 1879
1765 1799
1765 1881
1767 1789
1768 1837
1768 1856
1768 1873
1770 1807
1770 1830
1770 1935
1771 1772
1771 1815
1771 1890
1772 1839
1772 1859
1775 1817
1778 1963
1779 1817
1780 1938
1786 1838
1787 1830
1787 1957
1788 1889
1791 1991
1792 1800
1793 1808
1795 1863
1795 1993
1796 1945
1797 1798
1798 1912
1798 1920
1798 1990
1799 1887
1800 1935
1800 1966
1801 1822
1802 1954
1803 1812
1803 1852
1803 1893
1804 1951
1804 1976
1805 1844
1806 1870
1807 1902
1807 1932
1807 1946
1808 1873
1808 1923
1810 1844
1810 1859
1811 1831
1811 1843
1814 1903
1815 1873
1815 1888
1815 1907
1816 1944
1818 1865
1820 1881
1820 1896
1820 1963
1822 1901
1823 1890
1824 1998
1828 1989
1830 1926
1831 1906
1831 1911
1832 1849
1832 1911
1833 1834
1834 1844
1834 1952
1839 1848
1839 1980
1840 1993
1841 1941
1844 1863
1844 1924
1849 1900
1850 1966
1851 1953
1854 1885
1860 1996
1863 1900
1863 1917
1870 1907
1870 1944
1873 2000
1880 1965
1880 1985
1881 1908
1882 1949
1882 1967
1883 1907
1890 1943
1893 1935
1903 1996
1905 1985
1907 1985
1914 1971
1916 1922
1917 2000
1918 1925
1920 1987
1921 1950
1921 1962
1930 1980
1930 1983
1937 1992
1939 1964
1942 1977
1949 1965
1966 1971
1973 1996
1986 1997
