2000
1 373
1 1370
1 1930
2 180
2 601
2 663
2 1478
3 188
3 523
3 1095
3 1203
3 1507
4 149
4 429
4 515
4 1333
4 1734
5 1396
5 1462
6 1088
6 1194
6 1454
6 1683
7 1178
7 1197
7 1215
7 1442
8 640
8 744
8 1294
8 1830
9 501
9 557
9 567
9 726
9 930
9 1127
9 1519
9 1593
10 291
10 412
10 1171
10 1432
11 130
11 761
11 1674
11 1934
12 141
12 539
12 764
12 911
12 1035
12 1397
13 39
13 235
13 349
13 502
13 538
13 1113
13 1872
14 1003
14 1127
14 1383
15 410
15 430
15 604
15 1460
15 1641
15 1750
16 249
16 577
16 788
16 808
16 966
16 1424
16 1648
16 1650
16 1920
17 51
17 348
17 533
17 628
17 1531
17 1692
17 1885
18 404
18 461
18 848
18 1145
19 214
19 598
19 1444
19 1459
19 1512
19 1772
19 1897
19 1919
19 1979
20 573
20 1344
21 596
21 693
21 1700
22 138
22 590
22 1090
22 1099
22 1212
22 1284
22 1537
22 1850
22 1851
23 1618
23 1723
23 1889
23 1923
24 545
24 988
24 1081
24 1112
24 1248
24 1273
24 1911
25 423
25 542
25 787
25 884
25 1069
25 1121
25 1648
25 1825
26 208
26 304
26 404
26 799
26 802
26 1636
26 1658
26 1903
27 157
27 497
27 844
27 1048
27 1101
27 1192
27 1301
27 1314
28 84
28 504
29 223
29 1861
30 444
30 1102
30 1832
31 416
31 1207
31 1456
32 806
32 1862
33 128
33 454
33 470
33 494
33 528
33 817
33 1045
33 1606
34 229
34 754
34 891
34 1043
34 1239
35 560
35 1349
35 1383
36 160
36 407
36 1008
36 1817
37 70
37 206
37 371
37 1175
37 1685
38 188
38 214
38 1266
39 422
39 612
39 693
39 1064
39 1915
40 369
40 499
40 577
40 753
41 122
41 245
41 1479
41 1784
41 1878
42 76
42 319
42 987
42 998
42 1387
42 1465
42 1483
42 1689
42 1816
43 825
43 1168
43 1826
44 198
44 442
44 995
44 1372
44 1381
44 1505
44 1704
44 1779
45 308
45 760
46 1170
46 1533
46 1993
47 239
47 450
47 937
47 1638
48 291
48 447
48 932
48 1608
49 271
49 283
49 639
49 718
49 722
49 1316
49 1442
49 1627
49 1898
50 107
50 268
50 672
51 926
51 1710
52 103
52 649
52 1130
52 1386
52 1611
52 1815
52 1885
52 1996
53 141
53 339
53 750
53 806
53 1368
53 1578
53 1896
54 1711
55 170
55 1217
55 1290
56 542
56 1181
56 1242
57 568
57 837
57 1525
57 1613
58 136
59 205
59 322
59 531
59 868
59 1025
59 1624
59 1974
60 202
60 245
60 320
60 586
60 1008
60 1275
60 1456
60 1638
61 507
61 554
61 717
61 910
61 1614
62 1438
62 1515
63 322
63 610
63 779
63 1177
63 1196
63 1929
64 1022
65 259
65 1106
65 1271
65 1543
65 1804
66 884
66 1713
66 1939
67 684
67 1055
67 1392
68 372
68 532
68 699
68 924
68 1245
68 1590
69 644
69 1302
69 1359
69 1795
70 917
70 1154
70 1901
70 1959
71 130
71 594
71 809
71 1572
71 1741
71 1898
71 1910
72 126
72 243
72 294
72 460
72 631
72 1087
72 1386
72 1398
72 1825
72 1921
72 1987
73 418
73 494
73 503
73 687
73 876
73 1317
73 1611
74 367
74 423
74 606
75 473
75 571
75 618
75 1039
75 1723
75 1942
76 152
76 822
76 1721
77 304
77 774
77 1533
78 400
78 1544
78 1648
78 1734
79 202
79 523
79 1551
80 112
80 338
80 446
80 1260
80 1377
80 1483
81 1089
81 1100
81 1439
81 1476
82 133
82 899
82 982
82 1622
82 1739
82 1889
83 407
83 470
83 690
83 695
83 1039
83 1359
83 1405
83 1697
84 611
84 614
84 889
84 1142
84 1153
84 1157
84 1831
85 289
85 1632
86 165
86 308
86 361
86 1341
86 1409
86 1441
86 1854
86 1870
87 381
87 482
87 1741
88 1333
88 1379
89 98
89 607
89 684
89 1447
89 1548
89 1739
90 203
90 275
90 731
90 924
90 1466
90 1982
91 603
91 892
91 902
91 1337
91 1581
91 1965
92 396
92 490
92 611
92 631
92 758
92 804
92 1205
92 1283
92 1494
92 1604
92 1832
93 241
93 676
93 1403
93 1624
94 378
95 171
95 580
95 894
95 1415
96 663
96 930
96 1242
97 806
97 1174
97 1340
97 1509
98 1054
98 1282
98 1387
98 1807
99 238
99 473
99 479
99 911
99 1232
99 1291
99 1655
99 1847
99 1916
100 285
100 347
100 612
100 633
100 1021
100 1182
100 1330
101 1139
102 365
102 1235
103 607
103 801
103 1054
103 1076
103 1092
103 1150
104 314
104 1019
104 1120
105 142
105 260
105 533
105 693
105 715
105 1430
106 574
106 1298
106 1841
107 320
107 825
107 1370
107 1479
108 710
108 1181
108 1218
108 1224
108 1378
108 1436
109 468
109 1050
110 381
110 441
110 644
110 1333
111 138
111 759
111 952
112 270
112 610
112 1390
112 1462
112 1529
112 1547
113 293
113 765
113 908
113 1049
113 1121
113 1641
114 377
114 1103
114 1951
115 1207
115 1394
115 1995
116 329
116 887
116 1014
116 1508
117 134
117 1742
117 1958
118 327
118 429
118 1527
118 1928
119 686
119 819
119 1106
119 1665
119 1899
119 1902
119 1967
120 584
120 1078
120 1726
121 274
121 405
121 1357
121 1373
121 1642
121 1838
122 1597
122 1936
122 1987
123 167
123 401
123 995
123 1054
123 1795
123 1891
124 922
124 994
124 1292
124 1476
124 1850
125 248
125 427
126 168
126 813
126 840
126 1480
126 1576
127 944
127 1189
127 1352
127 1482
128 850
128 1150
128 1448
128 1639
128 1796
129 469
129 874
129 952
129 1051
129 1926
130 500
130 1707
131 362
131 735
132 286
132 990
132 1077
132 1349
132 1748
132 1941
132 1983
133 497
133 504
133 959
133 1441
133 1566
133 1924
134 444
134 703
135 226
135 612
135 627
135 680
135 907
135 1113
135 1189
136 527
136 1423
136 1445
136 1499
136 1648
137 215
137 398
138 822
138 1643
138 1647
139 297
139 382
139 770
139 1227
139 1746
139 1810
140 512
140 724
140 797
140 1968
141 179
141 424
141 829
141 858
141 1024
142 603
142 639
142 738
142 1391
142 1904
143 409
143 642
143 957
143 967
144 251
144 1209
144 1287
144 1288
144 1664
145 674
145 675
145 678
145 1248
145 1393
145 1601
146 1969
146 1978
147 177
147 893
147 1210
147 1582
148 221
148 311
148 994
148 1000
148 1617
148 1834
149 285
149 315
149 616
149 683
149 2000
150 278
150 1082
150 1232
150 1766
151 573
151 635
151 903
151 1274
151 1438
151 1502
151 1605
152 503
152 1506
153 254
153 295
153 1030
153 1746
153 1993
154 823
154 987
154 1914
155 226
155 489
155 1137
155 1244
155 1651
155 1865
155 1893
156 480
156 942
156 1034
156 1559
156 1755
156 1791
157 408
157 528
157 759
157 839
157 1507
157 1796
158 389
158 393
158 428
158 658
158 1620
158 1770
159 971
159 976
159 1121
159 1123
159 1174
159 1276
159 1565
159 1816
160 344
160 373
160 542
160 1452
160 1507
160 1607
160 1942
161 354
161 673
161 777
162 268
162 403
162 928
162 1841
163 421
163 542
163 626
163 704
163 923
163 1682
163 1714
163 1984
164 374
164 669
164 693
164 1112
164 1385
164 1477
164 1733
165 905
165 908
165 1110
165 1136
165 1345
165 1598
167 409
167 859
167 1121
167 1267
167 1777
167 1822
167 1841
168 650
168 668
168 1067
168 1540
168 1814
169 388
169 401
169 576
169 1419
169 1856
170 511
170 809
170 1552
171 308
171 372
171 572
171 1252
171 1626
172 371
172 617
172 689
172 913
172 1448
172 1471
172 1879
173 243
173 274
173 994
173 1016
173 1412
173 1875
174 335
174 734
174 1164
175 765
175 959
175 1071
175 1087
175 1710
176 634
176 835
176 1415
176 1625
176 1691
176 1861
177 698
177 1447
177 1542
178 312
178 816
178 1684
179 300
179 361
179 548
179 697
179 799
179 1358
179 1890
180 430
180 825
180 1269
180 1308
181 211
181 589
181 1542
182 663
182 800
182 891
182 1231
182 1364
182 1498
182 1572
183 497
183 669
183 1257
183 1270
183 1332
183 1405
183 1972
184 386
184 709
184 1115
184 1216
184 1384
185 370
185 1824
186 278
186 663
186 716
186 776
186 1298
186 1407
186 1439
187 193
187 1335
187 1410
187 1539
187 1969
188 437
188 548
189 279
189 1257
189 1435
189 1588
189 1595
189 1680
189 1688
189 1720
189 1973
190 775
190 897
190 1244
190 1361
190 1505
191 230
191 547
191 1096
191 1112
191 1134
191 1770
192 613
193 540
193 706
193 1806
194 406
194 540
194 600
194 1069
195 303
195 341
195 558
195 666
195 1334
195 1675
196 1199
196 1604
196 1839
196 1919
197 1514
198 481
198 490
198 671
198 713
198 833
198 1463
199 729
199 751
199 779
199 1252
199 1525
199 1824
200 397
200 444
200 650
200 656
202 803
202 883
203 764
203 965
203 1041
203 1326
203 1452
203 1824
204 1124
204 1620
204 1648
204 1708
205 888
205 1595
206 758
206 1419
206 1497
207 335
207 734
207 1243
207 1867
208 373
208 601
208 834
208 872
208 1116
208 1476
208 1755
209 592
209 841
209 1778
209 1816
209 1956
209 1993
210 392
210 615
210 731
211 713
211 826
211 1002
211 1259
211 1320
211 1542
212 1261
212 1523
213 215
213 280
214 1103
214 1414
215 510
215 933
215 1163
216 809
216 873
216 1076
216 1768
216 1967
217 502
217 658
218 1088
218 1235
218 1749
219 305
219 1218
219 1571
219 1604
220 540
220 601
220 1065
220 1634
220 1876
221 1216
221 1223
221 1650
222 466
222 1086
222 1839
222 1938
223 352
223 533
223 536
223 615
223 626
223 720
223 850
223 1126
223 1677
224 307
224 1621
225 243
225 881
225 1164
226 242
226 315
226 349
226 1007
226 1586
226 1674
227 378
227 583
227 773
227 921
227 1322
227 1559
228 832
228 1035
228 1694
228 1940
229 635
229 1016
229 1215
229 1570
230 527
230 647
230 756
231 444
231 793
232 375
232 411
232 1276
233 290
233 450
233 913
233 1227
233 1569
234 279
234 491
234 889
234 1112
234 1236
234 1474
235 589
235 620
235 1350
235 1390
235 1910
236 383
236 1476
236 1934
237 320
237 1953
238 565
238 699
238 817
238 1468
238 1955
239 436
239 741
239 857
239 1083
239 1610
240 609
240 670
240 1070
240 1203
240 1840
240 1936
241 309
241 1155
241 1798
241 1886
242 490
242 804
242 1106
242 1339
242 1614
242 1631
243 652
243 710
243 1211
243 1278
243 1392
243 1713
244 454
244 1177
244 1391
244 1399
244 1446
244 1823
245 344
245 1188
245 1776
246 953
246 1265
246 1284
246 1323
246 1517
246 1909
247 419
247 1299
247 1335
247 1340
247 1997
248 304
248 406
248 638
248 1069
248 1131
248 1525
249 773
249 1066
249 1156
249 1192
249 1217
249 1426
249 1610
250 1280
250 1344
250 1455
250 1545
250 1785
250 1885
251 336
251 582
251 628
251 872
251 1519
251 1965
252 1120
252 1633
253 300
253 329
253 359
253 636
253 1864
254 262
254 624
254 1341
254 1448
254 1568
254 1849
255 427
255 445
255 612
255 744
255 1020
255 1026
255 1518
256 781
256 1728
256 1741
256 1826
256 1874
256 1920
257 374
257 719
257 727
257 1152
257 1674
258 377
258 1896
258 1999
259 1481
260 546
260 708
260 938
260 1014
260 1596
261 904
261 1253
261 1755
261 1907
262 1812
262 1913
262 1998
263 644
263 993
263 1739
263 1911
264 460
264 702
264 1214
264 1711
265 982
266 413
266 979
266 1244
266 1582
267 584
267 788
267 1021
267 1233
267 1439
267 1749
268 634
268 1164
268 1215
268 1332
268 1634
268 1943
268 1959
269 462
269 927
269 966
269 1261
269 1501
269 1903
270 405
270 592
270 702
270 711
270 1345
270 1406
270 1981
271 831
271 1602
272 598
272 1227
272 1268
272 1988
273 340
273 437
273 879
273 1608
274 291
274 627
274 994
274 1050
274 1419
274 1720
274 1963
275 622
275 691
275 1588
275 1793
275 1811
275 1849
276 823
277 727
277 879
277 1105
277 1266
277 1493
277 1803
278 546
278 1082
278 1375
278 1648
279 304
279 598
279 1233
280 476
280 1084
280 1092
280 1682
280 1968
281 564
281 684
281 841
281 1482
281 1548
281 1635
282 412
282 815
282 991
282 1396
282 1746
282 1770
283 565
283 584
283 800
283 958
283 1786
284 949
284 1035
284 1661
285 499
285 1458
285 1727
286 1025
286 1502
287 295
287 940
287 1135
287 1632
288 517
288 563
288 625
288 702
288 824
288 1204
288 1284
288 1351
289 924
289 1319
289 1436
289 1451
289 1684
289 1748
290 685
290 1157
290 1481
290 1533
290 1724
291 576
291 667
291 1128
291 1703
292 921
292 994
292 1110
292 1602
292 1802
293 933
293 972
293 1406
293 1696
294 537
294 566
294 829
294 837
294 1024
294 1201
294 1530
294 1913
295 452
295 1709
296 337
296 493
296 614
296 778
296 960
296 1003
296 1118
296 1308
296 1333
296 1974
297 1778
298 419
298 524
298 1722
298 1753
299 321
299 340
299 383
299 756
299 938
299 1555
299 1580
299 1827
299 1838
300 1006
300 1350
300 1687
301 1037
301 1042
301 1251
301 1409
302 323
302 1290
302 1948
302 1974
302 1993
303 1100
303 1168
303 1190
303 1493
303 1580
304 592
305 900
305 1216
305 1636
307 334
307 806
308 1209
309 357
309 731
309 1312
309 1663
310 549
310 676
310 687
310 920
310 955
310 968
310 1292
310 1669
310 1813
310 1973
311 831
311 1452
311 1564
312 1007
312 1106
312 1142
312 1247
313 1033
313 1446
314 426
314 454
314 456
314 1817
314 1956
315 636
315 890
315 1245
315 1486
315 1640
315 1819
315 1980
316 721
316 912
316 1349
316 1391
317 318
317 319
317 1814
318 715
318 975
318 1652
318 1916
319 793
319 1550
320 461
320 947
320 1047
321 379
321 475
321 510
322 1206
322 1662
323 439
323 535
323 783
324 870
324 1213
324 1492
324 1698
324 1723
325 388
325 441
325 465
325 559
325 737
325 1354
325 1823
326 358
326 403
326 676
326 1285
326 1589
327 336
327 537
327 728
327 1872
327 1968
328 1621
329 754
329 981
329 1556
329 1750
330 746
330 922
330 1104
330 1461
330 1487
330 1594
331 348
331 369
331 427
331 964
331 1565
331 1795
332 748
332 1500
332 1763
333 719
333 865
333 1551
333 1613
334 665
334 672
335 936
335 1237
335 1574
335 1591
336 1147
336 1837
337 1650
337 1880
337 1956
338 1020
338 1201
338 1250
338 1531
339 430
339 698
339 702
339 1281
339 1342
339 1539
339 1838
340 579
340 803
340 915
340 1192
341 831
341 976
341 1963
342 553
342 1096
342 1269
343 417
343 427
343 667
343 683
343 1468
343 1795
344 387
344 486
344 687
344 720
344 1620
344 1765
344 1968
345 1150
346 585
346 745
347 1296
347 1441
348 489
348 787
348 987
348 997
348 1216
348 1683
348 1762
348 1947
349 612
349 726
349 987
349 1291
349 1764
349 1818
350 491
350 790
350 1399
350 1576
351 478
351 1715
351 1765
352 968
352 1142
352 1381
352 1888
353 674
353 675
353 963
353 1800
353 1823
353 1973
354 563
354 564
354 844
354 1660
354 1874
355 1600
357 1500
357 1600
357 1639
358 707
358 733
358 1072
358 1630
358 1906
359 664
359 931
359 986
359 1081
359 1268
359 1399
360 631
360 801
360 840
360 1818
360 1895
361 536
361 918
361 1000
361 1018
361 1661
362 434
362 682
362 1694
362 1926
362 1963
363 549
363 650
363 1470
363 1496
363 1968
364 432
364 666
364 1036
364 1120
364 1143
364 1144
364 1188
364 1357
364 1388
364 1612
364 1705
365 520
365 674
365 815
365 1006
365 1087
365 1288
365 1289
365 1475
365 1664
366 729
366 970
366 1353
366 1953
367 368
367 405
367 478
367 501
367 578
367 1545
367 1724
367 1914
367 1987
368 1121
368 1287
368 1591
368 1946
369 448
369 724
369 730
369 958
369 1885
370 838
370 1005
371 373
371 690
371 739
371 1676
371 1720
372 672
372 948
372 949
372 1069
372 1679
372 1892
372 1902
373 584
373 851
373 1358
373 1381
373 1410
373 1441
373 1829
374 472
374 578
374 593
374 1335
375 963
375 1733
376 439
376 806
376 923
376 964
376 1274
376 1972
376 1996
377 1248
377 1261
377 1726
378 764
378 783
378 1186
378 1903
379 806
379 1274
379 1598
380 623
380 694
380 906
380 1067
380 1733
381 507
381 1288
382 712
382 741
382 1099
382 1439
382 1649
383 537
383 994
383 1218
383 1418
383 1489
383 1974
384 460
384 945
384 1601
384 1764
384 1810
385 670
385 1833
386 556
386 1056
386 1856
387 582
387 715
387 1293
387 1991
388 411
388 849
388 1254
388 1669
388 1741
389 1275
389 1906
389 1931
390 1535
390 1890
391 1069
392 837
392 1526
392 1694
392 1803
393 723
393 770
393 1142
393 1246
394 980
394 1234
395 1105
395 1807
395 1828
396 671
396 684
396 799
396 805
396 857
396 1148
397 1949
398 848
398 1244
398 1247
398 1403
398 1545
399 454
399 768
399 1689
400 711
401 585
401 675
401 984
402 487
402 1104
403 1110
403 1500
404 1121
404 1233
404 1416
404 1742
404 1844
404 1931
404 1951
405 1151
405 1443
406 783
406 1227
406 1586
407 562
407 1286
407 1718
407 1784
408 432
408 701
408 1103
409 894
409 1214
409 1301
409 1933
410 693
410 985
410 1082
410 1646
410 1737
411 1532
412 900
412 957
412 1575
413 718
413 1459
413 1531
413 1839
413 1912
413 1997
414 633
414 788
414 1694
414 1931
415 439
415 455
415 787
415 1428
415 1528
415 1871
415 1960
416 532
416 558
416 1317
416 1795
416 1893
416 1908
416 1972
417 875
417 1694
418 629
418 737
418 849
418 1139
418 1876
419 496
419 993
419 1375
419 1651
420 479
420 576
420 1216
420 1754
422 460
422 508
422 1032
422 1160
422 1302
422 1454
423 1003
423 1303
423 1952
424 786
424 1548
424 1883
424 1940
425 745
425 820
425 1004
425 1534
425 1543
425 1761
425 1913
426 1395
426 1491
426 1553
426 1642
426 1831
427 811
427 1133
428 561
428 662
428 744
428 868
428 1143
430 648
430 1738
430 1924
431 1613
431 1921
432 641
432 1112
432 1591
432 1849
433 844
433 874
433 905
433 960
433 1320
433 1453
433 1521
433 1538
434 534
434 599
434 755
434 1668
435 518
435 520
435 1222
435 1322
436 542
436 776
436 1004
436 1065
436 1145
436 1168
436 1673
437 635
437 1028
437 1249
438 1014
438 1286
438 1765
439 721
439 999
440 654
440 1168
441 1894
441 1960
442 623
442 1376
442 1550
442 1646
443 768
443 975
443 1093
444 532
444 684
444 1002
444 1426
445 663
445 768
445 1051
445 1721
446 593
446 805
446 1104
446 1440
446 1969
447 542
447 1976
448 1587
448 1596
448 1605
448 1628
448 1723
449 520
449 608
449 1434
450 554
450 1570
450 1823
450 1931
450 1955
451 577
451 1016
451 1725
452 493
452 966
452 1078
452 1794
453 673
453 1447
453 1830
454 789
454 817
454 853
455 1343
456 812
456 883
457 768
457 801
457 1035
458 555
458 880
458 1206
459 513
459 741
459 843
459 1170
459 1645
459 1775
461 483
461 667
461 669
461 1722
462 541
462 1074
462 1582
462 1690
463 476
463 914
463 1582
464 1430
464 1924
465 1233
465 1310
465 1329
465 1770
466 731
466 1049
466 1069
466 1383
466 1932
467 607
467 1406
467 1470
467 1975
468 1117
468 1154
468 1266
468 1557
469 544
469 823
469 841
469 1731
469 1742
469 1911
470 593
470 1193
470 1260
470 1492
471 596
471 1802
471 1915
472 564
472 626
472 1628
472 1697
473 1162
473 1367
473 1560
473 1646
473 1807
474 579
474 899
474 1131
474 1311
475 1355
476 925
476 1637
476 1688
476 1847
477 707
477 938
478 854
478 1388
478 1758
478 1764
479 1120
479 1713
480 668
480 748
480 1554
481 1069
481 1486
482 1719
483 487
483 1058
483 1215
485 930
485 1063
485 1428
485 1586
486 735
486 776
486 939
486 968
486 1180
486 1475
486 1661
486 1700
487 628
487 1779
487 1809
488 1209
488 1560
488 1730
489 548
489 920
489 1216
489 1659
490 1440
491 742
491 1237
492 591
492 654
492 1365
492 1930
493 1119
493 1209
493 1500
493 1748
493 1798
493 1945
494 826
494 1274
495 967
495 1357
496 975
496 978
496 1217
496 1642
497 519
497 968
497 1345
498 542
498 904
498 935
498 1069
498 1179
498 1247
498 1424
499 1096
500 737
500 755
500 1029
500 1266
500 1688
500 1807
501 1000
502 1413
502 1669
503 567
503 701
504 1113
504 1204
505 986
505 1249
505 1400
505 1517
505 1852
505 1936
506 551
506 602
506 837
506 941
506 1479
507 1205
508 924
508 1621
508 1634
508 1963
509 1437
509 1646
509 1700
509 1809
510 1539
511 1011
511 1057
511 1085
511 1167
511 1229
511 1403
512 669
512 1529
512 1720
512 1801
513 920
513 1386
513 1684
514 683
514 712
514 1512
514 1611
515 532
515 1514
515 1550
515 1607
517 1143
517 1621
518 899
518 904
518 1058
518 1370
518 1550
519 1549
520 910
520 1039
520 1072
520 1289
520 1313
521 910
522 1391
522 1498
522 1866
523 784
523 949
523 1077
524 810
524 1135
524 1656
524 1947
524 1989
525 1079
525 1494
525 1584
526 900
526 1619
527 918
527 996
527 1063
527 1754
528 544
528 804
528 826
528 1145
528 1222
528 1334
528 1843
528 1960
529 945
529 1615
529 1970
530 556
530 1629
530 1813
531 784
532 826
532 1722
532 1896
532 1956
533 850
533 1067
533 1217
533 1404
533 1793
533 1860
534 695
534 940
534 1840
535 885
536 912
536 1358
537 1116
537 1707
538 1002
538 1606
538 1661
538 1724
539 902
539 1381
539 1763
539 2000
540 583
540 1279
541 676
541 1372
541 1997
542 1110
542 1849
543 874
543 1057
543 1333
543 1700
543 1836
543 1935
544 731
544 1759
544 1802
544 1911
544 1961
545 970
546 630
546 672
546 751
546 1544
546 1557
547 731
547 1665
547 1985
548 646
548 647
548 1007
548 1230
548 1762
548 1796
549 626
549 647
549 990
549 1025
549 1451
550 1122
550 1516
551 716
551 1763
552 836
552 1946
553 770
553 1092
553 1934
554 863
554 913
554 1368
554 1489
555 618
555 1346
555 1373
556 617
556 1330
556 1536
557 565
557 1142
557 1195
557 1634
558 1086
558 1322
558 1569
558 1894
559 1088
559 1282
559 1409
559 1522
559 1774
560 1414
560 1529
560 1735
561 1378
561 1827
562 656
562 1258
562 1624
562 1815
563 1056
563 1080
563 1117
563 1343
563 1505
563 1891
564 801
564 917
564 1460
564 1635
564 1687
564 1781
566 642
566 883
567 686
567 1279
567 1597
567 1916
568 671
568 1490
569 1003
570 593
570 1558
570 1613
570 1780
570 1976
571 1227
571 1974
572 990
572 1559
572 1819
573 722
573 1568
574 786
574 839
574 1904
575 1324
576 896
576 1789
576 1873
576 1915
576 1929
576 1941
578 1300
579 681
579 1270
579 1278
580 1116
580 1818
581 589
581 1781
582 730
582 776
582 1289
582 1561
582 1897
583 810
583 1458
583 1777
584 709
584 1161
584 1668
584 1864
584 1953
585 1266
585 1290
585 1993
586 697
586 772
586 1478
586 1933
587 1066
587 1294
587 1453
587 1883
588 953
588 1356
588 1881
589 1421
589 1745
591 1121
591 1157
591 1323
591 1826
592 882
593 944
593 1668
593 1924
594 754
594 839
594 1818
594 1858
595 1551
596 867
596 1580
596 1940
596 1976
597 646
597 1317
597 1720
597 1829
598 785
598 917
598 1078
598 1151
598 1314
598 1507
598 1734
599 788
599 1210
599 1260
599 1325
599 1729
599 1993
600 982
600 1418
600 1470
600 1499
601 718
601 946
601 1563
602 831
602 940
603 648
603 776
603 943
603 1366
603 1425
603 1540
604 959
604 1249
604 1648
604 1759
604 1908
605 1054
605 1692
606 847
606 1219
606 1274
606 1534
606 1588
606 1596
607 798
607 912
607 1321
607 1337
607 1683
607 1847
607 1858
608 697
608 1558
608 1737
608 1832
609 765
609 899
609 1034
609 1105
610 896
610 982
610 1026
610 1370
610 1624
611 782
611 1165
611 1371
611 1898
612 1350
613 913
613 1044
614 890
614 1303
614 1458
614 1677
615 806
615 873
615 1200
615 1389
615 1789
616 924
616 1046
616 1088
616 1203
616 1950
617 730
617 778
617 1141
618 1483
619 1416
619 1506
620 1373
621 1162
621 1568
622 669
622 887
622 1385
622 1636
622 1721
622 1754
623 972
623 1037
623 1415
623 1591
624 659
624 737
624 1004
624 1160
624 1697
625 1001
625 1611
625 1730
626 856
626 1386
626 1422
627 634
627 1049
627 1630
627 1851
628 831
628 1635
629 1569
629 1858
630 690
630 1715
630 1912
630 1948
631 726
631 965
631 1315
631 1381
631 1537
631 1706
631 1928
632 1935
633 1011
634 918
634 1794
635 989
635 1869
636 706
636 844
636 972
636 1079
636 1781
637 905
637 963
637 1063
637 1099
637 1153
637 1305
637 1676
638 965
638 992
638 1830
638 1844
638 1954
639 715
639 1203
639 1221
639 1321
639 1544
640 1196
640 1742
640 1859
640 1935
641 799
641 1406
641 1632
641 1801
641 1973
642 1454
642 1524
643 671
643 1719
644 798
644 1560
645 677
645 1091
645 1146
645 1319
645 1570
647 812
647 1120
647 1308
647 1564
648 682
648 789
648 1273
648 1341
648 1521
648 1752
648 1919
648 1948
649 691
649 719
649 722
649 1071
649 1198
649 1422
649 1676
649 1783
650 1405
650 1505
651 842
651 1458
652 793
652 797
652 833
652 1529
652 1949
653 904
653 1325
653 1540
653 1641
654 656
655 851
655 1538
655 1783
655 1881
655 1905
656 922
656 1559
656 1894
657 752
657 782
657 1111
657 1129
658 859
658 919
658 1641
659 749
659 880
659 1200
659 1239
659 1474
660 799
660 1659
660 1830
660 1907
661 759
661 1486
662 825
662 1035
662 1451
662 1684
662 1909
663 746
663 763
663 887
663 947
663 1753
664 970
664 1992
665 1014
665 1286
665 1446
666 674
666 856
666 970
666 1640
666 1753
666 1979
667 1022
667 1431
667 1494
667 1831
668 773
668 1004
668 1322
668 1693
669 1017
669 1148
669 1915
670 686
670 1315
670 1865
671 1083
671 1253
671 1321
672 1758
672 1791
673 1075
673 1150
673 1489
673 1777
674 742
674 808
674 1088
674 1502
675 681
675 967
675 1340
676 812
676 905
676 991
676 1245
676 1570
676 1903
677 1054
677 1068
677 1625
678 962
678 1670
678 1709
679 703
679 791
679 1802
679 1951
679 1987
680 755
680 799
680 941
680 1420
680 1659
681 1165
681 1502
681 1980
682 711
682 791
682 799
682 1021
682 1527
682 1551
682 1646
682 1727
682 1798
682 1923
683 698
683 1040
683 1067
684 1292
684 1607
684 1765
685 714
685 1419
685 1571
685 1681
685 1803
685 1872
686 739
686 793
686 820
686 976
686 1077
686 1085
686 1230
686 1509
686 1597
687 904
687 1118
687 1192
687 1602
687 1910
688 1036
688 1607
689 825
689 847
689 1217
689 1652
690 1302
690 1668
691 830
691 1067
691 1093
691 1909
692 1435
693 1895
694 1036
695 969
695 1099
695 1490
695 1988
696 835
696 995
696 1436
696 1614
697 1388
697 1864
697 1880
698 1093
698 1112
698 1655
698 1812
699 1847
700 820
700 1029
700 1074
700 1432
700 1797
701 932
701 1293
701 1368
701 1415
701 1629
701 1727
701 1916
702 906
702 1326
702 1668
703 819
703 1028
703 1366
703 1950
704 762
704 1220
704 1270
704 1832
705 828
705 836
705 1644
705 1781
706 921
706 1303
706 1314
706 1939
707 885
707 1051
707 1245
707 1429
708 865
708 1031
708 1218
709 1209
710 840
710 1459
711 718
711 763
711 1412
711 1586
711 1850
711 1958
711 1960
712 951
712 1001
712 1022
712 1180
712 1523
713 878
713 944
713 1518
714 1651
714 1739
715 759
715 792
715 862
715 1252
715 1462
715 1720
715 1729
716 721
716 769
716 812
716 1347
716 1520
717 980
717 1095
717 1225
717 1235
717 1414
718 758
718 1814
719 1810
719 1826
719 1911
720 763
720 1805
721 1171
721 1439
721 1582
722 1047
722 1364
722 1796
722 1973
723 737
723 759
723 1073
723 1104
723 1557
723 1824
723 1949
724 870
724 906
724 1691
724 1816
724 1997
725 743
725 1225
725 1627
725 1782
726 1174
726 1228
726 1621
726 1993
727 819
727 1175
727 1215
727 1329
727 1431
728 838
728 1286
728 1703
729 1009
730 1020
730 1299
731 768
731 1115
731 1180
731 1750
732 1106
732 1297
733 1512
733 1596
733 1623
733 1672
734 909
734 1148
734 1390
734 1954
735 923
735 1168
735 1983
736 1201
736 1826
737 823
737 856
737 1423
737 1464
737 1509
737 1998
738 1077
738 1537
738 1975
738 1979
739 1341
739 1605
739 1671
739 1687
739 1853
740 837
740 1470
741 1179
741 1217
741 1505
741 1794
742 834
742 1476
742 1513
742 1668
742 1887
743 974
743 999
744 1031
744 1184
744 1769
745 811
745 1085
745 1105
745 1302
745 1743
746 914
746 1456
746 1959
747 1075
747 1540
747 1544
747 1831
747 1919
748 1335
748 1382
748 1390
748 1938
749 1528
749 1552
749 1859
749 1981
750 1370
750 1383
751 824
751 1551
752 753
752 1142
752 1270
752 1981
753 1533
753 1604
753 1924
754 1238
754 1276
755 835
755 865
755 887
755 1187
755 1398
755 1538
755 1796
756 812
756 1784
756 1790
756 1826
757 1159
757 1915
758 1353
758 1420
758 1593
760 1100
760 1938
761 809
761 1663
761 1773
763 1350
763 1433
763 1649
763 1722
763 1817
764 1228
764 1242
764 1537
764 1901
765 1047
765 1081
765 1456
765 1569
765 1934
766 1301
766 1719
768 884
768 1000
769 989
769 1058
769 1108
769 1342
770 1373
770 1624
770 1711
770 1903
771 1219
771 1314
771 1768
771 1937
772 926
772 1089
772 1325
772 1705
773 925
773 1884
774 927
774 942
774 1012
774 1196
774 1908
775 1877
776 1599
776 1715
776 1891
777 809
778 1007
778 1182
778 1373
778 1743
779 804
779 1169
780 1658
780 1679
780 1909
781 1098
781 1530
781 1564
781 1818
782 784
782 897
782 1376
782 1487
782 1493
783 1216
783 1353
783 1431
784 1052
784 1802
785 956
785 1019
785 1047
785 1092
786 832
786 877
786 1286
786 1522
786 1648
786 1945
787 811
787 831
787 1801
788 901
788 1081
788 1438
788 1864
788 1897
788 1922
789 1273
789 1386
789 1506
789 1550
789 1563
789 1777
789 1856
790 1338
790 1571
791 915
791 1239
791 1317
791 1343
791 1603
791 1967
792 808
792 861
792 945
792 1214
793 1816
794 1833
794 1927
794 1981
795 799
795 1042
795 1142
795 1307
795 1779
795 1899
796 1055
796 1108
797 831
797 1607
798 807
798 953
798 1228
798 1362
798 1455
798 1746
799 823
799 910
799 911
799 1403
799 1779
800 1373
800 1890
801 934
801 1244
801 1246
801 1824
802 1283
802 1929
803 934
803 1158
804 995
804 1867
805 1010
805 1071
805 1329
805 1479
805 1909
805 1921
806 961
808 1305
808 1500
808 1519
809 935
809 1037
810 816
810 1161
810 1272
810 1591
811 1127
811 1384
811 1807
812 888
812 1156
812 1321
812 1914
812 1960
813 1257
813 1266
813 1308
813 1972
814 1011
815 1010
815 1151
815 1319
815 1446
815 1750
815 1869
815 1974
816 843
816 875
816 925
816 1173
816 1874
817 890
817 1389
817 1514
817 1823
818 1579
819 902
819 1275
819 1625
819 1643
820 1520
820 1610
821 877
821 1154
821 1509
822 1013
822 1072
822 1124
822 1437
822 1830
822 1917
823 930
823 1441
823 1793
823 1858
824 1217
824 1495
824 1584
824 1610
824 1910
824 1965
825 1074
825 1412
825 1469
826 1032
826 1300
826 1406
826 1740
826 1815
826 1837
827 839
827 1123
827 1208
827 1885
828 864
828 993
828 1653
828 1791
828 1906
829 1881
829 1912
830 1172
830 1387
830 1660
830 1929
830 1946
831 901
831 1643
832 1129
832 1147
832 1535
832 1728
833 935
834 1201
834 1202
834 1542
834 1675
834 1734
834 1790
834 1994
835 864
835 1312
835 1536
836 1823
837 1125
837 1717
837 1830
838 1550
838 1690
838 1704
839 1410
839 1503
840 886
840 928
840 1035
840 1171
840 1347
840 1584
841 1145
842 844
842 1481
842 1949
843 1156
843 1561
843 1721
844 1003
844 1290
844 1856
844 1911
845 1185
845 1356
845 1707
845 1895
846 1211
846 1502
846 1683
846 1814
847 868
847 947
847 1300
847 1960
848 908
848 1606
849 1384
849 1690
849 1979
850 873
850 1151
850 1415
850 1887
851 904
851 969
851 1457
851 1670
851 1846
852 917
852 1359
852 1636
853 1148
853 1369
854 957
854 1055
854 1983
855 889
855 1303
855 1463
856 1382
858 861
858 961
858 1167
858 1215
858 1355
858 1597
859 1544
859 1650
860 1629
861 1090
861 1404
861 1950
862 1977
863 1552
863 1809
864 1376
864 1497
865 892
865 1139
865 1524
865 1669
866 1355
866 1488
866 1580
866 1661
866 1676
867 1342
868 945
868 1075
868 1122
868 1128
868 1407
868 1449
868 1619
868 1706
868 1840
868 1953
868 1958
868 1973
871 1121
872 1258
872 1583
872 1633
872 1641
872 1915
872 1982
873 1480
873 1675
873 1757
873 1802
874 1548
874 1861
875 1830
876 924
876 947
876 1193
876 1277
876 1293
876 1962
877 1216
877 1423
878 1005
878 1807
879 1083
879 1148
879 1428
879 1448
879 1769
880 1178
880 1179
880 1223
880 1878
881 902
881 982
881 1638
881 1653
882 919
882 1391
882 1453
882 1545
882 1559
882 1666
883 944
883 1335
883 1699
884 1759
884 1942
885 1700
885 1725
886 1381
886 1965
887 1000
887 1691
887 1967
888 1107
888 1548
889 1044
889 1485
889 1643
889 1989
890 1589
890 1934
891 900
891 1579
891 1580
891 1648
891 1746
892 954
892 1753
893 1014
893 1161
893 1690
894 911
894 952
894 1044
894 1395
895 897
895 927
895 996
895 1516
895 1939
896 1035
896 1220
896 1222
896 1980
897 1389
897 1965
899 1370
899 1643
899 1675
900 1170
900 1935
901 1163
902 1141
902 1148
902 1528
904 1082
905 1044
905 1383
906 1516
906 1673
906 1758
907 1792
908 1190
908 1246
908 1430
908 1436
909 990
909 1159
909 1264
909 1423
909 1584
910 1016
910 1021
910 1250
910 1324
910 1544
911 1172
911 1232
911 1264
911 1557
911 1934
912 1071
912 1090
912 1261
912 1314
912 1639
913 1233
913 1693
913 1811
913 1924
914 1885
914 1914
915 1464
916 1549
916 1955
917 1209
917 1449
917 1888
917 1953
918 997
918 1047
918 1518
918 1655
918 1695
918 1817
918 1921
919 1107
919 1112
919 1450
919 1472
921 1064
921 1293
921 1978
922 1016
922 1202
922 1262
922 1438
922 1706
922 1794
922 1807
922 1963
923 1459
923 1539
923 1580
924 1121
924 1164
924 1834
926 1072
926 1443
926 1721
927 1038
927 1105
927 1207
927 1293
927 1956
928 1769
929 1514
929 1772
930 1109
930 1957
931 1174
931 1645
931 1767
931 1893
932 1146
932 1697
933 995
933 1160
934 1178
934 1876
935 1244
935 1469
935 1766
936 1116
936 1133
937 1044
937 1101
937 1607
937 1816
937 1998
938 1694
939 1280
939 1541
939 1644
939 1853
941 1657
941 1697
942 1430
942 1778
942 1847
942 1971
943 1315
943 1888
944 1014
944 1179
944 1265
944 1609
944 1969
945 1059
945 1175
945 1456
946 1316
947 1089
947 1986
948 1490
948 1540
948 1725
948 1891
949 1386
949 1687
949 1707
949 1767
949 1824
949 1866
950 1259
951 1515
951 1529
951 1547
951 1627
951 1932
952 1317
952 1474
952 1793
953 1603
953 1698
953 1903
954 1223
954 1800
956 1873
957 1481
957 1595
957 1982
958 1425
958 1785
960 1103
960 1436
960 1736
960 1758
961 1966
962 995
962 1287
962 1563
963 1601
963 1662
963 1826
964 1096
964 1858
964 1969
965 1324
965 1365
965 1837
966 1529
967 1193
967 1394
968 1176
968 1247
968 1709
968 1793
968 1998
969 1795
969 1920
970 1152
970 1209
970 1294
970 1433
970 1621
971 984
971 1197
971 1582
971 1647
971 1732
971 1958
972 1347
972 1663
972 1689
972 1932
973 1746
974 1536
975 1208
975 1284
976 1724
977 1286
978 1556
979 1317
979 1948
980 1268
980 1487
980 1654
980 1961
981 1197
981 1483
981 1558
982 1296
982 1535
982 1573
982 1817
982 1998
983 1183
983 1192
983 1274
983 1649
984 1455
985 1961
986 1090
986 1569
987 1141
988 1110
988 1587
989 1178
989 1317
989 1337
989 1453
989 1790
989 1801
989 1816
989 1860
989 1917
990 1369
991 1226
992 1064
992 1129
992 1161
992 1255
992 1843
993 1663
993 1753
993 1881
994 1030
995 1084
995 1128
997 1009
997 1036
997 1127
997 1195
997 1886
998 1190
998 1233
998 1853
999 1518
999 1631
999 1681
999 1786
999 1851
1000 1218
1000 1374
1000 1577
1001 1697
1001 1744
1002 1005
1002 1010
1002 1136
1002 1535
1002 1691
1002 1755
1002 1806
1003 1624
1004 1995
1005 1131
1005 1225
1006 1206
1006 1616
1007 1319
1007 1361
1008 1073
1009 1349
1009 1504
1009 1894
1010 1172
1010 1235
1011 1292
1011 1591
1012 1333
1013 1418
1013 1638
1014 1228
1014 1583
1014 1626
1014 1775
1015 1380
1016 1035
1016 1039
1016 1140
1017 1044
1017 1089
1017 1359
1017 1442
1017 1989
1018 1237
1018 1331
1018 1441
1019 1226
1020 1083
1020 1203
1021 1428
1021 1841
1022 1027
1022 1130
1022 1134
1022 1798
1022 1828
1022 1911
1022 1954
1023 1640
1024 1392
1025 1087
1025 1523
1026 1722
1026 1872
1027 1434
1027 1787
1027 1926
1028 1158
1028 1284
1028 1817
1028 1989
1029 1035
1029 1350
1029 1464
1030 1292
1030 1444
1030 1461
1030 1917
1031 1831
1031 1903
1032 1428
1032 1947
1033 1348
1034 1318
1035 1275
1035 1963
1036 1170
1036 1468
1036 1503
1037 1267
1037 1608
1038 1089
1038 1113
1039 1618
1040 1402
1040 1451
1040 1882
1041 1052
1041 1502
1042 1598
1042 1666
1042 1805
1042 1870
1043 1135
1043 1856
1043 1937
1043 1969
1044 1488
1045 1149
1045 1263
1045 1426
1045 1503
1045 1697
1046 1059
1046 1379
1046 1897
1047 1091
1047 1101
1047 1695
1049 1078
1049 1771
1050 1084
1050 1128
1050 1326
1050 1344
1050 1520
1050 1581
1051 1114
1051 1400
1051 1757
1052 1200
1052 1386
1052 1781
1053 1529
1053 1741
1053 1792
1053 1873
1054 1150
1054 1183
1055 1788
1056 1269
1056 1322
1056 1645
1056 1826
1057 1730
1058 1495
1058 1556
1058 1826
1059 1556
1059 1868
1059 1989
1060 1470
1060 1560
1060 1648
1061 1334
1061 1808
1061 1887
1062 1149
1062 1291
1063 1660
1065 1260
1065 1872
1067 1670
1067 1869
1068 1323
1068 1490
1069 1267
1069 1330
1069 1484
1069 1994
1070 1434
1070 1932
1071 1161
1071 1586
1071 1692
1072 1422
1072 1586
1072 1682
1073 1076
1073 1291
1073 1425
1073 1632
1074 1283
1074 1873
1074 1898
1074 1956
1075 1266
1075 1399
1075 1507
1075 1598
1076 1264
1076 1610
1076 1898
1077 1132
1077 1249
1077 1688
1077 1786
1078 1783
1079 1083
1079 1110
1079 1150
1079 1240
1080 1262
1080 1735
1080 1836
1080 1893
1081 1166
1081 1203
1082 1836
1083 1292
1083 1605
1084 1327
1084 1787
1084 1808
1085 1136
1085 1252
1085 1267
1085 1698
1085 1933
1085 1990
1086 1351
1087 1364
1087 1528
1087 1785
1087 1795
1087 1823
1088 1160
1088 1186
1088 1814
1089 1257
1089 1369
1089 1560
1089 1944
1092 1567
1092 1606
1093 1448
1094 1372
1095 1957
1096 1391
1097 1118
1097 1532
1097 1548
1097 1589
1098 1428
1098 1736
1099 1339
1099 1468
1101 1666
1102 1115
1102 1158
1102 1358
1102 1555
1102 1892
1102 1973
1103 1717
1104 1450
1105 1254
1106 1944
1107 1163
1107 1184
1107 1304
1108 1734
1108 1848
1109 1433
1109 1609
1109 1675
1110 1265
1110 1526
1110 1680
1110 1893
1111 1202
1111 1438
1111 1529
1111 1578
1112 1115
1112 1484
1112 1539
1112 1703
1112 1895
1113 1266
1113 1624
1115 1344
1116 1234
1116 1266
1117 1194
1117 1634
1117 1692
1117 1881
1118 1347
1118 1958
1118 1962
1119 1127
1119 1274
1119 1574
1119 1774
1119 1927
1120 1931
1121 1620
1122 1531
1122 1568
1122 1948
1123 1672
1123 1951
1124 1274
1125 1552
1125 1803
1125 1898
1126 1844
1127 1185
1127 1542
1128 1285
1128 1337
1128 1394
1130 1500
1130 1788
1130 1895
1131 1292
1131 1527
1132 1263
1132 1483
1132 1654
1133 1624
1133 1758
1134 1495
1136 1432
1136 1789
1136 1849
1136 1960
1137 1663
1137 1828
1138 1832
1139 1385
1140 1450
1141 1440
1141 1712
1142 1376
1142 1609
1143 1170
1143 1294
1143 1517
1143 1519
1143 1560
1144 1414
1144 1549
1144 1767
1144 1863
1144 1976
1145 1391
1145 1637
1146 1173
1146 1434
1148 1532
1148 1965
1149 1362
1149 1490
1149 1498
1149 1540
1149 1576
1149 1722
1149 1816
1149 1849
1149 1897
1151 1984
1152 1168
1152 1803
1153 1530
1154 1625
1154 1716
1155 1284
1155 1584
1155 1728
1155 1914
1156 1499
1158 1335
1159 1779
1159 1797
1159 1992
1160 1543
1160 1828
1161 1627
1161 1704
1162 1860
1163 1987
1166 1319
1166 1791
1166 1840
1168 1977
1169 1416
1170 1702
1171 1498
1171 1566
1171 1573
1171 1611
1171 1859
1172 1283
1172 1562
1172 1824
1172 1905
1172 1937
1173 1232
1173 1655
1174 1404
1174 1446
1174 1454
1174 1515
1175 1377
1175 1513
1175 1725
1176 1205
1176 1371
1177 1327
1177 1413
1178 1869
1179 1276
1180 1511
1181 1832
1181 1940
1182 1445
1182 1586
1182 1625
1182 1914
1184 1269
1186 1444
1186 1449
1188 1321
1188 1996
1189 1951
1190 1504
1190 1518
1190 1841
1190 1869
1191 1808
1192 1398
1192 1478
1192 1572
1192 1809
1193 1307
1193 1512
1194 1263
1194 1323
1194 1477
1195 1448
1195 1569
1195 1942
1196 1687
1196 1776
1198 1229
1198 1613
1198 1891
1199 1357
1199 1360
1200 1271
1200 1380
1200 1580
1201 1410
1202 1594
1202 1994
1203 1390
1203 1745
1203 1958
1204 1220
1205 1665
1205 1714
1205 1824
1206 1648
1206 1931
1207 1575
1208 1436
1208 1537
1208 1625
1208 1730
1208 1848
1208 1955
1209 1607
1209 1804
1209 1855
1210 1234
1210 1592
1210 1973
1211 1630
1211 1684
1214 1393
1214 1730
1215 1681
1215 1949
1215 1990
1216 1258
1216 1776
1216 1922
1217 1256
1217 1819
1217 1984
1218 1352
1218 1433
1218 1442
1218 1567
1218 1584
1219 1264
1219 1282
1219 1508
1219 1543
1220 1661
1221 1549
1222 1254
1222 1355
1222 1684
1222 1769
1222 1790
1222 1874
1223 1715
1224 1370
1224 1434
1224 1709
1224 1769
1225 1367
1225 1400
1225 1409
1225 1436
1225 1724
1225 1775
1226 1299
1227 1579
1227 1765
1227 1972
1228 1714
1228 1823
1229 1756
1229 1818
1229 1944
1230 1410
1230 1709
1230 1833
1230 1978
1232 1346
1232 1493
1232 1658
1232 1963
1233 1334
1233 1992
1233 1998
1234 1742
1235 1376
1235 1457
1236 1265
1236 1552
1237 1425
1238 1372
1238 1914
1239 1684
1240 1317
1240 1550
1241 1795
1242 1437
1242 1535
1242 1977
1243 1655
1244 1314
1246 1281
1246 1586
1248 1309
1249 1982
1251 1520
1251 1585
1253 1334
1253 1683
1254 1771
1254 1831
1255 1342
1255 1663
1256 1475
1256 1511
1256 1962
1257 1640
1258 1447
1259 1356
1260 1595
1260 1874
1262 1899
1262 1951
1263 1772
1265 1446
1265 1802
1265 1879
1266 1363
1267 1500
1267 1555
1269 1902
1270 1430
1270 1437
1270 1547
1270 1573
1270 1600
1270 1631
1271 1379
1271 1447
1271 1653
1271 1775
1272 1673
1273 1313
1273 1746
1273 1950
1274 1658
1275 1297
1275 1740
1275 1747
1275 1856
1275 1967
1276 1345
1276 1880
1277 1532
1277 1762
1278 1284
1278 1550
1278 1778
1279 1339
1279 1382
1280 1397
1280 1464
1280 1638
1280 1887
1281 1313
1281 1450
1281 1469
1282 1293
1282 1855
1283 1506
1283 1590
1285 1506
1286 1360
1286 1364
1286 1535
1286 1648
1286 1987
1287 1784
1287 1848
1287 1962
1288 1557
1288 1571
1289 1803
1290 1540
1291 1332
1291 1985
1292 1417
1292 1448
1293 1814
1294 1375
1294 1631
1296 1485
1298 1540
1298 1727
1298 1937
1300 1547
1300 1701
1300 1884
1301 1506
1301 1912
1301 1967
1302 1429
1302 1921
1304 1469
1304 1659
1305 1511
1305 1676
1306 1342
1306 1482
1306 1656
1307 1947
1308 1509
1308 1800
1309 1833
1309 1854
1310 1720
1311 1938
1312 1441
1312 1993
1314 1339
1314 1450
1314 1486
1314 1939
1315 1544
1315 1699
1315 1801
1315 1822
1315 1998
1317 1328
1317 1395
1317 1539
1317 1893
1319 1557
1319 1563
1319 1801
1320 1637
1320 1736
1321 1338
1321 1419
1322 1538
1323 1598
1324 1480
1324 1685
1324 1699
1324 1872
1324 1907
1325 1407
1325 1523
1325 1528
1325 1547
1325 1774
1326 1443
1326 1921
1326 1962
1327 1387
1327 1705
1327 1737
1328 1410
1329 1425
1330 1756
1330 1761
1331 1338
1331 1428
1331 1431
1332 1394
1334 1383
1334 1623
1334 1860
1334 1997
1335 1582
1335 1584
1336 1575
1337 1561
1337 1622
1338 1469
1338 1601
1339 1454
1340 1670
1341 1653
1341 1843
1341 1945
1341 1967
1342 1660
1342 1753
1342 1862
1343 1823
1343 1890
1344 1701
1345 1923
1346 1758
1346 1960
1347 1359
1347 1528
1347 1903
1348 1612
1348 1917
1349 1843
1349 1961
1350 1362
1351 1946
1353 1379
1353 1381
1353 1772
1353 1825
1353 1951
1354 1706
1354 1886
1358 1659
1358 1777
1359 1534
1359 1582
1360 1450
1360 1452
1360 1802
1360 1940
1365 1523
1367 1416
1367 1594
1368 1379
1368 1465
1369 1417
1369 1630
1369 1673
1369 1878
1374 1641
1376 1594
1376 1799
1376 1999
1377 1732
1377 1874
1378 1541
1378 1738
1379 1725
1380 1852
1382 1483
1382 1923
1383 1842
1383 1973
1384 1624
1384 1788
1385 1442
1385 1914
1387 1741
1387 1752
1388 1747
1388 1859
1389 1961
1390 1557
1393 1983
1394 1564
1394 1670
1394 1866
1394 1887
1395 1586
1396 1641
1397 1739
1398 1616
1399 1944
1400 1540
1400 1630
1400 1851
1401 1810
1401 1999
1402 1662
1402 1890
1402 1913
1403 1659
1403 1867
1404 1613
1406 1415
1406 1469
1407 1651
1407 1994
1408 1848
1409 1427
1409 1666
1410 1437
1410 1446
1410 1635
1410 1992
1412 1429
1412 1783
1412 1858
1412 1983
1413 1929
1414 1824
1415 1473
1416 1480
1416 1989
1417 1890
1418 1632
1418 1828
1419 1439
1419 1557
1419 1646
1419 1745
1420 1597
1420 1601
1421 1528
1424 1518
1424 1756
1424 1971
1425 1426
1426 1469
1426 1760
1426 1942
1427 1783
1427 1964
1427 1991
1428 1555
1428 1834
1429 1579
1429 1715
1429 1739
1429 1848
1430 1811
1431 1475
1432 1543
1434 1890
1434 1913
1435 1589
1435 1664
1436 1487
1436 1700
1436 1945
1436 1971
1438 1739
1439 1760
1439 1873
1440 1861
1441 1676
1442 1718
1443 1452
1443 1818
1446 1684
1447 1491
1447 1513
1447 1613
1447 1890
1448 1811
1448 1900
1449 1807
1449 1965
1450 1763
1451 1624
1451 1825
1451 1926
1451 1951
1452 1624
1453 1781
1453 1891
1454 1895
1454 1896
1455 1788
1455 1863
1455 1945
1456 1969
1457 1526
1458 1701
1458 1942
1459 1507
1461 1987
1462 1523
1466 1467
1466 1488
1467 1615
1467 1858
1471 1503
1475 1577
1475 1630
1475 1836
1477 1994
1479 1648
1479 1887
1479 1928
1480 1582
1480 1914
1482 1946
1483 1799
1483 1842
1484 1900
1486 1567
1486 1823
1487 1504
1487 1755
1489 1933
1490 1639
1490 1652
1490 1986
1491 1683
1491 1783
1491 1808
1492 1938
1493 1611
1494 1710
1495 1758
1496 1612
1496 1697
1497 1709
1497 1948
1499 1817
1499 1836
1500 1883
1501 1773
1502 1610
1503 1634
1505 1518
1505 1551
1505 1640
1505 1672
1506 1529
1507 1603
1507 1715
1507 1761
1508 1827
1508 1830
1509 1614
1509 1815
1510 1815
1513 1529
1513 1849
1513 1896
1514 1944
1514 1957
1516 1639
1517 1675
1517 1702
1517 1921
1518 1543
1518 1821
1518 1943
1519 1728
1522 1647
1523 1538
1523 1989
1524 1529
1524 1603
1524 1814
1524 1833
1524 1960
1525 1593
1525 1739
1526 1545
1526 1601
1527 1530
1527 1588
1529 1607
1529 1713
1530 1551
1530 1978
1531 1920
1531 1943
1532 1776
1532 1964
1532 1981
1533 1883
1533 1961
1534 1744
1535 1569
1535 1909
1536 1696
1536 1941
1538 1742
1538 1897
1539 1878
1539 1980
1540 1689
1542 1626
1543 1790
1543 1879
1544 1895
1545 1552
1545 1585
1546 1641
1546 1816
1547 1692
1548 1889
1549 1649
1551 1600
1551 1699
1551 1887
1553 1845
1554 1739
1554 1845
1556 1574
1556 1612
1557 1748
1557 1754
1560 1852
1561 1688
1561 1886
1563 1866
1567 1638
1567 1757
1567 1953
1568 1755
1574 1950
1575 1705
1575 1900
1577 1812
1578 1797
1578 1856
1579 1619
1579 1676
1579 1913
1580 1623
1580 1919
1582 1586
1582 1627
1582 1935
1583 1783
1584 1836
1584 1838
1585 1796
1585 1884
1587 1858
1588 1793
1590 1742
1592 1748
1593 1927
1594 1782
1594 1787
1594 1835
1595 1611
1595 1885
1596 1883
1597 1855
1600 1616
1600 1634
1600 1927
1602 1948
1604 1621
1605 1781
1605 1784
1605 1807
1605 1846
1606 1827
1606 1899
1610 1749
1611 1704
1612 1883
1613 1682
1614 1883
1615 1836
1616 1706
1619 1867
1620 1790
1620 1986
1621 1877
1623 1712
1623 1812
1623 1833
1623 1903
1623 1971
1624 1883
1626 1848
1628 1667
1630 1685
1631 1678
1631 1764
1631 1993
1632 1846
1633 1702
1634 1833
1635 1653
1636 1757
1640 1943
1643 1838
1645 1702
1645 1734
1646 1973
1648 1809
1649 1920
1650 1659
1658 1750
1658 1904
1659 1677
1661 1742
1661 1782
1661 1963
1668 1819
1669 1674
1669 1751
1669 1816
1670 1913
1671 1711
1671 1925
1671 1939
1672 1959
1674 1816
1674 1942
1676 1757
1676 1874
1676 1977
1678 1718
1678 1856
1682 1686
1682 1714
1683 1923
1685 1868
1686 1922
1688 1849
1688 1868
1688 1914
1690 1757
1691 1855
1691 1909
1691 1990
1694 1722
1694 1832
1694 1876
1695 1785
1698 1935
1700 1794
1704 1746
1710 1861
1711 1893
1712 1728
1719 1922
1720 1814
1722 1784
1722 1787
1723 1726
1723 1953
1725 1727
1728 1795
1729 1758
1729 1791
1729 1906
1729 1942
1730 1786
1731 1831
1734 1880
1735 1857
1736 1953
1736 1998
1740 1933
1741 1888
1744 1820
1747 1756
1747 1764
1748 1817
1750 1958
1751 1907
1753 1865
1754 1862
1760 1833
1762 1973
1765 1891
1768 1979
1770 1866
1770 1920
1772 1891
1776 1793
1778 1922
1779 1863
1781 1916
1781 1976
1782 1928
1783 1875
1783 1896
1784 1879
1784 1974
1785 1916
1791 1914
1800 1877
1804 1852
1805 1986
1806 1824
1809 1879
1810 1975
1814 1857
1814 1980
1816 1960
1820 1836
1831 1906
1831 1956
1831 1972
1831 1998
1838 1844
1840 1859
1843 1903
1846 1976
1849 1941
1849 1976
1850 1990
1851 1954
1852 1906
1852 1964
1855 1867
1857 2000
1859 1932
1862 1892
1863 1884
1869 1999
1870 1965
1875 1980
1879 1979
1884 1924
1886 1971
1887 1994
1889 1936
1897 1992
1899 1987
1901 1939
1903 1931
1904 1918
1905 1944
1907 1933
1911 1943
1912 1967
1914 1944
1914 1948
1930 1996
1931 1955
1935 1970
1944 1974
1969 1981
1974 1987
1979 1986
