2000
1 138
1 449
2 552
2 788
2 1046
2 1088
2 1097
2 1347
2 1766
3 80
3 921
3 1545
3 1678
3 1892
3 1922
4 48
4 978
4 1328
4 1403
4 1428
4 1569
4 1623
4 1908
4 1925
5 188
5 827
5 860
5 1426
5 1847
5 1885
5 1890
6 128
6 322
6 358
6 457
6 1837
7 1275
7 1652
7 1804
7 1878
8 211
8 551
8 791
8 1139
8 1292
8 1657
8 1719
8 1988
9 103
9 418
9 602
9 1228
9 1638
9 1817
10 291
10 356
10 361
10 654
10 1233
10 1286
10 1325
10 1545
11 1095
11 1288
11 1299
11 1901
11 1981
12 595
12 874
12 1241
12 1339
12 1369
12 1432
12 1484
12 1514
12 1648
12 1723
12 1926
13 155
13 267
13 435
13 674
13 907
13 1250
13 1359
13 1956
14 65
14 187
14 210
14 372
14 373
14 391
14 706
14 1409
14 1478
14 1541
14 1582
14 1650
14 1669
14 1912
14 1987
15 285
15 288
15 378
15 636
15 1753
15 1758
16 27
16 212
16 1394
16 1464
16 1844
17 43
17 71
17 411
17 462
17 739
17 1404
17 1520
17 1664
17 1674
17 1872
17 1882
17 1952
18 70
18 144
18 345
18 462
18 583
18 996
18 1806
19 134
19 228
19 455
19 1102
19 1305
19 1482
19 1823
20 30
20 126
20 549
20 1007
21 102
21 134
21 574
21 1194
21 1310
21 1429
21 1501
21 1623
22 113
22 619
22 756
22 1481
22 1894
22 1963
23 140
23 335
23 515
23 762
23 927
23 1146
23 1420
23 1541
23 1790
23 1831
24 288
24 345
24 475
24 661
24 1414
24 1438
24 1446
24 1522
24 1722
25 50
25 208
25 335
25 343
25 632
25 1190
25 1478
25 1582
25 1728
26 195
26 265
26 353
26 621
26 1184
26 1301
26 1416
26 1454
26 1630
26 1902
26 1983
27 534
27 588
27 631
27 968
27 1085
27 1233
27 1274
27 1563
27 1672
27 1897
28 389
28 405
28 430
28 488
28 944
28 1310
28 1530
28 1601
28 1876
28 2000
29 1750
30 281
30 783
30 1071
30 1541
30 1658
30 1758
30 1857
31 711
31 1018
31 1113
31 1212
31 1218
31 1313
32 352
32 921
32 979
32 1011
32 1188
32 1343
32 1511
32 1685
33 109
33 560
33 1214
33 1812
34 515
34 1464
34 1672
35 249
35 1164
35 1173
35 1187
35 1948
35 1997
36 1126
37 170
37 295
37 471
37 515
37 933
37 954
37 1212
37 1494
37 1652
38 148
38 754
38 801
38 1233
38 1787
38 1911
39 154
39 586
39 642
39 754
39 975
39 1144
39 1253
40 613
40 749
40 948
40 1597
40 1823
40 1964
41 90
41 97
41 273
41 690
41 726
42 626
42 728
42 1022
42 1158
42 1576
42 1721
42 1944
43 1875
43 1979
44 318
44 801
44 1185
44 1258
44 1326
44 1343
44 1495
44 1564
44 1593
44 1780
45 248
45 374
45 1299
45 1672
45 1780
45 1983
46 133
46 258
46 819
46 1451
47 270
47 1631
47 1658
47 1697
47 1750
47 1779
47 1819
47 1984
48 266
48 462
48 484
48 514
48 1122
48 1276
49 243
49 462
49 467
49 543
49 1109
49 1319
49 1459
49 1627
49 1898
50 349
50 416
50 721
50 1388
50 1416
50 1497
50 1727
51 464
51 651
51 795
51 1581
51 1952
52 503
52 617
52 1598
52 1648
52 1916
52 1974
53 431
53 940
53 1086
53 1118
53 1375
53 1480
53 1539
53 1614
53 1829
54 141
54 825
54 1224
55 316
55 362
55 946
55 1427
55 1983
56 1224
56 1315
56 1452
56 1839
57 116
57 126
57 146
57 388
57 717
57 1242
58 172
58 195
58 548
58 1195
58 1241
58 1790
59 116
59 243
59 461
59 558
59 590
59 1262
59 1758
60 168
60 364
60 397
60 572
60 845
60 1022
60 1209
60 1370
60 1416
60 1689
60 1995
61 440
61 1034
61 1037
61 1062
61 1217
61 1320
62 895
62 1257
62 1914
62 1992
63 75
63 109
63 152
63 356
63 496
63 625
63 1868
63 1883
63 1900
64 108
64 262
64 443
64 913
64 974
64 1154
64 1593
64 1603
64 1629
65 90
65 714
65 747
65 1505
65 1782
65 1902
65 1957
66 105
66 193
66 761
66 937
66 1161
66 1200
66 1486
66 1669
66 1742
66 1846
66 1881
66 1997
67 135
67 206
67 473
67 498
67 564
67 673
67 775
67 783
67 897
67 1608
67 1735
68 521
68 1684
69 82
69 277
69 515
69 823
69 852
69 1444
69 1769
70 216
70 688
70 756
70 1007
70 1029
70 1212
70 1238
70 1317
70 1520
71 363
71 975
71 1804
71 1849
72 193
72 218
72 223
72 237
72 474
72 607
72 655
72 914
72 1201
72 1274
72 1485
73 147
73 312
73 639
73 650
73 1098
73 1176
73 1319
73 1597
73 1821
74 257
74 846
74 978
74 1042
74 1061
74 1218
74 1799
74 1988
75 552
75 696
76 117
76 166
76 447
76 603
76 1742
76 1932
76 1955
76 1969
77 212
77 564
77 678
77 1035
77 1050
77 1649
77 1859
78 379
78 635
79 419
79 540
79 810
79 992
79 1249
79 1520
79 1868
80 525
80 567
80 569
80 739
80 943
80 1054
80 1328
80 1412
80 1694
80 1697
80 1752
80 1928
81 199
81 205
81 208
81 401
81 458
81 976
81 1433
81 1734
82 94
82 1056
82 1224
82 1279
82 1558
82 1789
83 234
83 414
83 570
83 1192
83 1404
84 370
84 494
84 1398
84 1579
85 388
85 457
85 566
85 586
85 1916
86 439
86 1029
86 1037
86 1521
86 1809
86 1993
87 268
87 612
87 821
87 1602
87 1802
87 1918
87 1939
88 142
88 747
88 771
88 1832
89 151
89 239
89 743
89 887
89 973
89 1206
89 1551
89 1950
90 507
90 1007
90 1688
90 1703
90 1857
91 104
91 210
91 643
91 774
91 1001
91 1217
91 1827
92 199
92 794
92 798
92 833
92 857
92 1460
93 333
93 442
93 679
93 795
93 828
93 984
93 1414
93 1788
94 156
94 272
94 815
94 897
94 1307
94 1545
94 1570
95 411
95 465
95 682
95 781
95 1762
95 1767
96 129
96 423
96 905
96 1184
96 1674
97 125
97 358
97 1185
97 1192
97 1740
97 1794
97 1853
97 1948
98 99
98 239
98 366
98 716
98 748
98 759
98 802
98 961
98 1225
98 1629
98 1796
98 1841
99 120
99 216
99 294
99 348
99 948
99 1901
100 201
100 499
100 856
100 1087
100 1438
100 1571
100 1799
101 114
101 372
101 428
101 554
101 676
101 1350
101 1594
101 1753
101 1792
101 1980
102 190
102 1158
102 1535
102 1908
103 580
103 746
103 1355
103 1588
104 294
104 635
104 676
104 891
104 1048
104 1089
104 1214
104 1725
104 1748
105 458
105 704
105 920
105 997
105 1131
105 1272
105 1373
105 1461
105 1501
105 1904
106 493
106 854
106 1115
106 1135
106 1782
107 232
107 316
107 437
107 1178
107 1323
107 1767
107 1924
108 171
108 689
108 1284
108 1354
109 196
109 249
109 430
109 440
109 497
109 540
109 655
109 812
109 1121
109 1131
109 1397
110 291
110 665
110 1147
110 1288
111 270
111 315
111 414
111 483
111 497
111 664
111 741
111 977
111 1366
111 1568
111 1750
112 554
112 849
112 900
112 1290
113 409
113 885
113 1026
113 1228
113 1268
113 1698
113 1941
114 813
114 967
114 1390
114 1743
114 1815
114 1960
115 134
115 383
115 480
115 1265
115 1957
116 863
116 940
116 1615
116 1726
117 598
117 829
117 1045
117 1696
117 1832
117 1988
118 268
118 560
118 1467
119 164
119 238
119 451
119 549
119 1351
119 1384
119 1691
119 1764
119 1810
120 323
120 878
120 1059
120 1159
120 1648
120 1777
121 416
121 1528
121 1760
121 1827
121 1938
122 755
122 797
122 860
122 1203
122 1297
122 1305
122 1376
122 1668
122 1717
122 1870
123 211
124 148
124 149
124 334
124 426
124 753
124 1047
124 1217
124 1765
124 1982
125 147
125 266
125 725
125 1250
125 1264
125 1297
125 1608
126 292
126 881
126 1118
126 1207
126 1241
126 1457
126 1479
127 700
127 1561
127 1918
128 168
128 520
128 1126
128 1573
128 1871
128 1915
129 182
129 893
129 985
129 1135
130 353
130 585
130 774
130 1318
130 1456
130 1862
130 1874
131 1090
131 1511
131 1643
131 1883
132 756
132 833
132 889
132 907
132 1694
132 1858
132 1879
132 1919
133 276
133 442
133 1125
133 1229
133 1532
133 1823
133 1859
134 371
134 479
134 948
134 1326
134 1680
135 554
135 882
135 1158
135 1451
135 1578
136 856
136 1196
136 1437
136 1475
137 268
137 324
137 409
137 530
137 1091
137 1183
137 1803
138 341
138 1055
138 1608
138 1700
138 1799
139 333
139 815
139 1478
139 1583
139 1596
140 635
140 738
140 740
140 1273
140 1374
140 1706
140 1753
141 395
141 630
141 793
141 989
141 1823
142 1286
142 1448
142 1516
142 1913
143 741
143 1371
143 1412
143 1503
143 1783
143 1846
144 249
144 352
144 764
144 1132
144 1187
144 1245
144 1337
144 1986
145 333
145 581
145 604
145 666
145 674
145 1436
145 1495
145 1718
145 1755
145 1863
145 1899
146 351
146 366
146 661
146 916
146 1549
146 1560
147 291
147 594
147 781
147 831
147 1234
147 1538
148 275
148 436
148 837
148 938
148 1059
148 1090
148 1333
148 1581
148 1783
149 585
149 690
149 753
149 1376
150 377
150 880
150 1058
150 1098
150 1404
150 1567
150 1791
151 608
151 1599
151 1873
151 1950
151 1978
152 1415
152 1698
153 1665
153 1773
153 1996
154 198
154 292
154 1025
154 1252
154 1390
154 1443
154 1468
154 1503
154 1650
155 176
155 183
155 375
155 642
155 1158
155 1575
155 1784
155 1872
156 244
156 417
156 930
156 1187
156 1200
156 1360
156 1595
156 1660
157 686
157 708
158 570
158 815
158 1287
159 321
159 417
159 772
159 1315
159 1599
159 1897
160 1246
160 1336
160 1539
160 1556
161 920
161 1141
161 1247
162 257
162 388
162 467
162 1117
162 1232
162 1360
162 1391
162 1531
162 1659
162 1903
163 492
163 768
163 1128
163 1165
163 1261
163 1498
163 1553
163 1607
163 1608
163 1920
164 284
164 473
164 577
164 738
164 924
164 1226
164 1284
164 1359
164 1711
164 1948
165 471
165 1127
165 1452
166 344
166 782
166 1224
166 1558
166 1629
167 184
167 861
167 937
167 1124
168 353
168 486
168 935
168 1413
168 1600
168 1625
168 1844
169 539
169 649
169 1283
169 1671
169 1958
170 238
170 251
170 369
170 383
170 1141
170 1156
170 1790
170 1952
171 565
171 967
171 976
171 1071
171 1253
171 1806
171 1852
172 309
172 357
172 377
172 514
172 571
172 1486
172 1688
173 710
173 817
173 1414
173 1606
173 1798
174 1290
174 1666
174 1873
175 840
175 934
175 1823
176 184
176 803
176 835
176 1804
176 1874
177 396
177 829
177 1087
177 1178
177 1305
177 1675
177 1706
177 1797
178 231
178 368
178 739
178 1458
178 1668
178 1812
179 397
179 466
179 585
179 681
179 972
179 1294
179 1487
179 1532
180 352
180 549
180 829
180 914
180 949
180 998
180 1119
180 1341
180 1764
180 1831
181 255
181 492
181 871
181 1231
181 1755
182 388
182 822
182 1310
182 1696
183 661
183 746
183 1214
183 1656
184 714
184 808
184 1797
185 376
185 387
185 939
186 947
186 957
186 1756
187 1074
187 1089
187 1119
187 1165
187 1641
188 264
188 512
188 513
188 1292
188 1431
188 1703
188 1795
188 1977
189 445
189 636
189 767
189 1749
189 1948
190 255
190 396
190 493
190 1535
190 1665
190 1746
191 1190
191 1386
191 1503
192 224
192 283
192 349
192 762
192 1063
192 1485
192 1706
193 326
193 774
193 1417
193 1849
194 465
194 623
194 743
194 1343
194 1640
194 1816
195 198
195 699
195 726
195 792
195 830
195 901
195 1142
195 1860
195 1967
196 426
196 924
196 1358
196 1556
197 482
197 981
197 1197
197 1406
197 1507
197 1577
197 1736
197 1751
197 1777
197 1825
198 912
198 1113
198 1267
198 1717
199 503
199 1085
199 1148
199 1241
199 1245
199 1730
200 504
200 587
200 736
200 1154
200 1647
200 1900
201 645
201 690
201 935
201 1212
201 1493
201 1605
201 1902
202 227
202 441
202 733
202 1059
202 1557
202 1716
202 1808
203 415
203 494
203 921
203 931
203 971
203 988
203 1654
203 1887
204 285
204 309
204 605
204 706
204 1163
204 1895
205 662
205 980
205 1682
205 1835
206 498
206 1062
206 1066
206 1338
207 314
207 829
207 1060
207 1544
207 1831
208 446
208 1448
208 1644
208 1834
209 447
209 606
209 655
209 948
209 963
209 1669
209 1897
210 587
210 654
210 662
210 1156
210 1594
210 1798
211 493
211 696
211 929
211 930
211 969
211 1098
211 1722
211 1763
212 450
212 605
212 647
212 980
212 1359
212 1824
212 1899
213 590
213 664
213 697
213 1289
213 1778
214 255
214 339
214 1337
214 1662
214 1822
214 1825
215 234
215 323
215 466
215 1105
215 1527
215 1782
215 1813
216 337
216 834
216 1441
216 1734
217 268
217 380
217 1214
217 1638
217 1652
218 316
218 324
218 760
218 864
218 907
218 1275
218 1636
218 1748
218 1752
218 1929
219 490
219 519
219 915
219 1263
219 1314
219 1331
219 1797
220 552
220 575
220 965
220 1257
220 1385
220 1467
221 469
221 502
221 526
221 612
221 647
221 789
221 1119
221 1564
221 1733
222 815
222 1279
222 1315
222 1525
222 1856
223 266
223 794
223 875
223 966
223 1230
223 1422
223 1706
224 236
224 433
224 441
224 640
224 1223
224 1231
224 1327
224 1537
224 1738
224 1784
225 294
225 362
225 520
225 823
225 1399
225 1639
225 1708
225 1896
226 1249
226 1413
227 233
227 279
227 447
227 535
227 577
227 669
227 772
227 1197
227 1820
228 493
229 406
229 1087
229 1159
230 957
230 1082
230 1377
230 1436
230 1458
231 349
231 526
231 605
231 763
231 1096
231 1587
231 1742
231 1820
232 257
232 319
232 383
232 392
232 504
232 1040
232 1427
232 1444
232 1518
232 1566
232 1838
232 1906
233 607
233 641
233 1117
233 1260
233 1682
233 1722
233 1848
234 295
234 395
234 514
234 877
234 1478
234 1917
235 1140
235 1404
235 1510
236 338
236 420
236 429
236 1079
236 1328
236 1829
236 1909
236 1963
237 311
237 597
237 960
237 1120
237 1295
237 1657
237 1728
237 1963
238 577
238 821
238 1181
238 1876
239 656
239 784
239 1351
239 1999
240 297
240 375
240 399
240 1025
240 1316
240 1525
240 1550
240 1551
240 1668
240 1742
240 1801
241 811
241 930
241 981
241 1147
241 1522
242 255
242 259
242 918
242 1021
242 1167
242 1238
242 1555
242 1834
243 340
243 463
243 677
243 1567
243 1600
243 1735
244 307
244 470
244 551
244 663
244 670
244 726
244 1107
244 1167
244 1255
244 1944
244 1950
245 957
245 1043
245 1358
245 1841
246 247
246 980
246 1087
246 1395
246 1583
246 1969
247 926
247 993
247 1387
247 1420
247 1485
247 1974
248 295
248 540
248 637
248 741
248 1007
248 1305
248 1929
249 286
249 1031
249 1972
250 481
250 637
250 965
250 1010
250 1034
250 1297
250 1978
251 256
251 520
251 641
251 835
251 1815
251 1822
252 1260
253 278
253 283
253 534
253 925
253 1139
253 1473
253 1500
254 956
255 362
255 370
255 698
255 725
255 757
255 766
255 815
255 1649
256 601
256 699
256 1114
256 1274
256 1512
256 1656
256 1748
256 1957
257 417
257 951
257 1002
257 1237
257 1823
257 1985
258 493
258 630
258 1050
258 1052
258 1697
259 1579
260 327
260 794
260 1182
260 1605
260 1715
260 1717
261 529
261 1283
261 1370
261 1418
261 1434
261 1534
261 1676
261 1848
261 1944
261 1946
262 620
262 801
262 803
262 953
262 956
262 1132
262 1388
262 1469
262 1678
262 1923
262 1972
263 879
264 306
264 630
264 708
264 1335
264 1339
264 1556
265 330
265 380
265 1388
266 458
266 464
266 1233
266 1360
266 1661
267 512
267 1409
268 469
268 1140
268 1348
268 1453
268 1848
268 1934
268 1973
269 414
269 480
269 1404
269 1691
270 344
270 866
270 939
270 1053
270 1247
271 642
271 1481
271 1489
272 414
272 617
272 1995
273 403
273 602
273 627
273 842
273 1192
273 1408
273 1502
273 1808
273 1870
274 357
274 447
274 502
274 544
275 331
275 475
275 1141
275 1189
275 1774
276 411
276 647
276 848
277 282
277 376
277 1923
278 657
278 968
278 1017
278 1253
278 1498
279 629
279 1859
279 1868
279 1928
279 1934
279 1937
279 1982
279 1996
280 315
280 560
280 654
280 977
280 1141
280 1690
280 1965
281 947
281 1358
281 1898
282 337
282 535
282 681
282 730
282 1381
282 1596
282 1652
283 457
283 668
283 680
283 955
283 979
283 1032
283 1356
283 1409
284 467
284 525
284 933
284 1402
284 1704
284 1731
284 1785
285 702
285 1054
285 1056
285 1801
286 339
286 372
286 701
286 867
286 1267
287 307
287 345
287 419
287 427
287 655
287 818
287 1404
287 1969
288 331
288 476
288 869
288 1076
288 1166
288 1283
288 1389
288 1710
288 1726
289 733
290 406
290 719
290 939
290 1226
290 1448
290 1895
290 1908
290 1948
291 420
291 602
291 775
291 1093
291 1170
291 1942
291 1996
292 828
292 886
292 955
292 1147
292 1663
292 1869
292 1905
292 1991
293 430
293 473
293 1095
293 1184
293 1203
293 1252
293 1336
293 1662
293 1751
293 1948
294 972
294 1319
294 1483
294 1843
294 1909
295 423
295 730
295 768
296 403
296 446
296 652
296 1604
296 1766
297 748
297 1374
297 1452
298 317
298 491
298 872
298 883
298 1147
299 608
299 857
299 987
299 1262
299 1309
299 1312
300 624
300 1234
300 1409
300 1697
301 958
301 1080
301 1386
301 1818
301 1929
302 368
302 505
302 662
302 774
302 1225
303 570
303 682
303 700
303 773
303 1035
303 1041
303 1124
303 1932
303 1990
304 730
304 987
304 1070
304 1122
304 1640
304 1876
304 1900
305 556
305 737
305 888
305 966
305 1255
305 1277
305 1322
305 1497
305 1841
306 657
306 762
306 915
307 443
307 821
307 1169
307 1404
307 1416
307 1843
308 1202
308 1526
308 1627
308 1749
309 884
310 408
310 538
310 679
310 978
310 1334
310 1456
310 1991
311 397
311 608
311 710
311 1036
311 1099
311 1796
311 1826
311 1958
312 404
312 488
312 647
312 868
312 1150
312 1365
312 1473
312 1775
313 319
313 341
313 448
313 803
313 1302
313 1512
313 1596
313 1644
314 490
314 888
314 1136
314 1465
315 416
315 1071
315 1186
316 330
316 820
316 986
316 1051
316 1158
316 1522
316 1943
317 322
317 1591
317 1593
317 1771
318 1195
318 1833
319 448
319 532
319 763
319 1157
319 1212
319 1351
319 1370
319 1479
319 1565
319 1696
319 1924
319 1964
320 607
320 976
320 1579
321 333
321 469
321 476
321 662
321 1004
321 1575
322 332
322 657
322 1241
322 1627
322 1878
322 1990
323 1142
323 1173
323 1876
323 1905
324 483
324 514
324 1065
324 1447
324 1461
324 1576
324 1817
324 1905
325 573
325 643
325 995
325 1232
325 1259
325 1767
326 817
326 1077
326 1084
326 1191
326 1812
327 448
327 857
327 1249
327 1409
327 1614
327 1649
327 1676
327 1839
327 1879
328 521
328 784
328 855
328 968
328 1245
328 1570
328 1823
329 436
329 437
329 456
330 471
330 1118
330 1175
330 1788
330 1877
330 1989
331 537
331 731
331 737
331 1046
331 1123
331 1478
331 1579
331 1897
332 1392
332 1712
332 1727
333 628
333 691
333 1015
333 1132
333 1230
333 1818
333 1939
334 1230
334 1572
334 1573
334 1626
334 1781
334 1888
335 433
335 465
335 725
335 773
335 1091
335 1500
335 1679
336 415
336 612
336 1532
336 1938
337 623
337 786
337 1115
337 1235
337 1795
337 1809
338 425
338 431
338 641
338 1109
339 1067
339 1993
340 361
340 760
340 1126
340 1137
340 1418
340 1602
340 1636
340 1984
341 500
341 694
341 1486
341 1617
342 1215
342 1469
342 1552
342 1575
342 1652
343 377
343 827
343 1181
343 1229
343 1319
343 1395
343 1813
343 1936
344 544
344 608
344 623
344 929
344 1071
344 1311
344 1498
345 484
345 943
345 1085
345 1909
346 1068
346 1456
347 351
347 421
347 522
347 615
347 764
347 1307
347 1451
347 1475
347 1501
347 1609
347 1670
347 1711
347 1738
347 1933
348 370
348 431
348 574
348 1019
348 1467
349 658
349 942
349 1711
350 551
350 732
350 842
350 948
350 1082
350 1456
350 1989
351 744
351 823
351 928
351 1516
351 1725
351 1816
352 856
352 1164
352 1285
352 1330
352 1827
352 1881
353 609
353 1180
353 1335
354 898
354 1038
354 1882
354 1902
355 894
355 1009
355 1251
355 1648
355 1912
356 381
356 454
356 483
356 674
356 737
356 887
356 1506
357 487
357 681
357 974
357 1012
357 1532
357 1710
357 1711
357 1939
358 458
358 1137
358 1491
358 1650
358 1795
358 1918
359 553
359 797
359 1492
359 1566
359 1939
360 598
360 711
360 956
360 1050
360 1362
360 1491
360 1666
360 1840
361 1174
361 1868
362 554
362 1361
362 1435
362 1955
362 1999
363 688
363 802
363 963
363 1042
363 1379
363 1510
363 1659
363 1842
364 1262
364 1792
365 962
365 973
365 1626
365 1714
365 1883
366 860
366 1964
367 514
367 918
367 1031
367 1109
367 1177
368 426
368 473
368 1536
368 1574
368 1722
368 1799
369 589
369 1122
369 1347
369 1697
370 563
370 1068
370 1461
370 1517
370 1675
371 454
371 752
371 838
371 1638
372 425
372 637
372 933
372 1011
372 1381
373 379
373 394
373 1104
373 1251
373 1282
373 1428
373 1478
373 1851
374 433
374 619
374 770
374 1014
374 1138
374 1335
374 1377
374 1570
375 390
375 1055
375 1091
375 1111
375 1287
375 1623
375 1725
375 1841
376 398
376 872
376 1007
376 1311
376 1351
376 1442
376 1672
376 1754
376 1779
376 1904
377 727
377 1211
377 1306
377 1709
377 1870
378 546
378 1449
378 1549
378 1620
378 1970
379 503
379 1244
379 1249
379 1736
380 557
380 820
380 1261
380 1268
380 1545
380 1960
381 456
381 770
381 834
381 1060
381 1225
382 512
382 514
382 1020
382 1179
383 450
383 598
383 647
383 762
383 1154
383 1179
383 1347
383 1460
383 1575
383 1678
383 1683
383 1869
383 1932
384 420
384 1086
384 1333
385 506
385 568
385 905
385 1201
385 1284
386 409
386 639
386 886
386 1202
387 488
387 512
387 618
387 1253
387 1495
387 1912
388 999
388 1320
388 1467
388 1534
388 1682
388 1707
389 407
389 628
389 798
389 825
389 1175
389 1428
389 1936
390 748
390 1383
390 1394
390 1431
390 1582
390 1773
390 1906
390 1993
391 536
391 590
391 1082
391 1243
391 1511
391 1582
392 1387
392 1505
393 486
393 687
393 1753
393 1901
393 1913
394 764
394 1064
394 1701
395 863
395 877
395 1184
395 1555
395 1893
396 1139
396 1231
396 1693
397 515
397 659
397 683
398 749
398 820
398 991
398 1438
398 1730
399 405
399 876
399 1014
399 1032
399 1361
399 1386
399 1492
399 1581
399 1633
400 831
400 895
400 1014
400 1091
400 1460
400 1743
400 1843
400 1849
401 600
401 739
401 871
401 967
401 1751
401 1753
402 602
402 628
402 1217
402 1243
402 1883
403 511
403 785
403 917
403 1061
403 1181
403 1347
403 1535
403 1542
403 1763
404 1055
404 1158
404 1541
405 547
405 592
405 1386
405 1495
405 1695
405 1940
406 481
406 504
406 1440
406 1445
406 1601
406 1826
407 409
407 1243
407 1448
407 1577
407 1825
407 1932
408 1146
408 1369
408 1756
408 1758
409 466
409 609
409 818
409 957
409 1380
410 933
410 1382
411 1172
411 1256
412 739
412 764
412 1166
412 1331
412 1823
413 446
413 593
413 605
413 1026
414 1012
414 1110
414 1143
414 1714
414 1727
415 594
415 1050
415 1462
416 1338
416 1405
417 1250
417 1362
418 420
418 445
418 457
418 866
418 942
418 1218
418 1544
418 1558
418 1570
418 1633
419 453
419 522
419 624
419 1100
419 1126
419 1190
419 1503
419 1796
419 1892
419 1896
420 448
420 460
420 623
420 905
420 1223
420 1681
421 480
421 689
421 1109
421 1509
421 1540
421 1859
421 1955
421 1990
422 562
422 646
422 873
422 879
422 919
422 945
422 1440
422 1575
422 1937
423 636
423 1184
423 1748
424 471
424 1161
424 1594
425 475
425 546
425 663
425 686
425 870
425 1010
425 1156
425 1500
426 519
426 971
426 1470
426 1828
426 1845
427 637
427 1552
427 1568
427 1744
428 993
428 1160
428 1435
428 1870
429 450
429 913
429 979
429 980
429 1297
429 1468
429 1932
429 1948
430 496
430 590
430 698
430 1014
430 1806
431 609
431 693
431 965
431 1127
431 1154
431 1777
431 1951
432 578
432 749
432 802
432 855
432 1040
432 1663
432 1736
432 1860
432 1901
432 1931
433 1000
433 1004
433 1305
433 1771
434 493
434 781
434 933
434 1176
434 1286
434 1390
434 1565
434 1628
434 1916
434 1997
435 620
435 622
435 978
435 1009
435 1434
436 626
436 843
436 1388
436 1445
436 1711
436 1970
437 853
437 1451
437 1880
437 1995
438 950
438 1029
438 1380
438 1523
438 1527
438 1546
439 668
439 1779
440 805
440 817
440 1007
440 1272
440 1396
440 1564
440 1876
441 967
441 1192
441 1366
441 1428
441 1570
441 1665
441 1737
442 501
442 823
442 1420
442 1463
442 1501
442 1827
442 1860
443 832
443 1147
443 1212
443 1369
443 1449
443 1680
443 1712
443 1775
444 552
444 620
444 1619
445 1177
445 1178
445 1275
445 1587
446 897
446 1196
446 1345
446 1482
447 640
447 900
447 972
447 1186
447 1978
448 589
448 698
448 959
449 1037
449 1175
449 1343
449 1404
449 1750
449 1753
450 683
450 759
450 1170
450 1961
450 1997
451 493
451 735
451 856
451 1296
451 1386
451 1706
451 1868
452 455
452 528
452 538
452 1030
452 1235
452 1258
452 1643
452 1801
453 540
453 609
453 866
453 1936
454 458
454 520
454 613
454 720
454 764
454 1164
454 1247
454 1261
454 1464
454 1599
455 649
455 860
455 1825
455 1930
456 732
456 1637
456 1703
456 1983
457 558
457 610
457 889
457 1435
457 1605
457 1790
457 1800
458 606
458 810
458 1787
458 1924
459 911
459 937
459 950
459 1032
459 1303
459 1441
459 1541
459 1887
460 609
460 1136
460 1287
460 1476
460 1503
461 1044
461 1088
461 1334
461 1379
461 1637
461 1743
461 1945
462 795
462 798
462 936
462 986
462 1056
462 1552
462 1559
462 1912
463 499
463 596
463 729
463 1078
463 1082
463 1192
463 1364
463 1449
463 1597
464 603
464 1007
464 1578
464 1851
465 1043
465 1124
466 685
466 1049
466 1175
466 1698
466 1767
466 1795
467 539
467 674
467 948
467 1198
467 1262
467 1371
467 1691
467 1996
468 989
468 1037
468 1395
468 1582
468 1710
468 1810
468 1897
469 508
469 557
469 668
469 1398
469 1477
470 535
470 753
470 1535
470 1688
470 1751
471 1370
471 1609
472 563
472 793
472 828
472 1258
472 1466
472 1541
472 1590
472 1725
472 1902
472 1944
473 573
473 1973
474 734
474 1340
474 1391
474 1801
475 576
475 622
475 872
475 929
475 973
475 1017
475 1173
475 1958
476 705
476 1649
476 1820
477 497
477 735
477 999
477 1393
477 1419
477 1541
477 1905
477 1946
478 485
478 620
478 628
478 1325
479 1083
479 1714
479 1820
479 1943
479 1971
480 565
480 613
480 1251
480 1587
480 1696
480 1962
480 1970
481 529
481 546
481 772
481 918
481 1947
482 730
482 812
482 831
482 1036
482 1270
482 1320
482 1562
482 1772
482 1829
483 821
483 1054
483 1060
483 1230
483 1371
483 1881
484 654
484 852
484 920
484 1191
484 1304
484 1566
484 1624
484 1989
485 774
485 866
485 1061
485 1161
485 1343
485 1614
485 1704
486 1275
487 1027
487 1282
487 1426
487 1593
488 626
488 1045
488 1229
488 1478
488 1510
488 1803
489 1125
489 1300
489 1344
489 1645
489 1662
490 881
490 1156
490 1394
490 1703
491 825
491 1050
491 1689
491 1902
491 1978
492 497
492 1419
492 1670
492 1857
493 510
493 578
493 1716
493 1757
493 1851
493 1885
494 684
494 851
494 1284
494 1446
495 781
495 1033
495 1134
495 1191
495 1263
495 1295
495 1298
495 1454
495 1584
495 1674
496 806
496 1072
496 1393
496 1806
496 1995
497 526
497 869
498 638
498 1082
498 1357
498 1819
498 1911
499 585
499 801
499 866
499 919
499 939
499 1774
500 698
500 775
500 1368
500 1528
500 1841
500 1924
501 860
501 1075
501 1154
501 1438
502 995
502 1555
502 1578
502 1666
502 1703
503 826
503 1389
503 1585
503 1912
504 594
504 1013
504 1222
505 580
505 756
505 851
505 1035
505 1151
505 1579
505 1994
506 882
506 921
506 932
506 1125
506 1206
506 1264
506 1529
506 1552
507 567
507 658
507 672
507 762
507 790
507 816
507 1862
508 650
508 1549
508 1613
509 656
509 957
509 1786
510 1232
510 1691
511 615
511 694
512 914
512 963
512 1196
512 1431
513 584
513 929
513 1102
513 1257
513 1392
513 1564
514 517
514 625
514 1846
514 1997
515 656
515 660
515 1469
515 1687
516 591
516 679
516 754
516 1112
516 1329
517 925
517 1004
517 1252
517 1772
517 1830
517 1869
518 897
518 1292
518 1382
519 546
519 858
519 1053
520 645
521 554
521 636
521 822
521 860
521 1034
521 1180
521 1244
521 1541
522 567
522 1374
522 1434
522 1715
523 682
523 960
523 1129
523 1234
523 1940
523 1985
524 985
524 1119
524 1258
524 1399
524 1835
525 629
525 1240
525 1592
525 1847
526 548
526 757
526 777
526 1435
527 1098
527 1128
527 1301
528 1594
528 1750
529 655
529 781
529 1546
529 1750
529 1760
529 1769
530 568
530 830
530 1763
530 1774
531 778
531 855
531 898
531 1074
531 1382
531 1549
532 634
532 1338
532 1478
533 649
533 1118
533 1167
533 1423
533 1649
534 968
534 1247
534 1623
534 1658
535 966
535 1168
535 1334
535 1623
536 556
536 946
536 1088
536 1618
536 1833
537 895
537 1008
537 1555
537 1621
537 1839
538 1396
538 1480
539 596
539 782
539 1384
540 592
540 608
540 746
540 1879
540 1957
541 994
541 1009
541 1227
541 1235
541 1438
541 1906
542 611
542 678
542 981
542 1064
542 1279
542 1291
542 1565
543 652
543 789
543 1082
543 1092
543 1282
543 1308
543 1351
543 1484
543 1522
544 1052
544 1576
544 1595
545 1120
545 1561
545 1684
545 1773
545 1962
546 967
546 1167
546 1357
546 1656
546 1671
546 1872
547 573
547 750
547 866
547 1354
547 1924
548 699
548 938
548 1912
548 1924
549 828
549 1031
549 1369
550 552
550 801
550 819
551 680
551 850
551 860
551 946
551 1192
551 1239
551 1269
551 1440
551 1762
551 1971
552 852
552 1014
552 1684
552 1823
553 651
553 1268
553 1764
553 1806
554 838
554 874
554 1441
554 1493
554 1636
554 1899
555 1336
555 1346
555 1532
555 1561
556 1311
556 1869
557 687
557 1848
558 622
558 900
558 1199
559 1154
559 1217
559 1329
559 1711
559 1771
559 1839
560 841
560 890
560 1300
560 1454
560 1666
560 1674
561 568
561 640
561 838
561 1172
561 1376
561 1659
561 1843
561 1958
562 1244
562 1391
562 1419
562 1429
562 1583
562 1924
563 1139
563 1513
563 1713
564 804
564 907
564 1903
565 1044
565 1158
565 1905
566 1662
567 781
567 936
567 1716
568 829
568 1303
568 1566
568 1604
568 1899
569 678
569 886
569 1280
569 1361
569 1641
570 695
570 715
570 780
570 1758
571 1020
571 1715
572 793
572 878
572 1176
572 1207
572 1359
572 1738
573 1194
573 1333
573 1669
574 643
574 1105
574 1567
574 1840
574 1981
575 791
575 1023
575 1385
576 820
576 845
576 849
576 932
576 1053
576 1211
576 1595
576 1638
576 1777
576 1878
577 580
577 991
577 1072
577 1213
577 1322
577 1504
577 1565
577 1642
577 1699
577 1850
578 652
578 745
579 686
579 696
579 863
579 879
579 964
579 1155
579 1597
579 1736
580 851
580 914
580 1125
580 1150
580 1455
580 1696
580 1805
581 1113
581 1127
581 1433
581 1543
581 1665
581 1955
582 747
582 1262
582 1447
582 1455
582 1696
583 587
583 1715
583 1755
584 731
584 735
584 1428
584 1681
585 803
585 996
585 1370
585 1880
586 703
586 854
586 1306
586 1405
586 1546
586 1757
586 1900
587 1020
587 1439
587 1593
587 1949
588 625
588 1573
588 1590
588 1652
588 1875
589 698
589 1495
589 1533
589 1737
589 1954
590 593
590 1390
590 1659
591 601
591 824
591 829
591 956
591 1035
592 1187
592 1190
592 2000
593 941
593 1396
593 1424
593 1632
593 1797
593 1805
594 795
594 1048
594 1304
594 1342
594 1563
594 1725
595 1039
595 1169
595 1583
595 1785
596 703
596 987
596 1289
596 1940
597 1244
598 728
598 1009
598 1078
598 1772
598 1780
598 1965
599 815
599 1572
599 1943
600 1120
600 1206
600 1309
600 1346
600 1421
600 1660
601 889
601 912
601 1332
601 1431
601 1556
601 1812
601 1869
602 676
602 1126
602 1381
602 1632
603 634
603 964
603 1177
603 1810
603 1909
603 1958
604 1043
604 1197
604 1220
604 1562
604 1781
605 830
605 1241
605 1529
606 899
607 755
607 780
607 792
607 885
607 911
607 1021
607 1045
607 1406
607 1517
608 891
608 1825
608 1907
609 611
609 904
609 1321
609 1345
609 1412
609 1478
609 1829
610 625
610 707
610 1563
610 1729
610 1875
611 615
611 1135
611 1249
611 1774
611 1802
612 1132
612 1161
612 1256
612 1380
612 1477
612 1853
612 1971
613 1614
613 1999
614 1990
615 629
615 1500
616 661
616 1006
616 1018
616 1754
616 1773
617 817
617 1001
617 1214
617 1222
617 1223
617 1897
618 887
618 1613
618 1727
618 1873
619 945
619 960
619 973
619 993
619 1251
619 1688
619 1955
620 1049
620 1249
620 1419
620 1876
621 726
621 913
621 1055
621 1179
621 1440
621 1870
622 1339
622 1481
622 1600
622 1704
623 640
623 730
624 684
624 768
624 1057
624 1195
624 1598
625 1132
625 1178
625 1193
625 1268
625 1344
625 1352
625 1547
625 1563
625 1797
625 1816
626 679
626 1405
626 1503
626 1828
627 1363
627 1636
627 1825
627 1940
628 637
628 800
628 1288
628 1623
628 1904
628 1937
629 682
629 907
629 912
629 1406
630 859
630 1225
630 1573
630 1912
631 791
631 1080
631 1577
631 1832
632 713
632 963
632 1272
632 1356
632 1568
632 1671
632 1696
632 1729
633 681
633 969
633 1362
633 1426
633 1798
634 1592
635 781
635 852
635 1473
635 1577
636 838
636 894
636 1100
636 1306
636 1403
636 1587
637 943
637 999
637 1241
637 1580
637 1800
638 1506
638 1867
639 1186
639 1208
639 1231
639 1347
639 1965
640 1137
640 1595
640 1747
640 1901
640 1955
640 1992
641 726
641 1523
641 1609
641 1828
643 715
643 857
643 954
643 1301
643 1319
644 815
644 823
644 1036
644 1081
644 1279
644 1355
644 1460
645 826
645 888
645 1541
645 1736
645 1794
646 1054
646 1096
646 1282
646 1707
647 728
647 752
647 1128
648 1767
649 1245
649 1390
650 942
650 1030
650 1390
650 1883
651 661
651 1147
651 1367
651 1426
651 1432
651 1557
652 880
653 1171
653 1297
653 1329
653 1718
653 1788
654 949
654 1160
654 1246
654 1283
654 1296
654 1709
654 1823
654 1935
655 838
655 1636
656 717
656 952
656 1683
656 1712
656 1923
657 1387
657 1788
658 781
658 1040
658 1244
658 1510
658 1560
659 1026
659 1501
659 1616
659 1700
660 911
660 931
660 1281
660 1595
661 726
661 866
661 1041
661 1106
661 1515
661 1616
661 1745
662 666
662 698
662 865
662 973
662 984
662 1964
663 791
663 1004
663 1420
663 1694
663 1755
664 989
664 1207
664 1557
664 1638
664 1939
665 746
665 1175
665 1192
665 1222
665 1784
666 975
666 1012
666 1318
666 1392
666 1591
666 1970
667 884
667 1344
667 1661
668 1120
668 1234
668 1494
668 1924
669 848
669 986
669 1758
670 833
670 940
670 1900
671 1126
671 1564
671 1722
671 1882
672 809
672 821
672 1185
672 1207
672 1313
672 1421
672 1662
672 1869
672 1999
673 1222
673 1283
673 1353
673 1452
673 1661
675 676
675 783
675 1284
675 1555
675 1694
675 1772
676 827
676 906
676 961
676 1200
676 1286
676 1585
676 1837
676 1998
677 980
677 1099
677 1110
677 1160
677 1314
677 1517
677 1697
677 1827
678 772
678 1128
678 1132
678 1782
678 1834
679 769
679 1330
679 1518
679 1588
680 1177
680 1625
680 1929
681 684
681 710
681 727
681 1413
681 1663
682 996
682 1170
682 1562
682 1711
682 1980
683 930
683 1769
683 1830
684 853
684 1515
684 1555
684 1624
684 1833
684 1964
685 745
685 778
685 780
685 898
685 992
685 1040
685 1152
685 1620
686 761
686 842
686 1070
686 1307
686 1695
686 1847
687 788
687 1159
687 1542
688 1018
688 1366
688 1452
688 1930
689 1116
689 1491
690 719
690 804
690 1537
690 1812
691 1077
691 1656
691 1997
692 1864
693 949
693 953
693 1669
694 706
694 725
694 802
694 958
694 1145
694 1214
694 1588
694 1751
695 1094
695 1876
695 1956
696 908
696 1075
696 1644
697 816
697 1293
697 1398
697 1592
697 1697
697 1810
697 1823
698 871
698 1240
698 1351
698 1925
699 726
699 750
699 836
699 984
699 1276
699 1366
699 1802
699 1857
699 1939
700 836
700 857
700 1325
700 1466
700 1490
700 1695
700 1904
701 1341
701 1561
701 1623
701 1828
702 734
702 838
702 1228
703 836
703 860
703 889
703 1099
703 1445
703 1838
704 889
704 1986
705 1270
705 1685
706 1888
707 888
707 978
707 1236
707 1373
707 1403
707 1529
707 1774
707 1980
708 723
708 1471
708 1813
709 874
709 1684
709 1714
709 1810
709 1841
709 1854
710 862
710 1041
710 1163
710 1752
710 1778
711 848
711 1137
711 1389
711 1640
712 850
712 952
712 1955
713 928
713 1754
713 1855
714 894
714 902
714 1043
714 1149
714 1485
714 1512
714 1721
714 1856
715 1281
715 1446
715 1744
716 1310
716 1395
716 1494
716 1629
716 1836
716 1974
717 1369
717 1858
717 1930
717 1958
719 1043
719 1537
719 1550
719 1600
719 1745
719 1802
719 1822
720 739
720 988
720 1003
720 1124
720 1480
720 1751
720 1841
721 809
721 1018
721 1616
722 1306
722 1347
722 1618
722 1954
723 1043
723 1334
723 1458
724 745
724 806
724 1428
724 1485
724 1579
725 988
725 1168
725 1807
726 1019
726 1265
726 1510
726 1531
726 1663
726 1682
726 1779
727 755
727 820
727 962
727 1661
727 1712
727 1971
728 847
728 1430
728 1971
729 991
729 1094
729 1200
729 1261
729 1861
730 1038
730 1255
730 1315
730 1475
731 786
731 1368
731 1460
731 1628
732 901
732 1007
732 1458
732 1903
733 1184
733 1599
733 1983
734 1050
734 1435
734 1579
734 1829
735 842
735 1125
735 1181
735 1674
735 1762
735 1816
735 1895
735 1932
736 995
736 1562
736 1655
736 1789
736 1859
737 970
737 1782
737 1839
738 833
738 965
738 1278
739 1336
739 1339
739 1368
739 1420
739 1792
739 1928
740 930
741 841
741 1122
741 1263
741 1289
741 1331
741 1435
741 1449
741 1783
742 797
742 1567
742 1870
743 1377
743 1582
743 1689
743 1833
743 1919
744 951
744 1028
744 1264
745 759
745 1366
745 1742
745 1799
745 1872
746 975
746 1478
746 1677
746 1935
746 1969
747 1339
747 1414
747 1659
747 1733
747 1815
747 1821
747 1924
748 1010
748 1214
748 1463
749 1001
749 1074
749 1085
749 1306
749 1346
750 796
750 800
750 1095
750 1506
751 906
751 1133
751 1166
751 1175
751 1837
752 1496
752 1934
752 1980
753 1067
753 1130
753 1186
753 1314
753 1514
753 1928
754 885
754 1070
754 1457
754 1855
755 929
755 1902
756 1093
756 1144
756 1217
757 810
757 929
757 1028
757 1547
757 1959
758 781
758 829
758 909
758 1051
758 1054
758 1229
758 1859
759 1121
759 1458
759 1576
759 1766
759 1863
759 1934
760 1468
760 1547
761 770
761 786
761 864
761 919
761 1911
762 877
762 1038
762 1436
763 809
763 1074
763 1124
763 1203
763 1257
763 1433
763 1689
764 1185
764 1683
765 989
765 1065
765 1247
765 1344
765 1350
765 1474
765 1676
765 1677
765 1679
765 1831
766 942
766 1177
766 1674
766 1995
767 863
767 1212
767 1226
767 1569
767 1716
768 816
768 912
768 923
768 1181
768 1450
769 1096
769 1129
769 1538
769 1916
769 2000
770 811
770 1200
770 1620
770 1718
771 1004
771 1235
771 1250
771 1362
771 1701
771 1752
772 964
773 800
773 936
773 1164
773 1224
773 1620
773 1912
774 927
774 1537
774 1995
775 815
775 1213
777 1278
777 1665
777 1950
778 911
778 1999
779 1354
780 981
780 1285
780 1316
780 1544
780 1857
780 1880
781 846
781 910
781 1199
781 1560
782 1737
782 1867
783 877
783 1059
783 1379
784 1313
784 1426
784 1590
784 1850
785 869
785 894
785 1184
785 1627
785 1656
785 1835
785 1857
785 1998
786 789
786 1009
786 1873
787 878
787 1333
787 1537
787 1999
788 801
788 1056
788 1587
788 1754
788 1992
789 1104
789 1319
789 1535
789 1896
789 1911
790 1224
790 1231
790 1292
790 1311
790 1495
790 1515
790 1610
790 1742
790 1819
791 935
791 1080
791 1877
792 1639
792 1838
793 877
793 1284
793 1562
793 1802
793 1908
794 887
794 1859
795 1075
795 1344
795 1721
795 1761
795 1804
796 842
796 901
796 1696
796 1807
796 1898
797 826
797 864
797 1549
798 868
798 897
798 1552
799 1115
799 1558
800 1126
800 1153
800 1279
800 1339
800 1369
800 1483
800 1574
800 1735
800 1800
800 1809
800 1943
801 857
801 1084
801 1136
801 1352
801 1863
802 959
802 1570
803 902
803 1031
803 1454
803 1610
803 1615
803 1835
804 844
804 1310
804 1485
804 1542
804 1810
804 1825
805 1243
805 1259
805 1466
805 1472
805 1473
805 1637
805 1792
806 811
806 1194
806 1397
806 1480
806 1865
807 1019
807 1102
807 1613
807 1809
807 1977
808 1110
808 1118
808 1416
808 1715
808 1761
808 1952
809 1007
809 1590
810 1686
810 1986
811 1176
812 1346
812 1428
812 1695
812 1795
812 1917
813 944
813 1627
813 1681
813 1951
814 1020
814 1239
814 1314
814 1320
814 1572
815 1014
815 1539
815 1568
815 1679
815 1839
816 1064
816 1724
816 1811
817 1084
817 1171
817 1545
817 1677
817 1735
817 1840
818 841
818 1185
818 1361
818 1541
818 1770
818 1836
818 1993
819 1010
819 1099
821 1291
821 1623
821 1864
821 1957
822 1206
822 1404
822 1443
823 1135
823 1283
823 1721
823 1779
823 1937
824 1500
825 1638
825 1749
826 1016
826 1339
826 1384
826 1390
826 1779
826 1824
827 958
827 1049
827 1586
827 1603
827 1678
828 905
828 1168
828 1169
828 1227
828 1655
828 1777
828 1845
828 1847
829 1309
829 1497
829 1499
829 1544
830 1105
830 1690
831 981
831 1407
831 1754
832 1285
832 1334
832 1428
833 1529
833 1612
834 1080
834 1090
834 1171
834 1347
834 1450
834 1612
834 1834
835 868
835 1399
836 995
836 1232
836 1348
836 1447
836 1695
837 874
837 896
837 975
837 1103
837 1120
837 1146
837 1439
837 1646
837 1736
837 1738
838 868
838 1059
838 1233
839 888
839 944
839 1019
839 1681
839 1728
840 982
840 1133
840 1150
840 1158
840 1336
840 1538
840 1822
841 1388
841 1444
841 1748
841 1818
842 1040
842 1098
842 1632
842 1836
842 1987
843 1121
843 1373
844 945
844 983
845 911
845 923
845 1440
845 1547
845 1727
845 1987
846 853
846 985
846 1046
846 1416
847 1092
847 1218
847 1373
847 1787
848 1494
848 1761
849 1049
849 1368
849 1384
849 1519
849 1559
850 1260
850 1397
850 1426
851 967
851 1162
851 1738
851 1755
852 1827
853 993
853 1176
853 1423
853 1759
853 1910
854 1613
855 1223
855 1496
855 1559
856 1028
856 1061
856 1574
856 1967
857 861
857 1243
857 1615
858 1418
859 978
859 1142
859 1239
860 1192
860 1415
860 1633
860 1794
861 1126
861 1256
861 1432
861 1792
861 1951
862 929
862 1059
862 1327
862 1533
862 1581
862 1692
862 1748
862 1873
863 1224
863 1711
864 1472
865 1334
865 1399
865 1419
865 1492
865 1687
867 1119
867 1198
867 1360
867 1594
868 1688
868 1814
868 1861
868 1948
869 1141
869 1167
869 1388
869 1431
869 1528
869 1540
869 1795
870 1182
870 1885
871 981
871 1214
871 1489
871 1506
872 1443
872 1597
872 1674
872 1767
872 1942
873 882
874 1295
874 1555
874 1766
874 1775
874 1889
874 1957
875 970
875 1287
875 1402
875 1537
875 1773
876 1342
876 1952
877 1153
877 1512
877 1588
877 1815
877 1848
878 1129
878 1147
878 1576
878 1629
878 1729
878 1916
878 1933
879 1209
879 1338
879 1399
879 1416
879 1590
879 1591
879 1955
880 893
880 957
880 959
880 1012
880 1308
880 1334
880 1341
880 1487
880 1526
880 1694
881 1062
881 1377
881 1487
881 1530
881 1553
881 1697
881 1872
882 892
882 1331
883 1186
883 1208
883 1500
883 1891
884 914
884 1757
885 1151
885 1996
886 918
886 1159
886 1415
886 1929
887 1070
887 1116
887 1431
887 1441
887 1485
887 1541
887 1646
887 1682
887 1760
888 952
888 1254
888 1916
889 1416
889 1940
890 1421
890 1532
890 1568
891 1075
891 1296
891 1312
892 1092
892 1249
892 1255
892 1449
892 1602
893 1033
893 1434
893 1922
894 1136
894 1551
894 1802
895 1982
896 1509
896 1663
896 1807
897 1185
897 1307
897 1679
897 1699
897 1801
898 943
898 1161
898 1532
899 1476
899 1669
900 1131
900 1202
900 1358
900 1446
900 1526
900 1552
900 1616
901 1270
901 1502
901 1535
902 951
902 1590
903 992
903 1077
903 1111
903 1890
904 911
904 1117
904 1164
904 1546
905 1722
906 965
906 994
906 1514
906 1841
907 1042
907 1124
907 2000
908 994
908 1068
908 1192
908 1968
909 1118
909 1310
909 1444
910 994
910 1124
910 1290
910 1809
911 1225
911 1365
911 1801
912 1395
912 1433
912 1455
912 1692
912 1784
913 1019
913 1241
913 1317
914 926
914 1161
914 1402
914 1416
914 1503
914 1606
914 1821
915 1841
916 1338
917 1222
917 1300
917 1456
918 946
918 1108
918 1278
918 1920
919 1483
919 1987
920 973
921 1286
921 1648
921 1650
921 1796
922 1307
923 1549
923 1561
923 1623
923 1701
923 1718
923 1726
923 1742
924 1019
924 1101
924 1230
924 1570
924 1579
925 1025
925 1275
925 1364
926 1093
926 1881
927 972
927 1307
927 1453
927 1817
928 1263
928 1620
928 1978
929 1050
929 1200
929 1207
929 1536
929 1574
929 1637
929 1640
929 1711
930 938
930 1596
930 1673
930 1702
930 1899
930 1904
931 1022
931 1170
931 1653
931 1672
931 1986
932 1137
932 1879
933 1111
933 1290
933 1485
934 953
934 1287
934 1385
934 1643
937 1174
937 1349
937 1732
938 1019
938 1268
938 1970
939 1416
939 1750
939 1868
940 1179
940 1217
940 1241
940 1920
940 1939
941 1053
941 1693
942 1214
942 1294
942 1458
942 1560
942 1710
943 1595
943 1596
943 1600
943 1603
943 1679
944 1582
944 1708
944 1747
944 1864
945 1360
945 1513
946 966
946 1323
946 1851
946 1898
946 1993
947 1264
947 1311
947 1890
948 955
948 962
949 1669
950 1034
950 1244
951 979
951 1236
951 1283
951 1596
952 1560
952 1696
952 1790
953 1050
953 1208
954 1863
955 1116
955 1546
955 1771
955 1880
956 1238
956 1542
956 1688
956 1790
956 1888
957 1115
957 1564
958 1004
958 1533
958 1676
959 1111
959 1264
959 1649
959 1995
960 974
960 1068
960 1447
960 1449
960 1520
960 1615
961 1549
961 1630
961 1938
962 1208
962 1508
962 1523
962 1612
963 1098
963 1232
964 1088
964 1254
964 1686
965 971
965 1479
965 1528
965 1667
966 982
966 1369
967 1677
967 1980
968 1004
968 1157
968 1379
968 1993
969 1833
970 1721
971 1346
971 1409
971 1428
971 1602
972 1172
972 1398
973 1119
973 1304
973 1795
973 1986
974 1721
974 1894
976 1097
976 1393
976 1497
976 1557
976 1756
976 1825
977 1232
977 1406
977 1533
977 1825
978 1050
978 1189
978 1646
978 1953
978 1995
979 1028
979 1118
979 1254
979 1594
980 1093
980 1217
980 1252
980 1595
980 1848
980 1937
981 1342
982 1105
982 1396
982 1475
982 1509
982 1737
983 1201
983 1298
983 1427
983 1517
983 1589
984 1188
984 1239
984 1454
984 1474
984 1748
985 1148
985 1298
985 1323
986 1370
986 1750
986 1789
987 1497
988 1776
989 1113
989 1437
989 1444
989 1919
989 1968
990 1014
990 1093
990 1182
990 1222
990 1367
990 1380
990 1606
990 1699
991 1075
991 1185
991 1731
992 1361
992 1993
993 1087
993 1495
993 1599
993 1818
994 1343
995 1695
995 1887
996 1773
996 1805
997 1362
997 1449
997 1654
997 1827
997 1844
998 1421
998 1464
999 1081
999 1412
999 1462
1002 1647
1003 1067
1003 1516
1004 1139
1004 1887
1005 1261
1005 1562
1005 1757
1005 1998
1006 1392
1006 1406
1006 1588
1006 1761
1007 1580
1007 1620
1007 1955
1007 1991
1007 1993
1007 1997
1008 1207
1008 1242
1008 1763
1009 1118
1009 1263
1009 1567
1009 1961
1010 1182
1010 1378
1010 1693
1010 1786
1010 1788
1011 1602
1011 1681
1011 1918
1011 1949
1012 1490
1012 1501
1012 1581
1012 1640
1012 1749
1012 1924
1013 1148
1013 1303
1013 1501
1013 1919
1014 1543
1014 1622
1015 1432
1015 1734
1016 1198
1016 1634
1016 1769
1017 1060
1017 1383
1017 1462
1017 1635
1018 1027
1018 1376
1018 1959
1019 1041
1019 1246
1019 1277
1019 1370
1019 1756
1019 1789
1020 1441
1020 1592
1021 1328
1021 1369
1021 1406
1021 1566
1021 1594
1021 1976
1022 1696
1022 1717
1022 1831
1023 1338
1023 1795
1024 1325
1024 1354
1024 1485
1024 1932
1025 1147
1025 1443
1025 1670
1026 1335
1026 1415
1026 1560
1026 1921
1027 1157
1027 1163
1028 1258
1028 1421
1028 1745
1029 1214
1029 1216
1029 1373
1029 1453
1029 1655
1029 1678
1029 1783
1029 1882
1030 1858
1031 1232
1031 1284
1031 1590
1031 1637
1031 1862
1032 1549
1032 1609
1033 1968
1033 1991
1034 1285
1034 1567
1034 1652
1034 1706
1035 1236
1035 1382
1035 1421
1035 1916
1036 1105
1036 1285
1036 1442
1036 1781
1037 1680
1037 1779
1038 1079
1038 1210
1038 1857
1039 1405
1039 1480
1040 1419
1040 1853
1041 1452
1042 1105
1042 1763
1042 1894
1043 1391
1043 1682
1043 1754
1043 1848
1043 1875
1044 1234
1044 1245
1044 1786
1044 1864
1044 1891
1045 1048
1045 1128
1045 1507
1046 1105
1046 1657
1046 1800
1046 1864
1048 1088
1048 1672
1049 1223
1049 1314
1050 1615
1050 1688
1050 1744
1050 1760
1051 1197
1051 1328
1051 1408
1051 1430
1051 1556
1051 1607
1051 1877
1052 1373
1052 1439
1053 1378
1053 1485
1053 1781
1054 1072
1054 1111
1054 1339
1054 1343
1054 1644
1055 1719
1055 1749
1055 1752
1055 1987
1055 1994
1056 1576
1056 1662
1057 1142
1057 1340
1057 1543
1058 1877
1060 1312
1060 1619
1060 1638
1060 1852
1061 1086
1061 1378
1061 1589
1061 1834
1062 1559
1062 1638
1062 1754
1062 1834
1062 1929
1063 1179
1063 1251
1063 1918
1063 1994
1064 1480
1064 1671
1064 1682
1065 1607
1065 1645
1066 1581
1066 1590
1067 1245
1067 1294
1067 1753
1067 1832
1067 1937
1069 1252
1069 1277
1069 1347
1069 1471
1070 1118
1070 1343
1070 1689
1070 1991
1072 1171
1072 1609
1072 1751
1073 1106
1073 1756
1073 1867
1074 1720
1074 1924
1075 1619
1075 1704
1076 1956
1077 1804
1077 1959
1078 1547
1078 1595
1078 1889
1079 1517
1079 1766
1079 1807
1079 1928
1081 1087
1081 1663
1082 1143
1082 1387
1082 1437
1082 1750
1082 1797
1082 1946
1084 1107
1084 1493
1084 1823
1085 1123
1085 1692
1086 1162
1086 1525
1086 1594
1087 1140
1087 1165
1087 1676
1087 1704
1088 1379
1089 1269
1089 1428
1089 1835
1090 1158
1090 1934
1091 1117
1091 1292
1091 1606
1092 1107
1092 1372
1092 1406
1092 1522
1093 1913
1094 1104
1094 1261
1094 1292
1094 1526
1094 1734
1094 1982
1095 1225
1095 1463
1095 1948
1096 1702
1096 1706
1096 1928
1096 1967
1097 1660
1097 1983
1098 1427
1098 1689
1098 1730
1098 1773
1098 1989
1099 1234
1099 1381
1100 1432
1100 1448
1102 1188
1102 1498
1102 1688
1102 1817
1103 1749
1104 1141
1104 1563
1105 1324
1105 1371
1105 1748
1106 1713
1106 1997
1107 1185
1107 1364
1107 1365
1108 1178
1108 1286
1108 1365
1108 1450
1108 1868
1108 2000
1109 1508
1109 1539
1109 1924
1110 1275
1110 1585
1111 1116
1111 1442
1111 1825
1112 1437
1112 1801
1113 1125
1113 1234
1113 1356
1113 1372
1114 1337
1115 1452
1115 1888
1116 1132
1117 1376
1118 1393
1118 1693
1118 1919
1121 1265
1121 1734
1121 1769
1121 1857
1122 1526
1123 1308
1123 1490
1123 1710
1124 1391
1124 1410
1124 1533
1124 1577
1124 1640
1124 1940
1125 1214
1125 1366
1125 1797
1126 1302
1126 1408
1126 1741
1127 1224
1127 1474
1127 1566
1127 1956
1128 1328
1128 1463
1128 1723
1129 1654
1129 1717
1130 1304
1131 1592
1131 1848
1132 1331
1132 1384
1133 1613
1133 1805
1133 1918
1133 1932
1134 1551
1135 1257
1135 1278
1136 1226
1136 1411
1136 1931
1136 1959
1136 1999
1137 1368
1137 1579
1137 1840
1137 1847
1137 1903
1138 1206
1138 1577
1139 1181
1139 1754
1139 1822
1140 1456
1140 1668
1140 1766
1141 1254
1142 1303
1142 1812
1142 1898
1143 1302
1143 1811
1143 1844
1144 1171
1144 1252
1144 1257
1145 1463
1145 1470
1145 1483
1145 1521
1145 1903
1146 1254
1146 1296
1146 1343
1146 1504
1146 1642
1146 1688
1147 1242
1147 1900
1148 1218
1148 1267
1148 1291
1148 1554
1148 1585
1148 1910
1148 1912
1149 1477
1150 1367
1150 1457
1150 1583
1150 1658
1150 1752
1151 1155
1151 1290
1151 1459
1151 1523
1151 1646
1151 1943
1152 1341
1153 1369
1153 1420
1153 1757
1154 1844
1155 1196
1155 1633
1155 1706
1155 1949
1156 1362
1156 1516
1157 1158
1157 1512
1158 1348
1158 1562
1158 1990
1159 1190
1159 1245
1159 1366
1159 1790
1159 1841
1159 1870
1160 1498
1160 1690
1160 1785
1161 1183
1161 1392
1161 1413
1161 1939
1162 1399
1162 1956
1163 1231
1163 1261
1164 1259
1164 1354
1164 1356
1165 1396
1165 1913
1166 1469
1168 1433
1168 1615
1168 1772
1168 1970
1169 1257
1169 1301
1169 1479
1169 1874
1169 1992
1170 1234
1171 1195
1171 1695
1171 1698
1171 1761
1172 1564
1172 1688
1172 1799
1172 1960
1173 1487
1173 1663
1173 1751
1174 1472
1174 1872
1174 1879
1175 1274
1175 1327
1175 1949
1177 1548
1177 1635
1177 1983
1178 1196
1178 1251
1178 1373
1178 1374
1178 1465
1179 1742
1179 1744
1179 1843
1180 1558
1180 1894
1180 1979
1181 1437
1182 1355
1182 1466
1183 1410
1183 1498
1183 1684
1183 1735
1184 1410
1184 1788
1184 1859
1185 1271
1185 1339
1185 1415
1185 1564
1186 1236
1186 1313
1186 1315
1186 1330
1186 1502
1186 1699
1186 1711
1186 1912
1187 1323
1187 1942
1188 1809
1189 1213
1189 1511
1189 1599
1189 1733
1189 1815
1190 1407
1190 1910
1191 1374
1191 1422
1191 1432
1191 1618
1191 1738
1192 1701
1193 1332
1195 1419
1196 1389
1196 1612
1197 1488
1197 1625
1197 1859
1198 1320
1198 1960
1199 1279
1199 1542
1199 1761
1199 1767
1199 1898
1200 1415
1200 1436
1200 1604
1200 1736
1201 1729
1202 1801
1203 1541
1203 1545
1203 1905
1204 1206
1204 1321
1204 1703
1204 1727
1204 1976
1205 1261
1205 1363
1205 1617
1205 1663
1206 1791
1206 1991
1207 1609
1208 1410
1208 1699
1208 1852
1208 1929
1209 1566
1209 1642
1209 1803
1210 1531
1210 1937
1210 1976
1211 1216
1211 1705
1211 1765
1211 1894
1211 1967
1212 1526
1213 1286
1213 1420
1213 1498
1213 1538
1213 1643
1213 1790
1213 1955
1214 1786
1214 1995
1215 1250
1216 1393
1216 1394
1216 1395
1217 1446
1218 1458
1219 1324
1219 1512
1219 1938
1220 1239
1220 1338
1220 1576
1220 1678
1221 1324
1221 1363
1222 1254
1223 1806
1224 1361
1224 1369
1225 1303
1225 1346
1225 1530
1225 1727
1225 1993
1225 1998
1226 1672
1226 1883
1227 1285
1227 1380
1227 1968
1228 1417
1228 1831
1228 1877
1229 1295
1229 1325
1229 1796
1229 1956
1229 1992
1230 1533
1230 1805
1231 1613
1231 1634
1231 1688
1231 1989
1232 1247
1232 1560
1232 1587
1232 1961
1233 1432
1233 1489
1233 1591
1233 1622
1233 1685
1233 1813
1233 1820
1233 1853
1235 1280
1235 1430
1235 1812
1236 1417
1236 1701
1237 1270
1237 1549
1237 1550
1237 1795
1238 1721
1238 1792
1239 1782
1239 1998
1241 1346
1241 1442
1241 1656
1241 1701
1242 1336
1242 1727
1242 1809
1243 1965
1244 1640
1245 1830
1245 1917
1246 1349
1246 1501
1246 1533
1246 1573
1246 1626
1246 1924
1246 1993
1247 1794
1247 1812
1247 1853
1248 1303
1248 1843
1248 1957
1249 1329
1249 1911
1250 1453
1250 1582
1250 1613
1251 1801
1252 1804
1253 1262
1253 1501
1254 1267
1254 1734
1254 1780
1256 1471
1256 1730
1257 1435
1257 1472
1257 1659
1257 1950
1257 1988
1259 1320
1259 1766
1259 1774
1259 1933
1260 1415
1260 1774
1261 1372
1261 1530
1261 1868
1262 1387
1262 1906
1263 1288
1263 1705
1263 1811
1264 1351
1264 1362
1264 1480
1264 1632
1265 1271
1266 1724
1266 1942
1267 1729
1267 1759
1268 1470
1268 1573
1268 1662
1268 1828
1269 1436
1269 1497
1269 1662
1269 1786
1270 1508
1270 1572
1270 1940
1271 1835
1271 1849
1272 1657
1272 1756
1272 1949
1273 1650
1273 1908
1273 1994
1274 1311
1274 1769
1275 1410
1275 1928
1275 1930
1276 1321
1276 1585
1276 1718
1277 1413
1277 1651
1277 1838
1277 1999
1278 1555
1278 1565
1278 1596
1278 1945
1279 1346
1280 1364
1280 1468
1280 1482
1280 1586
1281 1763
1281 1817
1281 1839
1281 1876
1282 1932
1283 1712
1284 1953
1285 1348
1286 1371
1286 1394
1286 1473
1286 1538
1286 1689
1287 1561
1287 1651
1287 1729
1287 1782
1287 1871
1287 1948
1288 1532
1288 1659
1288 1703
1289 1756
1289 1788
1289 1840
1290 1319
1290 1651
1290 1862
1291 1385
1291 1471
1291 1631
1291 1694
1292 1834
1292 1984
1293 1594
1293 1863
1294 1544
1294 1652
1294 1676
1294 1781
1294 1787
1295 1334
1295 1569
1295 1628
1295 1994
1296 1301
1296 1611
1296 1641
1297 1466
1297 1757
1297 1874
1297 1948
1299 1400
1300 1334
1300 1468
1300 1497
1300 1916
1301 1722
1301 1986
1302 1892
1302 1911
1304 1313
1304 1555
1305 1462
1305 1478
1305 1494
1305 1831
1306 1710
1306 1880
1307 1549
1307 1924
1308 1534
1309 1325
1309 1351
1310 1436
1310 1527
1310 1659
1310 1702
1310 1786
1310 1831
1311 1860
1312 1342
1312 1498
1312 1789
1313 1384
1313 1664
1313 1998
1314 1634
1314 1648
1314 1956
1315 1859
1316 1538
1316 1748
1317 1367
1317 1607
1317 1660
1318 1361
1318 1383
1318 1462
1318 1733
1319 1571
1319 1770
1320 1428
1320 1570
1320 1679
1321 1323
1321 1466
1321 1576
1321 1669
1322 1795
1322 1885
1323 1374
1323 1490
1323 1616
1324 1861
1324 1975
1325 1339
1325 1473
1325 1719
1325 1818
1325 1874
1326 1544
1326 1561
1326 1842
1326 1892
1327 1590
1327 1814
1328 1542
1328 1666
1329 1376
1329 1426
1329 1580
1330 1364
1330 1681
1330 1862
1330 1944
1331 1427
1332 1807
1333 1504
1333 1690
1333 1836
1333 1984
1334 1663
1334 1886
1334 1951
1335 1521
1335 1566
1335 1573
1335 1676
1335 1920
1336 1712
1336 1742
1336 1745
1337 1809
1337 1950
1338 1438
1338 1828
1338 1937
1339 1440
1340 1660
1340 1744
1341 1468
1342 1382
1342 1488
1343 1444
1343 1708
1343 1981
1344 1653
1344 1822
1345 1507
1345 1554
1345 1665
1346 1351
1346 1425
1346 1589
1346 1987
1347 1699
1348 1964
1349 1589
1349 1684
1349 1703
1349 1720
1349 1750
1349 1998
1350 1374
1350 1672
1350 1881
1350 1954
1350 1984
1351 1783
1351 1840
1353 1373
1353 1444
1353 1538
1353 1788
1354 1663
1354 1974
1355 1591
1356 1361
1356 1677
1356 1703
1357 1639
1357 1704
1357 1982
1358 1461
1358 1781
1358 1783
1358 1964
1358 1987
1359 1516
1359 1640
1359 1667
1359 1723
1359 1804
1360 1481
1360 1637
1360 1910
1360 1952
1361 1519
1362 1598
1362 1722
1362 1850
1364 1717
1364 1924
1365 1608
1365 1635
1365 1763
1365 1831
1366 1404
1366 1469
1366 1730
1367 1409
1367 1570
1367 1759
1367 1881
1369 1600
1370 1456
1370 1644
1371 1717
1372 1714
1372 1961
1373 1735
1374 1629
1374 1817
1374 1891
1374 1923
1375 1870
1376 1379
1377 1956
1378 1403
1378 1464
1378 1746
1379 1995
1380 1870
1381 1772
1382 1818
1383 1507
1383 1605
1383 1705
1383 1941
1384 1430
1384 1582
1384 1630
1385 1475
1385 1748
1385 1796
1385 1831
1385 1919
1386 1536
1387 1922
1387 1940
1388 1566
1388 1755
1389 1533
1389 1768
1390 1445
1390 1478
1390 1487
1390 1605
1391 1643
1391 1984
1392 1471
1392 1629
1392 1800
1393 1654
1393 1796
1393 1913
1394 1492
1394 1641
1395 1849
1396 1739
1397 1497
1397 1671
1397 1868
1398 1424
1398 1804
1398 1849
1398 1922
1398 1928
1400 1432
1400 1507
1400 1656
1400 1843
1401 1831
1401 1884
1401 1924
1401 1991
1402 1862
1402 1938
1403 1665
1404 1677
1404 1802
1405 1839
1406 1418
1406 1945
1407 1425
1407 1504
1407 1589
1407 1978
1408 1792
1408 1879
1408 1890
1408 1908
1409 1747
1409 1794
1409 1985
1410 1559
1410 1681
1411 1476
1411 1627
1411 1874
1412 1476
1412 1650
1412 1797
1412 1951
1414 1760
1416 1579
1416 1682
1417 1461
1417 1591
1417 1696
1418 1582
1418 1697
1418 1813
1419 1424
1420 1524
1421 1560
1421 1830
1421 1980
1422 1705
1424 1493
1424 1894
1424 1922
1424 1989
1425 1652
1425 1869
1425 1895
1426 1870
1426 1923
1427 1440
1428 1680
1428 1772
1429 1431
1429 1523
1431 1468
1432 1518
1432 1739
1433 1468
1433 1840
1433 1961
1434 1556
1434 1635
1434 1638
1434 1655
1434 1657
1435 1613
1436 1488
1436 1609
1436 1895
1437 1627
1437 1672
1438 1697
1438 1846
1439 1745
1439 1903
1440 1694
1440 1820
1440 1866
1440 1977
1441 1912
1441 1985
1441 1993
1442 1564
1442 1611
1442 1811
1443 1483
1443 1823
1444 1710
1444 1776
1445 1608
1445 1619
1446 1554
1446 1982
1449 1764
1449 1898
1451 1624
1451 1770
1453 1642
1453 1986
1455 1651
1455 1662
1455 1794
1455 1895
1458 1595
1459 1461
1459 1587
1460 1639
1460 1935
1461 1719
1463 1691
1464 1469
1465 1472
1466 1985
1467 1562
1467 1655
1468 1502
1468 1889
1468 1926
1469 1664
1470 1715
1470 1822
1472 1516
1472 1614
1473 1646
1473 1928
1474 1603
1474 1620
1475 1611
1475 1687
1476 1883
1478 1544
1478 1584
1478 1698
1479 1756
1480 1648
1480 1816
1480 1895
1483 1710
1486 1773
1487 1718
1487 1809
1487 1933
1488 1668
1489 1711
1489 1745
1489 1840
1490 1558
1490 1656
1490 1677
1490 1679
1491 1615
1492 1515
1493 1529
1493 1874
1494 1551
1494 1751
1494 1776
1494 1868
1495 1506
1495 1766
1495 1958
1498 1500
1498 1638
1498 1706
1499 1720
1499 1976
1502 1706
1502 1709
1502 1962
1503 1812
1504 1695
1504 1732
1505 1679
1505 1877
1506 1620
1506 1621
1506 1812
1507 1546
1507 1898
1507 1931
1508 1543
1508 1567
1508 1604
1508 1888
1508 1965
1509 1852
1509 1989
1510 1978
1512 1628
1512 1670
1512 1794
1512 1888
1512 1900
1513 1634
1514 1674
1515 1571
1515 1906
1516 1566
1516 1762
1517 1797
1517 1828
1517 1848
1517 1860
1519 1615
1519 1699
1520 1565
1521 1841
1521 1956
1522 1525
1522 1739
1522 1837
1522 1910
1523 1709
1523 1797
1523 1877
1524 1766
1525 1527
1525 1533
1525 1620
1525 1753
1526 1647
1526 1920
1526 1978
1527 1995
1528 1776
1528 1843
1529 1549
1530 1858
1530 1938
1531 1855
1531 1933
1532 1704
1532 1795
1533 1665
1534 1675
1534 1992
1535 1685
1535 1988
1535 1991
1536 1748
1538 1577
1539 1659
1539 1971
1540 1951
1541 1740
1541 1983
1541 1999
1542 1623
1542 1999
1543 1547
1543 1768
1545 1714
1545 1960
1546 1791
1546 1800
1546 1947
1549 1582
1549 1962
1550 1564
1551 1695
1552 1629
1552 1966
1554 1908
1555 1574
1555 1717
1555 1911
1555 1926
1558 1661
1558 1762
1558 1845
1559 1730
1559 1945
1560 1739
1561 1609
1562 1660
1562 1697
1563 1778
1564 1656
1564 1948
1565 1804
1565 1973
1567 1681
1568 1695
1569 1951
1571 1596
1571 1765
1572 1604
1572 1876
1573 1773
1574 1670
1574 1833
1575 1763
1575 1899
1579 1837
1581 1679
1582 1879
1583 1975
1583 1979
1583 1987
1584 1928
1585 1755
1585 1827
1586 1723
1586 1799
1589 1739
1589 1880
1589 1987
1591 1638
1591 1759
1591 1962
1592 1765
1592 1964
1593 1825
1594 1804
1595 1744
1595 1818
1595 1883
1596 1609
1596 1724
1597 1956
1598 1712
1598 1791
1599 1997
1600 1840
1600 1972
1601 1669
1601 1924
1603 1683
1603 1936
1605 1764
1607 1932
1607 1976
1608 1991
1609 1933
1609 1957
1610 1940
1611 1744
1612 1703
1614 1757
1615 1904
1617 1618
1617 1625
1617 1702
1617 1711
1617 1818
1617 1899
1617 1955
1618 1622
1619 1891
1619 1996
1620 1738
1621 1819
1624 1900
1625 1918
1626 1877
1628 1673
1628 1930
1629 1782
1629 1932
1630 1770
1630 1918
1632 1892
1633 1791
1634 1834
1637 1887
1638 1668
1639 1762
1640 1720
1640 1826
1640 1849
1640 1908
1640 1952
1641 1793
1642 1737
1642 1840
1644 1940
1645 1658
1645 1680
1645 1687
1646 1857
1646 1997
1649 1798
1650 1762
1650 1944
1651 1654
1652 1770
1654 1731
1654 1809
1655 1716
1656 1739
1657 1767
1657 1807
1658 1659
1658 1682
1658 1844
1658 1907
1662 1700
1662 1719
1662 1747
1663 1799
1664 1864
1665 1907
1666 1753
1666 1892
1667 1751
1667 1927
1668 1868
1670 1830
1670 1869
1671 1710
1674 1752
1675 1819
1675 1968
1676 1893
1677 1945
1679 1688
1680 1701
1680 1808
1680 1918
1681 1710
1681 1796
1682 1988
1683 1953
1684 1955
1684 1975
1687 1734
1687 1833
1687 1997
1688 1689
1688 1979
1692 1771
1693 1949
1694 1998
1695 1861
1695 1970
1695 1986
1695 1990
1696 1770
1696 1828
1698 1907
1699 1883
1699 1984
1701 1799
1702 1937
1703 1763
1704 1797
1705 1862
1706 1974
1708 1932
1712 1775
1712 1889
1718 1772
1719 1779
1720 1800
1721 1729
1722 1845
1723 1752
1723 1871
1724 1939
1726 1952
1728 1896
1729 1747
1730 1990
1731 1760
1732 1769
1734 1801
1737 1847
1738 1985
1741 1837
1741 1852
1741 1930
1743 1890
1743 1968
1744 1919
1745 1809
1745 1826
1745 1956
1747 1851
1747 1876
1748 1759
1750 1961
1751 1824
1751 1882
1751 1989
1753 1776
1756 1885
1757 1907
1758 1814
1758 1878
1761 1961
1764 1942
1765 1932
1766 1967
1767 1774
1768 1985
1769 1995
1772 1863
1773 1821
1774 1956
1775 1895
1777 1944
1778 1997
1781 1811
1782 1891
1784 1970
1785 1824
1786 1896
1788 1817
1788 1861
1788 1940
1791 1817
1791 1912
1791 1914
1792 1955
1792 1971
1793 1824
1793 1916
1794 1796
1794 1871
1795 1915
1796 1841
1796 1843
1796 1985
1797 1972
1799 1842
1799 1870
1800 1806
1800 1972
1801 1888
1801 1914
1802 1852
1807 1917
1807 1991
1808 1923
1812 1837
1812 1910
1813 1821
1814 1868
1816 1955
1818 1968
1819 1891
1819 1991
1820 1918
1820 1931
1821 1883
1823 1872
1826 1903
1828 1911
1829 1966
1831 1931
1834 1846
1835 1874
1836 1940
1837 1898
1837 1965
1838 1844
1841 1945
1844 1881
1850 1882
1850 1951
1850 1990
1852 1997
1856 1916
1863 1986
1864 1918
1864 1971
1867 1876
1869 1897
1872 1991
1875 1959
1878 1900
1881 1991
1882 1940
1882 1988
1884 1903
1887 1926
1887 1989
1890 1977
1899 1927
1899 1944
1899 1972
1903 1954
1903 1964
1909 1987
1913 1936
1915 1928
1921 1966
1924 1961
1925 1960
1928 1991
1929 1955
1933 1962
1933 1985
1935 1993
1936 1945
1940 1975
1945 1947
1945 1989
1949 1976
1957 1996
1958 1993
1960 1986
