2000
1 20
1 201
1 259
1 360
1 734
1 793
1 1384
1 1635
2 75
2 116
2 126
2 457
2 655
2 1394
2 1485
2 1557
2 1714
3 53
3 223
3 227
3 601
3 860
3 1678
3 1748
3 1825
3 1868
4 317
4 626
4 753
4 1194
4 1262
4 1625
4 1628
4 1742
4 1870
4 1905
5 150
5 503
5 522
5 628
5 1258
5 1332
5 1663
5 1760
6 212
6 450
6 648
6 1195
6 1354
6 1443
6 1486
6 1714
6 1784
7 74
7 395
7 628
7 1134
7 1208
7 1320
7 1421
7 1661
7 1861
7 1922
7 1933
8 149
8 436
8 728
8 970
8 1370
8 1443
8 1508
8 1613
9 525
9 721
9 880
9 1034
9 1116
9 1270
9 1634
9 1823
9 1846
9 1869
10 72
10 172
10 272
10 646
10 659
10 768
10 820
10 913
11 15
11 243
11 285
11 419
11 437
11 1179
11 1507
11 1818
12 288
12 515
12 521
12 687
12 706
12 739
12 876
12 918
12 1098
12 1159
12 1332
12 1650
12 1672
12 1734
12 1930
12 1988
13 40
13 298
13 919
13 1119
13 1212
13 1351
13 1693
13 1764
14 62
14 104
14 373
14 1070
14 1072
14 1334
14 1937
15 431
15 684
15 1606
16 71
16 277
16 310
16 480
16 573
16 685
16 1422
16 1459
16 1682
17 629
17 887
17 1147
17 1349
17 1487
17 1635
17 1657
18 23
18 356
18 372
18 1345
19 30
19 334
19 565
19 679
19 1113
19 1207
19 1931
20 111
20 1047
20 1125
20 1309
20 1478
20 1634
20 1685
20 1741
21 39
21 187
21 837
21 887
21 1182
21 1286
21 1311
21 1405
21 1430
21 1989
22 39
22 421
22 479
22 632
22 833
22 1175
22 1208
22 1460
22 1542
22 1929
23 178
23 247
23 255
23 494
23 1056
23 1554
23 1637
23 1866
23 1968
24 135
24 216
24 433
24 713
24 743
24 871
24 1391
24 1462
24 1774
25 70
25 159
25 238
25 459
25 468
25 1199
25 1235
25 1504
25 1508
25 1558
25 1636
25 1680
25 1888
25 1947
26 238
26 343
26 365
26 699
26 734
26 800
26 966
26 998
26 1000
26 1144
26 1999
27 514
27 773
27 1391
27 1503
27 1544
27 1583
27 1989
28 188
28 362
28 543
28 858
28 1010
28 1423
28 1780
28 1822
28 1874
28 1987
29 226
29 685
29 836
29 1831
29 1833
29 1977
30 97
30 379
30 550
30 827
30 1356
30 1437
30 1705
30 1751
30 1766
30 1989
31 315
31 554
31 1237
31 1463
31 1702
31 1709
31 1716
31 1719
31 1802
32 73
32 146
32 233
32 800
32 1079
32 1319
32 1567
32 1590
32 1867
32 1870
33 247
33 418
33 444
33 847
33 869
33 904
33 1043
33 1050
33 1156
33 1508
34 146
34 273
34 555
34 812
34 1109
34 1154
34 1358
34 1419
34 1726
34 1809
34 1915
35 109
35 294
35 571
35 593
35 917
35 1172
35 1320
35 1378
35 1414
35 1594
35 1755
35 1760
35 1998
36 131
36 277
36 345
36 438
36 1271
36 1749
36 1924
37 119
37 1099
37 1446
37 1731
37 1827
37 1851
37 1876
37 1945
38 39
38 74
38 153
38 468
38 622
38 1083
38 1146
38 1367
38 1382
39 183
39 439
39 478
39 544
39 547
39 613
39 1174
39 1448
39 1522
39 1539
39 1598
40 149
40 153
40 798
40 935
40 1382
40 1479
40 1480
40 1918
41 781
41 1338
41 1385
41 1455
41 1527
41 1788
42 467
42 761
42 796
42 1183
42 1653
43 648
43 844
43 1064
43 1403
43 1595
43 1651
44 225
44 319
44 482
44 591
44 942
44 1509
44 1634
44 1676
45 170
45 197
45 753
45 974
45 1110
45 1132
45 1487
45 1958
45 1971
45 1975
46 120
46 154
46 261
46 393
46 460
46 487
46 672
46 1183
46 1680
46 1755
47 84
47 114
47 521
47 712
47 935
47 1196
47 1313
47 1882
48 394
48 599
48 1020
48 1596
49 350
49 404
49 1785
49 1959
49 1984
50 408
50 548
50 755
50 828
50 872
51 99
51 223
51 569
51 1103
51 1112
51 1165
51 1218
51 1503
51 1677
51 1878
52 521
52 608
52 638
52 874
52 944
52 998
52 1328
52 1570
52 1700
53 114
53 126
53 513
53 517
53 526
53 552
53 690
53 959
53 1775
54 170
54 252
54 537
54 676
54 767
54 1074
54 1387
54 1600
54 1670
54 1716
54 1746
54 1968
54 1977
54 1996
55 59
55 422
55 475
55 709
55 765
55 1663
55 1829
55 1838
56 507
56 536
56 676
56 952
56 1115
56 1208
56 1494
56 1809
56 1990
57 318
57 929
57 1403
57 1436
57 1904
58 102
58 166
58 271
58 401
58 597
58 601
58 642
58 867
58 948
58 978
58 1014
58 1076
58 1520
58 1584
59 272
59 277
59 313
59 899
59 1552
59 1858
60 89
60 406
60 660
60 669
60 1133
60 1203
60 1432
60 1762
60 1778
61 66
61 209
61 316
61 712
61 715
61 840
61 1203
61 1288
61 1699
61 1787
61 1993
62 400
62 637
62 759
62 1089
62 1604
62 1731
63 91
63 178
63 201
63 233
63 655
63 859
63 881
63 1296
63 1788
64 84
64 242
64 287
64 389
64 578
64 1638
65 530
65 551
65 693
65 869
65 1057
65 1420
65 1482
65 1539
65 1580
65 1871
66 179
66 221
66 339
66 699
66 977
66 1078
66 1471
66 1602
66 1662
67 169
67 319
67 543
67 934
67 1368
67 1444
67 1692
67 1848
68 228
68 306
68 367
68 489
68 665
68 771
68 951
68 1049
68 1127
68 1688
68 1709
68 1717
68 1783
68 1784
68 1855
69 82
69 502
69 553
69 858
69 864
69 1412
69 1434
69 1497
69 1590
69 1608
69 1697
69 1912
70 412
70 452
70 510
70 727
70 1053
70 1273
70 1377
70 1474
70 1507
70 1563
70 1694
70 1818
70 1973
71 125
71 297
71 433
71 1001
72 450
72 468
72 493
72 925
72 1588
73 274
73 774
73 1129
73 1642
73 1788
73 1922
73 1983
74 581
74 731
74 885
74 1329
75 631
75 657
75 741
75 769
75 918
75 1377
75 1578
75 1618
76 80
76 726
76 1122
76 1248
76 1853
77 518
77 998
77 1221
77 1315
77 1560
77 1919
77 1942
78 374
78 1487
78 1750
78 1980
79 211
79 818
79 1396
79 1861
80 217
80 250
80 308
80 419
80 615
80 1117
80 1214
80 1293
80 1346
80 1511
80 1535
80 1718
81 826
81 1840
81 1882
82 371
82 441
82 654
82 809
82 944
82 958
82 1201
82 1290
82 1617
82 1788
83 300
83 307
83 336
83 600
83 604
83 640
83 1060
83 1204
83 1583
84 238
84 348
84 418
84 547
84 573
84 1337
84 1456
84 1614
84 1837
85 201
85 906
85 909
85 942
85 950
85 1935
86 248
86 532
86 576
86 652
86 886
86 998
86 1106
86 1173
86 1343
87 549
87 743
87 875
87 1332
87 1539
87 1725
88 255
88 342
88 500
88 615
88 787
88 970
88 1493
88 1589
88 1858
88 1966
89 116
89 684
89 847
89 953
89 1145
89 1166
89 1538
89 1584
89 1890
89 1987
90 107
90 170
90 241
90 277
90 657
90 711
90 895
90 971
90 1123
90 1157
90 1184
90 1252
90 1581
90 1966
91 236
91 768
91 905
91 1205
91 1426
91 1527
91 1676
92 95
92 332
92 514
92 885
92 1083
92 1672
92 1751
92 1822
92 1866
92 1936
93 349
93 777
93 1694
93 1717
93 1851
94 131
94 347
94 465
94 737
94 846
94 861
94 1024
94 1120
94 1327
95 122
95 419
95 456
95 1079
95 1427
95 1680
95 1983
96 105
96 161
96 285
96 363
96 505
96 513
96 570
96 649
96 674
96 679
96 802
96 1131
96 1340
96 1684
97 308
97 450
97 652
97 996
97 1502
97 1685
98 253
98 412
98 436
98 506
98 551
98 1179
98 1516
98 1734
98 1884
99 101
99 276
99 350
99 510
99 594
99 1034
99 1271
99 1889
100 372
100 490
100 755
100 1100
100 1496
100 1754
101 114
101 616
101 658
101 1035
101 1101
101 1145
101 1327
101 1423
101 1564
101 1604
101 1687
101 1691
101 1717
102 230
102 700
102 740
102 1289
102 1609
103 112
103 227
103 331
103 448
103 584
103 737
103 932
103 1191
103 1667
103 1727
103 1830
103 1853
104 116
104 190
104 263
104 855
104 900
104 1015
104 1627
104 1821
105 748
105 756
105 1086
105 1172
105 1236
105 1941
106 773
106 816
106 1141
106 1431
106 1793
107 201
107 239
107 517
107 557
107 626
107 664
107 736
107 795
107 927
107 1189
107 1290
107 1415
107 1429
107 1516
107 1694
107 1877
108 255
108 362
108 1111
108 1126
108 1771
108 1920
109 115
109 191
109 202
109 413
109 494
109 730
109 1053
109 1515
109 1577
109 1723
109 1808
110 256
110 391
110 407
110 1000
110 1115
110 1219
110 1233
110 1410
110 1469
110 1589
110 1720
110 1732
111 437
111 482
111 610
111 1052
111 1090
111 1151
111 1153
111 1339
111 1550
111 1746
111 1783
112 259
112 471
112 585
112 743
112 764
112 961
112 1221
112 1290
112 1345
112 1391
112 1529
112 1557
112 1652
112 1683
113 363
113 365
113 628
113 678
113 1014
113 1059
113 1148
113 1808
114 463
114 484
114 491
114 616
114 700
114 1320
114 1326
114 1625
115 423
115 556
115 574
115 601
115 830
115 896
115 1246
115 1545
115 1787
116 125
116 924
116 1092
116 1095
116 1230
116 1563
116 1742
116 1865
117 276
117 542
117 732
117 752
117 912
117 1037
117 1112
117 1167
117 1323
117 1657
117 1767
117 1840
118 133
118 145
118 281
118 563
118 865
118 879
118 910
118 1000
118 1140
118 1353
118 1364
118 1509
118 1895
119 174
119 403
119 758
119 917
119 959
119 966
119 1373
119 1466
119 1662
120 287
120 312
120 344
120 407
120 483
120 498
120 823
120 1323
120 1793
121 219
121 591
121 867
121 1213
121 1542
121 1831
121 1948
122 373
122 1069
122 1717
123 229
123 426
123 575
123 733
123 815
123 872
123 997
123 1222
123 1529
123 1765
124 324
124 675
124 714
124 762
124 852
124 1255
124 1542
124 1582
124 1828
125 128
125 439
125 604
125 912
125 998
125 1153
125 1263
125 1436
125 1597
125 1643
125 1899
126 267
126 449
126 487
126 677
126 692
126 1155
126 1225
126 1301
126 1437
126 1518
126 1535
126 1753
126 1934
126 1985
127 502
127 525
127 661
127 1361
127 1459
127 1492
128 655
128 866
128 1026
128 1349
128 1820
128 1926
129 313
129 434
129 502
129 1017
129 1854
129 1914
130 299
130 492
130 512
130 923
130 1165
130 1558
130 1905
130 1972
131 141
131 165
131 198
131 285
131 331
131 492
131 590
131 825
131 1218
131 1223
131 1344
131 1865
131 1876
131 1922
132 138
132 550
132 1106
132 1162
132 1373
132 1835
132 1959
133 183
133 278
133 305
133 451
133 835
133 894
133 1010
133 1039
133 1044
133 1796
133 1996
134 783
134 1178
134 1341
134 1429
135 185
135 626
135 732
135 805
135 1712
136 359
136 699
136 780
136 787
136 835
136 1660
136 1835
137 207
137 212
137 422
137 729
137 753
137 923
137 1045
137 1636
137 1926
137 1978
138 195
138 780
138 843
138 1069
138 1181
138 1327
138 1496
138 1525
138 1632
139 281
139 663
139 811
139 1640
139 1651
139 1707
139 1826
140 170
140 416
140 694
140 735
140 742
140 1456
140 1612
141 299
141 917
141 1119
141 1329
141 1730
141 1930
142 301
142 424
142 664
142 801
142 984
142 1635
142 1722
142 1754
142 1820
142 1837
143 254
143 1061
143 1101
143 1146
143 1244
143 1599
143 1719
143 1775
144 329
144 428
144 460
144 538
144 629
144 694
144 768
144 1082
144 1281
144 1403
144 1723
144 1748
144 1874
145 227
145 256
145 319
145 582
145 703
145 840
145 1104
145 1340
145 1467
145 1978
145 1995
146 504
146 643
146 774
146 1366
146 1423
146 1893
147 754
147 1137
147 1317
147 1333
147 1709
148 399
148 597
148 813
148 857
148 859
148 1123
148 1305
148 1447
148 1730
148 1937
149 256
149 762
149 990
149 1010
149 1448
149 1511
149 1608
149 1659
149 1825
149 1940
150 152
150 200
150 204
150 455
150 476
150 542
150 1065
150 1101
150 1613
150 1664
150 1973
151 236
151 522
151 645
151 1672
151 1896
152 588
152 764
152 1121
152 1295
152 1474
152 1829
152 1965
153 221
153 458
153 1258
153 1496
153 1737
153 1989
154 366
154 569
154 688
154 782
154 792
154 875
154 942
154 1303
154 1320
154 1505
154 1645
155 526
155 733
155 1288
155 1400
155 1456
155 1557
155 1912
156 561
156 651
156 836
156 889
156 987
156 1303
156 1377
156 1768
156 1818
157 1050
157 1103
157 1473
157 1584
158 404
158 438
158 645
158 680
158 707
158 766
158 1433
158 1461
158 1612
158 1744
159 239
159 245
159 581
159 645
159 801
159 899
159 1326
159 1483
159 1736
159 1930
160 180
160 232
160 524
160 656
160 784
160 1106
160 1165
161 664
161 711
161 776
161 1072
161 1462
161 1668
161 1844
161 1880
162 679
162 1509
162 1531
162 1723
162 1865
162 1958
163 319
163 837
163 934
163 1004
163 1332
163 1392
163 1790
164 709
164 909
164 928
164 1020
164 1363
164 1721
164 1931
165 1271
165 1445
165 1608
165 1840
166 206
166 459
166 506
166 606
166 1016
166 1066
166 1216
166 1362
166 1461
166 1598
166 1795
167 372
167 417
167 455
167 672
167 822
167 1138
167 1371
167 1402
167 1469
168 318
168 341
168 501
168 738
168 816
168 875
168 925
168 961
168 1262
168 1446
168 1894
169 545
169 1021
169 1304
169 1551
169 1664
169 1873
170 351
170 1047
170 1488
170 1785
171 177
171 269
171 318
171 895
171 1195
171 1254
171 1475
171 1494
171 1680
172 421
172 715
172 891
172 1147
172 1417
172 1676
172 1974
173 685
173 915
173 950
173 1119
173 1251
173 1390
173 1751
173 1802
173 1862
173 1869
174 336
174 434
174 612
174 636
174 858
174 1186
174 1827
174 1970
175 202
175 987
175 1353
175 1716
175 1897
176 804
176 1030
176 1418
176 1543
176 1677
176 1764
177 571
177 689
177 744
177 889
177 1447
177 1528
177 1616
177 1769
177 1943
178 720
178 788
178 1175
178 1435
178 1549
179 254
179 375
179 575
179 809
179 842
179 882
179 942
179 1473
179 1525
179 1707
179 1839
179 1975
180 834
180 942
180 1054
180 1167
180 1187
180 1283
180 1899
180 1968
181 402
181 1372
181 1974
182 439
182 1013
182 1100
182 1295
182 1613
182 1733
182 1855
182 1896
183 465
183 1280
183 1384
183 1614
183 1887
184 478
184 542
184 1287
184 1442
184 1712
184 1870
184 1935
185 833
185 1402
185 1824
186 214
186 357
186 474
186 500
186 510
186 602
186 1327
186 1910
187 317
187 531
187 632
187 717
187 821
187 1040
187 1815
187 1965
188 254
188 654
188 777
188 1420
188 1638
188 1786
189 334
189 495
189 815
189 891
189 1231
190 222
190 234
190 324
190 1111
190 1521
190 1830
190 1859
190 1905
191 656
191 672
191 680
191 747
191 769
191 902
191 922
191 1314
191 1388
191 1648
191 1797
192 198
192 332
192 776
192 916
192 956
192 1388
192 1544
193 447
193 972
194 546
194 571
194 736
194 984
194 998
194 1069
194 1206
194 1533
194 1581
194 1582
194 1908
194 1934
195 250
195 456
195 748
195 816
195 1000
195 1248
195 1818
196 283
196 514
196 567
196 769
196 1798
196 1886
196 1945
196 1961
196 1987
197 738
197 955
197 993
197 1011
197 1202
197 1325
197 1368
197 1629
197 1704
197 1760
197 1881
197 1885
198 217
198 790
198 1098
198 1277
198 1286
198 1361
198 1558
198 1762
199 237
199 433
199 622
199 779
199 951
199 1031
199 1048
199 1074
199 1118
199 1824
199 1833
200 547
200 556
200 582
200 586
200 594
200 641
200 1012
200 1037
200 1173
200 1209
200 1408
200 1551
200 1613
201 305
201 1068
201 1583
201 1711
201 1828
201 1933
201 1943
202 252
202 834
202 1151
202 1157
202 1813
202 1934
202 1950
203 255
203 618
203 659
203 782
203 795
203 1026
203 1139
203 1262
203 1297
203 1383
203 1391
203 1641
203 1760
204 803
204 944
204 1217
204 1277
204 1368
204 1426
205 436
205 519
205 821
205 827
205 875
205 912
205 1104
205 1134
205 1250
205 1318
205 1352
205 1775
206 211
206 541
206 710
206 733
206 1124
206 1209
206 1355
206 1527
206 1559
206 1660
206 1663
206 1847
207 369
207 373
207 626
207 629
207 928
207 1159
207 1454
207 1546
207 1878
207 1929
208 516
208 666
208 680
208 809
208 1113
208 1117
208 1162
208 1291
208 1758
208 1896
209 1063
209 1563
209 1677
209 1942
209 1992
210 731
210 878
210 1048
211 295
211 523
211 673
211 1026
211 1093
211 1119
211 1221
211 1681
211 1839
212 617
212 826
212 1045
212 1113
212 1161
212 1328
212 1391
212 1560
212 1764
212 1845
212 1849
212 1928
212 1950
213 771
213 995
213 1366
213 1679
214 427
214 705
214 722
214 1042
214 1130
215 360
215 452
215 1145
215 1159
215 1441
215 1473
215 1597
215 1644
216 425
216 566
216 762
216 1023
216 1525
216 1717
216 1847
216 1945
217 297
217 451
217 697
217 916
217 1240
217 1609
217 1832
217 1837
218 776
218 1521
218 1631
218 1642
218 1891
218 1945
219 657
219 989
219 1173
219 1264
219 1311
219 1433
219 1456
219 1518
219 1761
220 406
220 451
220 455
220 705
220 710
220 1167
220 1776
221 364
221 1088
221 1107
221 1391
221 1705
221 1889
222 521
222 690
222 729
222 757
222 765
222 891
222 1316
222 1339
222 1403
222 1709
223 622
223 856
223 1060
223 1349
223 1371
223 1489
223 1577
223 1807
223 1857
223 1862
223 1890
223 1983
224 417
224 582
224 1201
224 1439
224 1522
224 1798
224 1818
225 354
225 795
225 825
225 826
225 1035
225 1073
225 1306
225 1456
225 1593
225 1716
225 1817
226 489
226 789
226 1107
226 1519
226 1636
226 1968
227 310
227 622
227 1098
227 1463
227 1741
227 1797
227 1822
228 408
228 522
228 569
228 1123
228 1359
228 1504
229 884
229 1371
229 1392
229 1454
229 1479
230 437
230 637
230 956
230 1287
230 1812
231 291
231 433
231 1103
231 1520
231 1643
232 277
232 510
232 814
232 1292
232 1341
232 1816
233 777
233 780
233 858
233 1196
233 1197
233 1469
233 1609
233 1822
233 1897
234 243
234 562
234 928
234 1026
234 1115
234 1120
234 1352
234 1408
234 1631
235 918
235 1043
235 1070
235 1074
235 1263
235 1301
235 1686
235 1695
235 1951
235 1955
236 326
236 346
236 1009
236 1244
236 1723
237 343
237 598
237 984
237 1467
237 1745
238 297
238 612
238 757
238 1010
238 1212
238 1227
238 1741
238 1906
239 507
239 587
239 695
239 847
239 971
239 1319
239 1814
239 1919
240 674
240 1095
240 1801
240 1981
241 466
241 873
241 1108
241 1167
241 1184
241 1368
241 1426
241 1453
241 1524
241 1832
242 1304
242 1673
243 301
243 433
243 687
243 907
243 1026
243 1076
243 1116
243 1162
243 1216
243 1362
244 764
244 863
244 883
244 1289
244 1454
244 1522
244 1571
245 901
245 919
245 1218
245 1532
245 1567
245 1968
245 1994
246 896
246 1198
246 1275
247 434
247 455
247 458
247 649
247 684
247 1171
247 1558
248 249
248 436
248 632
248 910
248 926
248 949
248 1139
248 1233
248 1284
248 1316
248 1584
248 1889
249 639
249 643
249 657
249 918
249 1441
249 1443
249 1556
249 1576
249 1700
250 350
250 525
250 593
250 692
250 801
250 1324
250 1454
250 1792
251 377
251 462
251 567
251 573
251 671
251 1234
251 1258
251 1412
251 1488
251 1962
252 437
252 470
252 698
252 728
252 960
252 965
252 1341
252 1583
253 378
253 821
253 1144
253 1312
253 1321
253 1478
253 1527
254 394
254 563
254 1193
254 1415
254 1482
254 1700
255 441
255 478
255 1001
255 1524
255 1711
255 1763
256 257
256 350
256 379
256 609
256 718
256 851
256 934
256 1117
256 1446
256 1492
256 1512
256 1681
256 1740
256 1771
256 1802
256 1882
256 1920
257 280
257 1642
257 1736
257 1740
257 1751
257 1881
258 508
258 757
258 830
258 1193
258 1427
258 1889
259 383
259 696
259 908
259 1051
259 1217
259 1427
259 1700
259 1817
259 1896
260 507
260 536
260 629
260 939
260 1073
260 1086
260 1400
260 1893
260 1990
261 269
261 549
261 595
262 318
262 646
262 745
262 793
262 811
262 816
262 841
262 897
262 1292
262 1380
263 584
263 886
263 1256
263 1290
263 1337
263 1857
264 441
264 606
264 701
264 832
264 1137
264 1241
264 1613
264 1995
265 296
265 826
265 900
265 1270
265 1402
265 1456
265 1647
266 334
266 444
266 559
266 649
266 728
266 766
266 1122
266 1301
266 1381
266 1516
266 1579
266 1768
266 1778
267 710
267 870
267 942
267 998
267 1397
267 1620
267 1625
267 1697
268 405
268 706
268 1036
268 1137
268 1267
268 1745
269 369
269 373
269 478
269 790
269 866
269 1076
269 1219
269 1901
269 1919
270 513
270 672
270 706
270 899
270 1026
270 1039
270 1077
270 1106
270 1171
270 1346
270 1401
270 1507
270 1781
271 735
271 794
271 814
271 1182
271 1540
271 1586
271 1892
272 275
272 1554
272 1705
273 451
273 661
273 714
273 1316
273 1317
273 1340
274 319
274 385
274 468
274 1358
274 1701
275 320
275 529
275 1147
275 1205
275 1447
275 1576
275 1966
276 479
276 594
276 768
276 831
276 1118
276 1157
276 1206
276 1377
276 1463
276 1535
277 491
277 682
277 955
277 1244
277 1576
277 1781
278 363
278 806
278 969
278 1070
278 1294
278 1473
279 607
279 1380
279 1802
279 1938
279 1964
280 747
280 1206
280 1527
280 1580
280 1799
281 326
281 418
281 808
281 828
281 1045
281 1197
281 1675
281 1915
282 478
282 644
282 664
282 715
282 834
282 1256
282 1315
283 292
283 546
283 698
283 705
283 814
283 1144
283 1184
283 1717
283 1731
284 614
284 992
284 1598
284 1891
285 464
285 489
285 828
285 1295
285 1326
285 1455
285 1542
285 1693
286 378
286 666
286 723
286 768
286 841
286 862
286 1026
286 1341
286 1440
286 1868
287 290
287 416
287 450
287 453
287 701
287 986
287 1141
287 1160
287 1312
287 1458
287 1855
288 671
288 927
288 960
288 1140
288 1177
288 1199
288 1248
288 1523
288 1618
288 1650
288 1689
289 503
289 921
289 924
289 983
289 1817
289 1913
290 683
290 720
290 790
290 1314
290 1580
291 342
291 598
291 1045
291 1078
291 1295
291 1838
291 1855
291 1992
292 725
292 851
292 908
292 946
292 1021
292 1587
292 1779
292 1918
293 493
293 546
293 1206
293 1291
293 1527
293 1917
294 325
294 360
294 376
294 974
294 1080
294 1305
294 1690
295 460
295 1167
295 1455
295 1527
295 1586
295 1763
295 1812
296 453
296 848
296 1113
296 1293
296 1435
296 1860
296 1927
297 575
297 606
297 754
297 871
297 1040
297 1380
297 1400
297 1551
297 1784
297 1910
298 668
298 1291
298 1306
298 1671
298 1759
298 1996
299 808
299 1020
299 1106
299 1583
299 1848
300 324
300 341
300 673
300 744
300 911
300 1072
300 1620
300 1962
300 1989
301 622
301 871
301 1011
301 1061
301 1096
301 1300
301 1397
301 1406
301 1451
301 1510
302 646
302 887
302 1073
302 1154
302 1420
302 1541
302 1601
302 1821
303 421
303 422
303 452
303 1116
303 1229
303 1363
303 1535
303 1831
303 1917
304 450
304 1042
304 1363
304 1443
304 1521
304 1525
304 1539
304 1802
305 513
305 1165
305 1188
305 1255
305 1296
305 1737
305 1746
306 573
306 826
306 831
306 1332
306 1496
306 1790
306 1838
307 456
307 648
307 877
307 1015
307 1036
307 1054
307 1586
308 567
308 577
308 597
308 729
308 1137
308 1155
308 1261
308 1318
308 1396
308 1630
309 827
309 1112
309 1141
309 1958
310 490
310 537
310 828
310 963
310 1158
310 1398
310 1462
310 1524
310 1862
310 1957
311 495
311 508
311 1154
311 1629
311 1642
311 1891
312 888
312 1530
312 1566
312 1761
312 1895
313 369
313 402
313 541
313 913
313 1144
313 1232
313 1610
313 1688
313 1870
314 437
314 794
314 1056
314 1366
314 1639
314 1769
314 1948
315 397
315 525
315 1250
315 1614
315 1627
315 1659
315 1716
316 497
316 1076
316 1231
316 1438
316 1656
316 1734
317 533
317 656
317 769
317 781
317 1214
317 1407
317 1602
317 1740
317 1935
318 364
318 369
318 587
318 634
318 774
318 1184
318 1575
318 1708
318 1827
319 392
319 428
319 752
319 935
319 1054
319 1089
319 1293
319 1742
320 358
320 857
320 937
320 975
320 1016
320 1176
320 1421
320 1540
320 1624
320 1721
320 1927
321 353
321 495
321 759
321 916
321 1084
321 1338
321 1523
321 1535
321 1604
321 1806
321 1940
322 454
322 503
322 1462
322 1566
323 609
323 752
323 1222
323 1446
323 1794
323 1834
324 455
324 668
324 672
324 751
324 849
324 1034
324 1172
324 1375
324 1419
324 1486
324 1584
324 1814
324 1873
325 958
325 959
325 998
325 1106
325 1228
325 1538
325 1869
325 1981
326 366
326 440
326 537
326 739
326 1022
326 1787
326 1978
327 333
327 413
327 807
327 1219
327 1313
327 1315
327 1389
327 1455
327 1676
328 534
328 971
328 1536
328 1633
328 1726
328 1820
329 565
329 692
329 758
329 989
329 1333
329 1526
329 1789
329 1832
329 1842
329 1846
329 1890
330 772
330 1406
330 1685
330 1717
330 1805
331 414
331 640
331 1097
331 1539
331 1731
331 1746
331 1777
331 1869
331 1987
332 366
332 383
332 781
332 845
332 1100
332 1668
333 515
333 873
333 1087
333 1548
333 1719
333 1802
333 1978
334 478
334 608
334 732
334 800
334 966
334 1815
334 1917
335 543
335 1457
336 382
336 506
336 630
336 693
336 727
336 986
336 1651
336 1929
336 1931
337 376
337 670
337 1147
337 1697
337 1702
338 479
338 984
338 1543
338 1554
338 1556
338 1743
338 1940
339 522
339 628
339 953
339 1156
339 1652
339 1701
339 1917
340 929
340 966
340 1240
341 581
341 711
341 768
341 1074
341 1276
341 1582
341 1598
341 1768
341 1921
342 554
342 679
342 721
342 1094
342 1201
342 1298
342 1433
342 1775
342 1864
342 1907
342 1962
343 525
343 924
343 1495
343 1653
343 1744
343 1982
344 915
344 1559
345 353
345 417
345 592
345 613
345 699
345 1401
345 1513
345 1555
345 1613
345 1940
346 423
346 529
346 903
346 922
346 1010
346 1019
346 1313
346 1572
346 1577
346 1594
346 1607
346 1704
346 1722
347 622
347 702
347 751
347 845
347 906
347 949
347 977
347 1242
347 1699
347 1721
347 1812
347 1848
348 855
348 1318
348 1669
348 1880
349 905
349 1250
349 1859
350 451
350 639
350 739
350 848
350 1550
350 1656
350 1803
351 502
351 508
351 781
351 923
351 1059
351 1190
351 1503
352 562
352 740
352 933
352 943
352 1699
353 516
353 877
353 1107
353 1386
353 1732
354 512
354 686
354 771
354 1211
354 1371
354 1423
354 1428
354 1690
354 1695
354 1741
355 918
355 1006
355 1309
356 854
356 863
356 1124
356 1240
356 1283
356 1640
356 1879
357 577
357 793
357 803
357 892
357 1012
357 1116
357 1146
357 1148
357 1184
358 835
358 1019
358 1072
358 1241
358 1687
358 1748
359 414
359 878
359 931
359 1365
359 1456
360 474
360 639
360 1264
360 1311
360 1431
360 1525
360 1694
360 1905
361 517
361 613
361 1015
361 1095
361 1231
361 1651
361 1867
362 538
362 957
362 1106
362 1111
362 1442
362 1765
363 516
363 716
363 1062
363 1405
363 1759
364 614
364 738
364 922
364 1238
364 1536
364 1814
364 1840
365 377
365 674
365 825
365 836
365 930
365 1716
366 511
366 1419
366 1499
366 1515
366 1546
367 618
367 797
367 858
367 1096
367 1440
367 1655
367 1660
368 554
368 588
368 674
368 802
368 1529
368 1912
369 598
369 679
369 767
369 981
369 1066
369 1548
370 430
370 727
370 972
370 1158
370 1204
370 1222
370 1737
371 1063
371 1375
371 1421
371 1975
372 391
372 568
372 1355
372 1397
372 1541
372 1618
372 1825
373 409
373 1139
373 1163
373 1217
373 1454
373 1871
373 1972
374 706
374 844
374 889
374 908
374 925
374 967
374 1214
374 1336
374 1688
374 1747
375 398
375 402
375 1110
375 1291
375 1758
375 1883
376 508
376 672
376 843
376 898
376 1010
376 1268
376 1309
376 1524
376 1664
376 1786
376 1887
377 652
377 745
377 824
377 1354
377 1394
378 471
378 730
378 839
378 1269
378 1635
378 1830
378 1887
379 396
379 853
379 879
379 1231
379 1255
379 1379
379 1454
379 1609
379 1846
380 512
380 1333
380 1718
380 1790
381 410
381 543
381 567
381 846
381 858
381 961
381 1351
381 1614
381 1889
381 1997
382 391
382 616
382 654
382 1081
382 1390
382 1422
382 1561
382 1576
382 1833
383 805
383 1218
383 1325
383 1595
383 1631
383 1844
383 1983
384 523
384 659
384 892
384 949
384 1083
384 1288
384 1875
384 1977
385 624
385 663
385 1010
385 1230
385 1347
385 1506
385 1600
385 1628
385 1694
386 458
386 600
386 711
386 1250
386 1763
386 1813
387 603
387 716
387 777
387 858
387 1081
387 1606
387 1931
389 396
389 497
389 930
389 951
389 986
389 1032
389 1798
389 1817
389 1918
389 1977
390 425
390 587
390 784
390 864
390 1093
390 1588
390 1721
390 1918
391 394
391 460
391 620
391 633
391 660
391 908
391 1079
391 1119
391 1798
392 566
392 1026
392 1535
392 1539
392 1725
392 1967
393 781
393 1106
393 1141
393 1425
393 1721
393 1981
394 412
394 544
394 846
394 855
394 873
394 1483
394 1567
394 1598
394 1614
394 1959
394 1976
395 450
395 529
395 637
395 881
395 976
395 1086
395 1127
395 1699
395 1793
396 793
396 817
396 909
396 1349
396 1709
396 1939
397 550
397 709
397 762
397 853
397 1138
397 1312
397 1454
397 1529
397 1538
397 1920
398 625
398 719
398 843
398 1049
398 1152
398 1670
398 1949
398 1971
399 866
399 1118
399 1133
399 1384
399 1597
399 1633
400 663
400 873
400 1153
400 1160
400 1392
400 1507
400 1607
400 1613
400 1745
401 829
401 842
401 956
401 1038
401 1122
401 1473
401 1785
402 685
402 1024
402 1124
402 1152
402 1609
402 1756
402 1891
403 682
403 845
403 958
403 1021
403 1285
403 1397
403 1412
403 1678
403 1786
404 515
404 643
404 679
404 1249
404 1478
404 1902
405 441
405 491
405 601
405 786
405 897
405 965
405 1077
405 1318
405 1523
405 1619
406 449
406 1005
406 1057
406 1815
407 1069
407 1784
407 1836
408 594
408 957
409 606
409 753
409 1483
409 1603
410 443
410 464
410 491
410 1088
410 1491
410 1533
410 2000
411 488
411 585
411 749
411 965
411 1561
411 1610
411 1745
412 565
412 590
412 683
412 719
412 1128
412 1248
412 1541
412 1665
412 1963
412 1986
413 577
413 1138
413 1256
413 1274
413 1485
413 1521
413 1690
413 1890
413 1958
414 472
414 1132
414 1892
414 1927
415 790
415 1104
415 1407
415 1899
415 1921
416 433
416 961
416 1749
417 1203
417 1303
417 1506
418 914
418 928
418 958
418 974
418 1056
418 1491
418 1495
418 1918
419 1140
419 1320
419 1370
419 1459
419 1552
419 1558
420 523
420 723
420 1019
420 1213
420 1394
420 1594
421 638
421 1180
421 1222
421 1342
421 1462
421 1510
421 1573
422 435
422 543
422 602
422 638
422 706
422 1093
422 1239
422 1689
422 1707
422 1812
422 1964
423 605
423 715
423 1291
424 551
424 706
424 774
424 991
424 1181
424 1186
424 1247
424 1398
424 1609
425 931
425 964
425 1123
425 1194
425 1213
425 1228
425 1318
425 1363
425 1413
425 1420
425 1626
425 1745
425 1852
426 477
426 837
426 1015
426 1376
426 1707
426 1895
427 799
427 817
427 859
427 1557
427 1558
427 1631
427 1807
427 1936
427 1971
428 626
428 739
428 763
428 1377
428 1384
428 1414
428 1541
428 1747
428 1933
428 1934
429 560
429 678
429 824
429 838
429 953
429 1267
429 1636
429 1761
430 542
430 734
430 1156
430 1317
430 1465
430 1690
430 1842
430 1866
430 1894
431 649
431 1077
431 1132
431 1640
431 1651
432 555
432 560
432 811
432 1032
432 1227
432 1420
432 1535
432 1615
432 1621
432 1669
432 1881
433 776
433 869
433 974
433 1047
433 1068
433 1096
433 1184
433 1281
433 1658
433 1887
434 787
434 1060
434 1467
434 1662
434 1907
435 1006
435 1070
435 1137
435 1773
435 1786
436 495
436 840
436 962
436 1291
436 1367
436 1375
436 1751
436 1958
437 454
437 1292
437 1516
438 583
438 703
438 787
438 845
438 946
438 1109
438 1222
438 1285
438 1407
438 1537
439 626
439 1142
439 1230
439 1329
439 1438
439 1510
439 1865
440 582
440 634
440 697
440 1411
440 1471
440 1856
440 1879
441 886
441 1032
441 1250
441 1518
441 1656
441 1826
441 1893
442 483
442 605
442 636
442 834
442 963
442 999
442 1229
442 1424
442 1604
442 1657
442 1723
442 1804
443 605
443 844
443 889
443 1092
443 1371
443 1489
443 1573
443 1780
443 1797
444 1074
444 1098
444 1584
444 1691
445 597
445 862
445 948
445 1083
445 1088
445 1334
445 1415
445 1765
446 698
446 833
446 1073
446 1459
446 1565
446 1635
446 1637
447 772
447 819
447 991
447 1343
447 1385
447 1863
447 1968
448 550
448 581
448 1313
448 1529
449 689
449 730
449 1832
450 520
450 821
450 826
450 1062
450 1119
450 1135
450 1543
450 1818
450 1986
450 1994
451 553
451 632
451 795
451 1009
452 779
452 1167
452 1372
452 1385
452 1457
452 1535
452 1759
452 1917
453 924
453 1128
453 1319
453 1337
453 1406
453 1679
454 525
454 650
454 1035
454 1157
454 1617
454 1669
454 1909
454 1944
455 803
455 871
455 1125
455 1188
455 1338
455 1344
455 1511
455 1552
455 1920
455 1994
456 482
456 553
456 701
456 1277
456 1470
456 1824
456 1927
456 1985
457 535
457 575
457 629
457 1058
457 1092
457 1295
457 1605
458 472
458 898
458 1124
458 1531
458 1793
458 1934
458 1960
459 855
459 989
459 1506
459 1576
460 559
460 611
460 746
460 963
460 1028
460 1479
460 1539
460 1594
460 1692
460 1819
460 1907
461 488
461 583
461 709
461 975
461 1066
461 1099
461 1127
461 1491
461 1538
461 1578
461 1896
462 539
462 786
462 1076
462 1262
462 1321
463 717
463 863
463 1150
463 1243
463 1385
463 1422
463 1687
463 1945
464 684
464 866
464 976
464 1071
464 1271
465 773
465 911
465 937
465 1198
465 1760
465 1929
466 493
466 512
466 670
466 784
466 808
466 871
466 1227
466 1428
466 1447
466 1542
466 1929
467 769
467 1118
467 1606
467 1612
467 1975
468 1022
468 1036
468 1105
468 1409
468 1592
469 540
469 586
469 916
469 1357
469 1480
469 1714
469 1820
469 1863
470 496
470 582
470 610
470 1107
470 1122
470 1143
470 1185
470 1921
471 621
471 728
471 790
471 915
471 1143
471 1245
471 1675
471 1684
472 565
472 889
472 989
472 1160
472 1335
472 1644
473 501
473 805
473 862
473 1088
473 1457
473 1533
473 1706
473 1787
473 1844
473 1876
474 556
474 949
474 1022
474 1164
474 1200
474 1278
474 1499
474 1543
475 612
475 688
475 984
475 1166
475 1659
475 1974
476 558
476 582
476 885
476 887
476 1097
476 1280
476 1647
476 1713
476 1896
476 1918
477 849
477 1043
477 1239
477 1452
477 1925
478 513
478 814
479 1332
479 1553
479 1562
479 1700
479 1730
479 1784
479 1869
479 1881
480 722
480 733
480 740
480 770
480 867
480 1169
480 1335
480 1523
480 1754
481 489
481 736
481 957
481 1628
481 1900
481 1995
482 618
482 737
482 1222
482 1342
482 1583
482 1737
483 673
483 843
483 1224
483 1325
483 1336
483 1584
483 1993
484 500
484 1220
484 1735
484 1994
485 534
485 1175
485 1441
485 1563
485 1686
485 1690
486 598
486 950
486 1328
486 1486
486 1613
486 1666
486 1744
486 1958
487 723
487 801
487 1045
487 1229
487 1442
487 1679
487 1711
487 1783
488 651
488 683
488 856
488 906
488 1161
488 1627
488 1694
489 597
489 808
489 1320
489 1416
489 1483
490 821
490 1047
490 1254
490 1389
491 536
491 795
491 1043
491 1382
491 1576
491 1728
492 575
492 834
492 1711
492 1745
492 1861
492 1862
492 1898
493 737
493 1176
493 1506
493 1529
494 909
494 1347
495 565
495 586
495 1072
495 1309
495 1424
495 1562
495 1567
495 1687
495 1753
495 1851
495 1931
496 857
496 938
496 1599
497 829
497 915
497 1212
497 1418
497 1494
498 688
498 1014
498 1631
498 1683
499 717
499 743
499 825
499 1132
499 1299
499 1397
499 1675
499 1772
500 1226
500 1511
500 1556
500 1853
501 1062
501 1121
501 1515
501 1791
501 1816
501 1947
502 628
502 1160
502 1864
503 532
503 648
503 1740
503 1764
504 877
504 1158
504 1208
504 1538
505 582
505 646
505 887
505 1301
505 1691
506 898
506 937
506 1375
506 1523
506 1762
506 1812
507 609
507 885
507 1364
507 1402
508 565
508 624
508 632
508 773
508 865
508 1282
508 1506
508 1530
508 1887
508 1947
509 1308
509 1655
509 1784
510 520
510 1033
510 1123
510 1124
510 1262
510 1426
510 1816
510 1829
510 1830
510 1888
510 1917
511 774
511 983
511 1136
511 1353
511 1377
511 1687
512 720
512 795
512 893
512 1263
513 597
513 724
513 904
513 1508
513 1514
513 1690
513 1696
513 1789
513 1839
514 840
514 845
514 949
514 1393
514 1697
514 1782
514 1841
514 1993
515 614
515 781
515 786
515 836
515 900
515 1142
515 1351
515 1574
516 691
516 1612
516 1975
517 656
517 697
517 894
517 1094
517 1103
517 1226
517 1263
517 1407
517 1906
517 1913
517 1975
518 866
518 1332
518 1348
518 1429
518 1542
518 1566
518 1852
519 705
519 788
519 913
519 975
519 978
519 1013
519 1603
519 1857
520 666
520 815
520 868
520 937
520 1439
520 1599
520 1689
521 662
521 736
521 1199
521 1768
521 1780
521 1989
522 538
522 803
522 854
522 1800
523 788
523 1038
523 1614
524 666
524 837
524 875
524 883
524 1172
524 1173
524 1240
524 1248
524 1612
524 1613
524 1793
524 1833
524 1885
525 677
525 1233
525 1816
526 957
526 1041
526 1173
526 1321
526 1439
526 1843
526 1938
527 623
527 774
527 856
527 895
527 1010
527 1301
527 1531
527 1826
528 573
528 611
528 706
528 816
528 901
528 927
528 1240
528 1251
528 1404
528 1454
528 1724
528 1966
528 1977
529 835
529 1022
529 1424
529 1449
529 1783
529 1928
530 568
530 576
530 778
530 983
530 1046
530 1514
530 1750
530 1788
530 1812
530 1960
531 915
531 1324
531 1672
532 670
532 717
532 790
532 894
532 1097
532 1320
532 1646
533 723
533 863
533 1426
533 1644
534 1494
534 1678
534 1999
535 599
535 797
535 1003
535 1036
535 1260
535 1286
535 1883
536 762
536 1184
537 965
537 1134
537 1333
537 1357
537 1564
537 1779
537 1842
538 1102
538 1131
538 1305
538 1378
538 1654
538 1872
539 571
539 820
539 842
539 1194
539 1615
539 1837
540 825
540 866
540 910
540 1042
540 1420
540 1650
540 1763
541 702
541 788
541 1466
541 1807
542 866
542 885
542 965
542 1118
542 1433
542 1505
542 1739
543 645
543 1159
543 1171
543 1208
543 1667
543 1683
543 1706
543 1875
544 634
544 669
544 785
544 1327
544 1635
544 1943
545 716
545 1083
545 1283
545 1517
545 1519
545 1550
545 1574
545 1955
546 950
546 1096
546 1119
546 1223
546 1380
546 1396
546 1460
546 1854
546 1923
547 1393
547 1499
547 1982
548 681
548 772
548 867
548 945
548 1366
548 1593
548 1668
549 1300
549 1342
549 1545
549 1548
549 1765
550 780
550 862
550 993
550 1056
550 1251
550 1661
550 1874
551 894
551 922
551 1217
551 1247
551 1260
551 1510
551 1756
551 1895
551 1906
551 1921
552 682
552 1139
552 1324
552 1469
552 1686
553 611
553 700
553 741
553 748
553 1301
553 1346
553 1582
554 706
554 1165
554 1483
554 1684
554 1817
555 605
555 678
555 803
555 1156
555 1648
555 1692
555 1712
555 1869
556 688
556 830
556 861
556 1209
556 1321
556 1520
556 1521
556 1680
556 1808
556 1991
557 630
557 668
557 732
557 765
557 789
557 790
557 861
557 1012
557 1135
557 1140
557 1225
557 1285
557 1598
558 1129
558 1347
558 1509
558 1511
558 1687
559 619
559 639
559 1560
559 1786
560 899
560 1844
560 1867
561 1160
561 1312
561 1537
561 1878
561 1948
562 746
562 1114
562 1356
562 1445
562 1626
562 1824
563 654
563 1118
564 642
564 915
564 990
564 1016
564 1076
564 1705
564 1949
564 1962
565 946
565 959
565 1076
565 1086
565 1755
565 1871
566 592
566 659
566 945
566 968
566 1725
566 1878
566 1953
567 796
567 1016
567 1048
567 1349
567 1398
567 1479
567 1579
567 1918
568 632
568 807
568 976
568 1140
568 1402
568 1445
568 1622
569 601
569 876
569 929
569 1461
569 1561
569 1887
569 1927
570 1085
570 1121
570 1403
570 1528
571 711
571 1280
571 1611
571 1782
572 715
572 1381
572 1467
572 1520
572 1527
572 1744
573 693
573 740
573 813
573 943
573 1074
573 1158
573 1374
573 1426
573 1473
573 1608
573 1815
573 1920
574 603
574 806
574 845
574 1786
574 1834
575 994
575 997
575 1156
575 1191
575 1315
575 1615
576 594
576 683
576 1073
576 1156
576 1235
576 1278
576 1589
577 796
577 1558
577 1774
577 1852
578 824
578 831
578 1172
578 1650
578 1774
578 1933
579 1105
579 1176
579 1183
579 1483
580 694
580 1025
580 1078
580 1143
580 1250
580 1261
580 1430
580 1525
581 620
581 910
581 1354
581 1405
581 1655
581 1766
582 591
582 1009
582 1237
582 1329
582 1378
582 1388
582 1551
582 1796
582 1912
582 1953
583 611
583 783
583 1341
583 1400
583 1861
583 1974
584 975
584 1460
584 1754
585 936
585 1179
585 1276
585 1774
585 1901
586 828
586 869
586 1247
586 1331
586 1553
586 1623
587 836
587 868
587 1109
587 1150
587 1251
587 1517
587 1619
587 1762
588 1066
588 1082
588 1294
588 1377
588 1441
588 1449
588 1505
589 830
589 924
589 1279
589 1930
590 591
590 1206
590 1304
590 1376
590 1639
590 1721
590 1882
590 1896
590 1951
591 958
591 1017
591 1491
591 1861
591 1865
592 747
592 870
592 1217
592 1304
592 1959
593 852
593 988
593 1039
593 1128
593 1322
593 1380
593 1733
593 1766
593 1853
594 910
594 944
594 1133
594 1213
594 1411
594 1951
594 1961
595 978
595 1014
595 1097
595 1234
595 1307
595 1430
595 1523
596 695
596 850
596 943
596 997
596 1125
596 1196
596 1296
596 1409
596 1427
596 1454
596 1579
596 1784
596 1855
597 704
597 868
597 961
597 1060
597 1865
598 678
598 740
598 1140
598 1392
598 1413
598 1715
598 1758
598 1876
599 689
599 952
599 970
599 1073
599 1183
600 671
600 702
600 807
600 808
600 882
600 1400
600 1411
600 1606
600 1818
600 1841
601 775
601 1236
601 1244
601 1319
601 1392
601 1503
602 802
602 879
602 1038
602 1169
602 1340
602 1372
602 1449
602 1463
602 1542
602 1792
603 1265
603 1304
603 1321
603 1749
603 1947
603 1965
604 612
604 1014
604 1063
604 1613
604 1820
605 856
605 1099
605 1854
606 625
606 1507
607 1331
607 1778
607 1827
608 609
608 809
608 875
608 943
608 1056
608 1068
608 1243
608 1648
608 1672
608 1938
608 1984
609 729
609 763
609 772
609 815
609 1092
609 1107
609 1315
609 1551
609 1778
609 1942
610 1199
610 1664
610 1760
611 718
611 1102
611 1662
611 1699
612 1240
612 1652
612 1921
613 1004
613 1025
613 1438
613 1683
613 1924
614 808
614 1139
614 1676
614 1784
614 1939
614 1983
615 763
615 1059
615 1100
615 1201
615 1686
615 1863
615 1917
616 658
616 882
616 1033
616 1159
616 1195
616 1273
616 1560
617 685
617 1074
617 1272
617 1358
617 1388
617 1534
617 1750
617 1794
618 1239
618 1323
618 1449
618 1530
618 1549
618 1693
619 687
619 746
619 865
619 956
619 1471
619 1582
620 820
620 980
620 1049
620 1108
620 1122
620 1174
620 1823
620 1858
620 1918
621 725
621 1450
621 1473
621 1667
621 1736
621 1842
622 714
622 740
622 793
622 916
622 934
622 1022
622 1343
622 1429
622 1538
622 1808
623 787
623 1075
623 1274
623 1411
623 1717
623 1885
624 627
624 879
624 900
624 1006
624 1398
624 1450
624 1807
624 1826
624 1840
624 1942
625 1308
625 1336
625 1386
625 1562
625 1583
625 1843
626 760
626 947
626 972
626 1357
626 1486
626 1827
626 1863
627 655
627 744
627 1700
628 858
628 1332
628 1339
628 1352
628 1541
628 1594
628 1992
629 866
629 1000
629 1340
629 1547
629 1623
629 1637
629 1646
629 1744
629 1835
630 697
630 939
630 1112
630 1121
630 1464
630 1735
631 759
631 805
631 1428
632 1008
632 1034
632 1102
632 1217
632 1358
632 1417
632 1570
632 1609
632 1759
633 1575
633 1772
634 1193
634 1207
634 1531
634 1535
634 1645
634 1812
634 1992
635 707
635 748
635 783
635 1092
635 1583
636 900
636 1154
636 1254
636 1685
637 984
637 1413
637 1417
637 1474
637 1553
638 660
638 730
638 763
638 909
638 1313
638 1390
638 1747
638 1884
638 1982
639 774
639 909
639 1093
639 1185
639 1277
639 1944
640 981
640 1548
640 1750
641 990
641 1016
641 1119
641 1461
641 1689
641 1852
641 1988
642 648
642 868
642 1730
643 664
643 871
643 1011
643 1194
643 1528
643 1716
643 1787
643 1794
644 1097
644 1825
645 828
645 856
645 1035
645 1092
645 1770
645 1840
645 1868
646 808
646 1105
646 1466
646 1513
646 1556
646 1731
647 862
647 883
647 1098
647 1136
647 1383
647 1413
647 1618
647 1738
647 1901
648 966
648 1169
648 1550
648 1651
648 1946
649 735
649 831
649 1040
649 1272
649 1697
649 1742
650 948
650 1466
650 1630
650 1794
651 815
651 817
651 1022
651 1186
651 1330
651 1351
651 1526
651 1657
651 1745
652 678
652 716
652 821
652 836
652 905
652 1120
652 1386
652 1756
653 814
653 833
653 919
653 921
653 929
653 938
653 1014
653 1191
653 1234
654 790
654 1384
654 1517
654 1798
654 1870
654 1887
655 675
655 807
655 811
655 830
655 983
655 1048
655 1478
655 1560
656 1131
656 1360
656 1590
656 1648
656 1925
657 766
657 869
657 1419
657 1873
658 997
658 1149
658 1409
658 1468
658 1549
658 1640
659 739
659 760
659 857
659 1095
659 1889
660 1273
660 1822
661 738
661 859
661 961
661 1277
661 1423
661 1497
661 1596
661 1644
661 1808
661 1813
661 1834
662 882
662 900
662 1042
662 1615
662 1785
662 1820
663 1432
663 1522
663 1647
663 1649
663 1940
664 1219
664 1241
664 1245
664 1367
664 1430
664 1439
664 1476
664 1502
664 1617
664 1846
665 753
665 772
665 777
665 785
665 826
665 839
665 1002
665 1156
665 1210
665 1818
666 1651
666 1729
666 1775
666 1804
667 1212
667 1310
667 1630
667 1638
668 713
668 722
668 734
668 843
668 1283
668 1298
668 1332
668 1521
668 1628
669 916
669 1176
669 1343
669 1428
669 1449
669 1763
670 721
670 894
670 1133
670 1284
670 1432
671 967
671 1358
671 1471
671 1508
672 1034
672 1598
672 1949
673 743
673 924
673 991
673 1119
673 1168
673 1174
673 1216
673 1818
674 1024
674 1083
674 1938
675 824
675 859
675 1109
675 1123
675 1126
675 1128
675 1856
676 1084
676 1196
676 1308
676 1671
677 825
677 1072
677 1836
678 700
678 1058
678 1266
678 1327
678 1354
678 1414
678 1621
678 1821
678 1890
678 1907
678 1997
679 1868
680 910
680 1328
680 1400
680 1528
680 1567
680 1740
680 1751
680 1984
681 985
681 1318
682 954
682 1164
682 1182
682 1447
682 1578
682 1660
682 1865
683 689
683 901
683 1086
683 1248
683 1296
683 1348
683 1475
683 1541
683 1877
683 1911
684 833
684 994
684 1010
685 1067
685 1189
685 1679
685 1961
686 725
686 776
686 1109
686 1518
686 1763
687 840
687 874
687 1067
687 1153
687 1456
687 1516
687 1800
688 1344
688 1381
688 1575
688 1744
689 803
689 953
689 1421
689 1784
689 1948
689 1969
690 1193
690 1542
690 1583
690 1610
690 1660
690 1739
690 1823
690 1844
691 851
691 857
691 1032
691 1171
691 1698
691 1703
691 1855
691 1880
692 765
692 945
692 1879
693 715
693 716
693 725
693 1491
693 1864
693 1933
694 860
694 1031
694 1247
694 1483
694 1533
694 1574
694 1901
695 1039
695 1106
695 1126
695 1287
696 887
696 888
696 945
696 961
696 1020
696 1044
696 1453
696 1577
696 1765
696 1778
696 1792
697 791
697 1431
697 1536
697 1639
697 1710
697 1712
697 1857
697 1894
697 1986
698 945
698 1361
698 1613
698 1682
698 1761
698 1824
698 1843
699 1153
699 1239
699 1353
699 1568
699 1682
699 2000
700 720
700 761
700 788
700 1026
700 1264
700 1324
700 1389
700 1439
700 1836
700 1837
701 1215
701 1217
701 1785
701 1957
702 1127
702 1359
702 1414
702 1606
702 1686
703 816
703 855
703 883
703 974
703 1187
703 1427
703 1494
703 1495
703 1596
704 1251
704 1532
704 1655
704 1709
704 1836
705 833
705 860
705 911
705 1070
705 1071
705 1525
705 1627
705 1816
706 953
706 1315
706 1361
706 1726
707 716
707 730
707 1265
707 1308
707 1462
707 1524
708 768
708 824
708 843
708 870
708 1868
708 1919
709 823
709 907
709 922
709 1082
709 1144
709 1383
709 1454
709 1886
710 891
710 1197
710 1507
710 1671
711 822
711 865
711 962
711 1001
711 1423
711 1463
711 1569
711 1600
711 1731
711 1811
711 1837
712 771
712 1457
712 1516
712 1530
712 1613
712 1855
713 720
713 1561
713 1719
713 1849
713 1966
714 764
714 866
714 880
714 1006
714 1162
714 1379
714 1548
715 975
715 1747
716 814
716 884
716 966
716 1086
716 1255
716 1298
716 1415
716 1825
717 912
717 1668
717 1836
718 1726
719 727
719 1599
719 1930
719 1990
720 961
720 1080
720 1150
720 1259
720 1265
720 1651
720 1819
720 1934
721 909
721 927
721 933
721 960
722 975
722 1002
722 1075
722 1197
722 1226
722 1376
722 1379
722 1573
723 766
723 859
723 1370
723 1781
723 1829
724 858
724 1362
724 1478
724 1950
725 1392
725 1423
725 1868
726 1333
726 1366
726 1381
726 1720
726 1971
727 1250
727 1287
727 1432
727 1518
727 1724
727 1959
728 790
728 826
728 975
728 1488
729 904
729 949
729 1133
729 1190
729 1738
729 1966
730 746
730 940
730 1088
730 1155
730 1749
731 1119
731 1377
731 1384
732 960
732 1034
732 1304
732 1459
732 1462
732 1615
732 1781
733 1191
733 1372
733 1478
733 1805
733 1855
733 1993
734 772
734 938
734 1237
734 1272
734 1292
734 1530
734 1841
734 1972
735 987
736 1002
736 1257
737 1052
737 1624
737 1965
738 874
738 1290
738 1837
738 1932
739 1326
739 1396
739 1523
739 1621
740 956
740 1002
740 1117
740 1122
740 1187
740 1260
740 1289
740 1619
740 1672
740 1936
741 778
741 879
741 1026
741 1165
741 1426
741 1659
742 926
742 944
742 1168
742 1213
742 1240
742 1742
743 858
743 876
743 1150
743 1605
744 1125
745 891
745 973
745 1025
745 1036
745 1285
745 1383
746 865
746 896
746 1414
746 1937
747 897
747 904
747 1396
747 1800
747 1927
748 874
748 986
748 1929
749 763
749 774
749 1244
749 1315
749 1335
749 1508
749 1630
749 1829
749 1963
750 1203
750 1318
750 1443
750 1582
750 1751
750 1909
750 1963
751 755
751 1206
751 1792
752 828
752 881
752 1277
752 1354
752 1382
752 1504
752 1752
753 1067
753 1099
753 1450
753 1567
753 1592
753 1770
753 1992
754 763
754 775
754 917
754 1061
754 1301
754 1468
754 1755
754 1871
755 972
755 1667
755 1716
756 839
756 874
756 879
756 1330
756 1397
756 1508
756 1600
757 883
757 1095
757 1380
757 1417
757 1466
757 1508
757 1554
757 1599
757 1872
757 1913
758 824
758 1354
758 1503
759 917
759 974
759 1185
759 1322
759 1358
759 1736
760 853
760 1052
760 1179
760 1209
760 1377
760 1443
760 1495
760 1596
760 1737
760 1754
761 951
761 961
761 1179
761 1321
761 1500
761 1720
761 1878
761 1902
761 1939
761 1941
762 986
762 1002
762 1234
762 1278
762 1642
762 1974
763 1276
763 1758
764 791
764 910
764 1542
764 1565
765 1376
765 1702
765 1745
765 1832
766 991
766 1129
766 1352
766 1545
766 1714
766 1752
767 1011
767 1589
767 1610
767 1737
768 1264
768 1267
768 1654
769 1199
769 1628
769 1794
769 1885
770 786
770 922
770 1110
770 1168
770 1427
770 1614
770 1694
770 1867
771 878
771 986
771 1152
771 1441
771 1889
771 1939
772 1026
772 1084
772 1103
772 1425
772 1590
772 1648
773 794
773 1162
773 1177
773 1424
773 1571
773 1846
773 1851
773 1878
773 1911
774 962
774 1093
774 1909
774 1992
774 1994
775 899
775 948
775 1053
775 1074
775 1440
775 1922
776 938
776 1387
776 1417
776 1605
776 1780
776 1930
777 861
777 926
777 941
777 998
777 1001
777 1453
777 1607
777 1686
777 1788
778 1142
778 1337
779 892
779 1800
779 1822
779 1846
780 843
780 882
780 1434
780 1550
780 1822
781 783
781 823
781 1011
781 1079
781 1233
781 1247
781 1503
781 1606
781 1641
781 1940
782 813
782 1437
782 1472
782 1815
783 822
783 984
783 1061
783 1748
784 923
785 798
785 807
785 814
785 847
785 1148
785 1161
785 1249
785 1709
785 1727
785 1817
785 1821
786 877
786 921
787 840
787 896
787 930
787 1071
787 1404
787 1406
787 1684
787 1733
787 1747
787 1803
788 822
788 1102
788 1205
788 1467
788 1537
788 1891
789 902
789 1160
789 1188
789 1767
789 1792
789 1917
790 1123
790 1190
790 1381
790 1492
790 1503
790 1639
790 1709
790 1747
790 1910
790 1957
791 1078
791 1576
792 951
792 1018
792 1896
792 1931
793 841
793 944
793 1039
793 1649
794 1275
794 1464
794 1850
794 1888
795 1321
795 1405
795 1545
795 1852
796 1336
797 1073
797 1782
798 960
798 1257
798 1393
798 1547
798 1887
798 1892
799 802
799 1019
799 1255
799 1275
799 1350
799 1567
799 1659
800 1351
800 1391
800 1474
800 1570
800 1867
800 1983
801 934
801 1056
801 1467
801 1752
802 906
803 908
803 918
803 947
803 956
803 1096
803 1201
803 1516
803 1880
803 1949
804 1031
804 1223
804 1324
804 1376
804 1429
804 1595
804 1696
804 1763
804 1783
804 1827
804 1972
805 841
805 1366
805 1376
805 1428
806 1123
806 1142
806 1239
806 1282
806 1487
806 1520
806 1528
806 1714
807 920
807 1180
807 1348
807 1591
808 984
808 1165
808 1200
808 1502
808 1853
809 1009
809 1205
809 1296
809 1424
809 1466
809 1749
809 1784
809 1829
810 964
810 1056
810 1391
810 1996
811 1645
811 1701
811 1711
811 1787
811 1841
811 1972
812 834
812 1281
812 1290
812 1438
812 1742
812 1773
812 1964
813 864
813 1652
813 1839
814 880
814 1004
814 1203
814 1256
814 1257
814 1321
814 1451
815 833
815 954
815 1502
815 1509
815 1538
815 1663
815 1853
815 1990
815 1996
816 1263
816 1427
816 1964
817 848
817 1182
817 1317
817 1380
817 1894
818 971
818 997
818 1090
818 1182
818 1245
818 1534
818 1703
819 977
819 1014
819 1125
819 1488
819 1631
819 1672
819 1688
819 1718
819 1767
820 944
820 1149
820 1188
820 1434
820 1805
820 1898
821 1025
822 993
822 1057
822 1246
822 1479
822 1900
823 931
823 937
823 1302
823 1408
823 1472
823 1694
824 884
824 892
824 1161
824 1189
824 1811
825 1245
825 1271
825 1285
825 1300
826 945
826 1029
826 1076
826 1276
826 1309
826 1424
826 1551
826 1559
826 1855
827 844
827 875
827 1222
827 1509
827 1923
828 1821
828 1949
829 858
829 1436
829 1490
829 1679
829 1691
829 1710
829 1742
830 1320
830 1708
831 1294
831 1451
831 1510
831 1657
831 1876
832 1059
832 1339
832 1428
832 1666
832 1923
833 861
833 876
833 958
833 1656
834 849
834 870
834 1247
834 1312
834 1384
834 1685
835 1417
835 1443
835 1784
836 1647
836 1734
836 1769
836 1926
836 1972
837 945
837 1011
837 1434
837 1487
837 1643
837 1686
837 1718
837 1784
838 878
838 924
838 1124
838 1387
839 1222
839 1446
839 1482
840 1052
840 1194
840 1198
840 1245
840 1268
840 1279
840 1296
840 1343
840 1516
840 1782
840 1792
840 1944
841 935
841 961
841 1186
842 914
842 989
842 1037
842 1074
842 1078
842 1110
842 1381
842 1542
842 1720
842 1726
843 1118
843 1387
843 1399
843 1543
843 1734
843 1895
844 1220
844 1522
844 1751
844 1896
845 851
845 989
845 1187
845 1376
845 1460
845 1690
845 1904
845 1969
845 1977
845 1982
845 1984
846 978
846 989
846 1256
846 1347
846 1413
846 1577
846 1609
846 1683
846 1895
846 1938
846 1961
847 908
847 1034
847 1222
847 1281
847 1774
848 1004
848 1067
848 1549
848 1657
849 1104
849 1205
849 1816
849 1865
850 1041
850 1245
850 1615
850 1683
850 1806
850 1818
851 1363
851 1702
852 1014
852 1253
852 1791
852 1898
852 1963
854 1153
854 1251
854 1793
854 1888
855 1085
855 1225
855 1440
855 1702
855 1926
855 1928
856 1079
856 1163
856 1277
856 1683
856 1892
856 1959
857 880
857 1013
857 1098
857 1243
857 1314
857 1795
857 1949
857 1976
858 1042
858 1202
858 1207
858 1434
858 1673
858 1755
858 1860
859 982
859 988
859 1846
860 1114
860 1139
860 1385
860 1556
860 1724
860 1860
861 1251
861 1253
861 1425
861 1503
862 1035
862 1272
862 1324
862 1361
862 1377
862 1899
863 1053
863 1136
863 1220
863 1251
863 1417
863 1609
863 1675
864 1476
864 1785
864 1904
864 1915
864 1919
865 1169
865 1586
865 1618
865 1623
865 1874
866 1174
866 1197
866 1433
866 1460
866 1725
866 1783
866 1847
867 1033
867 1233
867 1274
867 1493
867 1772
867 1888
867 1942
867 1965
868 947
868 1134
868 1162
868 1371
868 1976
869 874
869 1306
869 1313
869 1623
870 1171
870 1250
870 1270
870 1483
871 1041
871 1612
872 1017
872 1372
872 1426
873 958
873 1071
873 1208
873 1300
873 1620
874 1040
874 1241
874 1598
874 1993
875 1216
875 1386
876 1377
876 1597
876 1775
877 1018
877 1180
877 1342
877 1650
877 1874
878 971
878 1520
879 1058
879 1146
879 1578
879 1681
879 1974
879 1982
880 889
880 891
880 1114
880 1556
880 1689
880 1711
880 1794
880 1796
880 1832
881 1119
881 1958
882 1100
882 1327
882 1402
882 1458
882 1560
882 1760
883 964
883 1052
883 1176
883 1380
883 1521
883 1557
883 1700
884 982
884 1174
884 1304
884 1388
884 1802
885 1169
885 1338
885 1579
885 1994
886 1183
886 1289
886 1418
886 1604
886 1896
886 1988
887 1119
887 1308
887 1714
887 1790
888 909
888 996
888 1065
888 1123
888 1412
888 1439
888 1607
888 1657
888 1911
889 1055
889 1227
889 1462
889 1838
889 1859
890 969
890 984
890 996
890 1610
890 1695
891 1024
891 1120
891 1311
891 1376
891 1434
891 1469
891 1553
891 1683
891 1707
892 893
892 928
892 1128
892 1162
892 1468
892 1560
892 1658
892 1749
892 1782
892 1842
892 1939
893 1099
893 1148
893 1282
893 1331
893 1552
893 1750
893 1852
894 1472
894 1623
895 1177
895 1214
895 1266
895 1321
895 1344
895 1433
895 1798
896 914
896 1006
896 1195
896 1255
896 1306
896 1430
896 1485
896 1544
896 1694
896 1719
897 943
897 982
897 1022
897 1527
898 1073
898 1095
898 1378
898 1390
899 1501
899 1755
899 1947
900 1183
900 1253
900 1307
900 1664
900 1846
901 1085
901 1225
901 1276
901 1299
901 1363
901 1619
902 1057
902 1321
902 1417
902 1442
902 1608
903 1063
903 1713
903 1920
904 1750
904 1917
905 1111
905 1481
905 1697
905 1836
905 1876
906 1041
906 1123
906 1666
906 1689
906 1952
906 1996
907 1338
907 1829
908 1203
908 1305
908 1323
908 1750
908 1970
909 930
909 1297
909 1384
909 1476
910 917
910 964
910 1236
910 1466
910 1636
911 1004
911 1335
911 1447
912 1038
912 1253
912 1391
912 1584
912 1648
913 1237
913 1293
914 1058
914 1469
915 922
915 1353
915 1799
915 1891
915 1963
916 1116
916 1192
916 1582
916 1800
917 981
917 1123
917 1750
917 1874
918 965
918 967
918 972
919 1144
919 1382
920 1042
920 1456
920 1540
920 1705
920 1852
920 1909
921 1344
921 1397
921 1510
921 1581
921 1600
921 1649
921 1829
921 1954
922 1381
922 1732
923 1190
923 1231
923 1254
923 1460
923 1502
924 982
924 987
924 1199
924 1371
924 1493
924 1568
924 1988
925 1280
926 972
926 1541
926 1700
927 1120
927 1505
928 947
928 1259
928 1661
928 1719
928 1732
929 969
929 1465
929 1609
929 1729
929 1773
929 1901
929 1941
929 1978
930 1977
931 1137
931 1507
931 1770
931 1897
932 1559
932 1573
932 1643
932 1790
932 1862
932 1880
933 941
933 1030
933 1214
933 1445
933 1523
933 1676
934 961
934 1148
934 1341
934 1731
934 1755
934 1757
935 1639
935 1795
935 1907
936 1270
936 1370
936 1830
937 1769
937 1925
938 1111
938 1193
938 1362
938 1519
938 1525
938 1622
938 1763
939 955
939 1038
939 1546
940 1109
940 1328
940 1849
941 982
941 1261
942 947
942 1028
942 1154
942 1268
942 1284
942 1335
942 1379
943 1032
943 1194
943 1517
943 1630
943 1709
943 1790
943 1982
944 1090
944 1101
944 1408
944 1448
944 1801
944 1844
945 1090
945 1215
945 1251
945 1369
945 1503
945 1729
945 1777
946 1199
946 1541
946 1745
947 953
947 1536
947 1659
947 1821
948 980
948 1225
948 1282
948 1304
948 1321
948 1416
948 1703
948 1853
948 1939
949 1258
949 1509
949 1546
949 1562
949 1624
950 1304
950 1331
950 1368
950 1533
950 1553
950 1623
950 1730
950 1749
950 1927
951 1177
951 1190
951 1275
951 1617
952 1217
952 1280
952 1352
952 1399
952 1472
952 1566
952 1847
952 1902
952 1985
953 1621
953 1772
954 1221
954 1783
954 1814
955 1060
955 1278
955 1414
955 1594
955 1822
955 1886
956 976
956 1001
956 1095
956 1204
956 1339
956 1363
956 1572
957 1103
957 1171
957 1528
957 1728
957 1802
957 1986
957 1999
958 1210
958 1288
958 1375
958 1592
958 1611
958 1669
958 1731
958 1737
959 1071
959 1275
959 1302
959 1365
959 1542
959 1693
960 1021
960 1142
960 1509
960 1821
960 1842
960 1983
961 1035
961 1609
961 1843
961 1913
962 971
962 1105
962 1925
963 1459
963 1499
963 1872
964 1322
964 1427
964 1559
964 1672
964 1755
964 1826
965 1290
965 1492
965 1608
965 1631
965 1810
965 1944
966 1113
966 1267
966 1586
967 981
967 1335
967 1963
967 1986
968 985
969 1443
969 1480
969 1618
969 1657
969 1939
970 1013
970 1172
970 1191
970 1270
970 1724
971 1307
971 1371
971 1500
971 1616
972 1075
972 1215
972 1246
972 1468
972 1662
972 1686
973 976
973 1016
973 1046
973 1143
973 1598
973 1765
973 1766
973 1767
973 1890
973 1977
974 1393
974 1702
975 1272
975 1809
975 1902
976 1824
976 1979
976 1992
977 1028
977 1089
977 1148
977 1224
978 1017
978 1489
978 1723
978 1783
979 1258
979 1262
980 991
980 1121
980 1222
980 1349
980 1578
980 1702
980 1744
980 1862
981 1576
981 1793
981 1931
981 1989
982 1266
982 1598
982 1706
982 1974
983 1157
983 1161
983 1309
983 1654
983 1757
983 1967
984 1147
984 1208
984 1219
984 1255
984 1369
984 1803
984 1807
984 1953
985 1048
985 1218
985 1413
985 1457
985 1572
985 1699
986 1495
986 1499
986 1710
986 1747
987 1131
987 1243
987 1262
987 1483
987 1524
987 1525
987 1688
987 1788
988 1308
988 1470
988 1540
988 1598
989 1037
989 1150
989 1213
989 1513
989 1715
989 1834
989 1998
990 1946
991 1124
991 1500
991 1830
991 1869
992 1221
992 1303
992 1366
992 1548
992 1609
992 1775
992 1853
993 1776
994 1318
994 1481
994 1512
994 1646
995 1035
995 1268
995 1705
995 1721
995 1926
996 1303
996 1577
996 1821
996 1861
996 1940
997 1177
997 1460
997 1597
997 1607
998 1065
998 1081
998 1690
998 1860
998 1892
999 1185
999 1232
999 1787
1000 1155
1000 1400
1000 1465
1001 1262
1001 1754
1001 1945
1002 1232
1002 1253
1002 1313
1002 1574
1002 1577
1002 1813
1003 1133
1003 1618
1003 1621
1003 1678
1004 1249
1004 1462
1004 1591
1004 1933
1004 1945
1005 1146
1005 1228
1005 1357
1005 1384
1005 1588
1005 1732
1005 1739
1005 1985
1006 1324
1006 1673
1006 1763
1007 1022
1007 1188
1007 1223
1007 1422
1008 1076
1008 1275
1008 1462
1008 1796
1008 1798
1009 1264
1009 1955
1010 1294
1010 1563
1011 1656
1011 1697
1012 1213
1012 1229
1012 1372
1012 1420
1013 1190
1013 1376
1013 1394
1013 1502
1013 1517
1013 1683
1014 1057
1014 1187
1014 1245
1014 1621
1014 1719
1014 1861
1014 1887
1015 1845
1015 1974
1015 1988
1016 1084
1016 1299
1016 1376
1016 1674
1017 1114
1017 1173
1017 1215
1017 1281
1017 1392
1017 1491
1017 1841
1017 1881
1017 1932
1018 1264
1018 1276
1018 1366
1018 1566
1018 1696
1018 1697
1018 1856
1019 1284
1019 1505
1019 1832
1019 1881
1020 1040
1020 1063
1020 1214
1020 1445
1020 1638
1020 1661
1020 1928
1021 1331
1021 1570
1021 1993
1022 1762
1023 1118
1023 1122
1023 1325
1023 1695
1023 1838
1024 1055
1024 1177
1024 1194
1024 1751
1024 1872
1025 1077
1025 1508
1026 1030
1026 1263
1026 1385
1026 1445
1026 1877
1027 1402
1027 1467
1027 1647
1028 1390
1028 1490
1028 1672
1028 1694
1028 1833
1029 1600
1029 1737
1029 1850
1030 1324
1030 1428
1030 1778
1030 1856
1031 1089
1031 1296
1031 1707
1032 1314
1032 1890
1033 1604
1033 1782
1033 1843
1033 1885
1034 1138
1034 1205
1034 1602
1034 1724
1034 1745
1034 1923
1034 1929
1035 1038
1035 1479
1035 1537
1036 1203
1036 1216
1036 1247
1036 1418
1036 1702
1036 1727
1036 1775
1036 1833
1036 1850
1036 1865
1036 1929
1036 1963
1037 1106
1037 1186
1037 1202
1037 1289
1037 1302
1037 1418
1037 1578
1037 1762
1037 1810
1038 1206
1038 1914
1039 1275
1039 1510
1039 1948
1040 1450
1040 1796
1040 1998
1041 1195
1041 1540
1041 1623
1041 1736
1041 1780
1041 1800
1041 1851
1042 1378
1042 1592
1043 1071
1043 1223
1043 1345
1043 1494
1043 1717
1043 1844
1044 1245
1044 1684
1044 1795
1045 1205
1045 1239
1045 1451
1045 1517
1045 1711
1046 1676
1046 1823
1046 1948
1047 1104
1047 1330
1047 1529
1047 1532
1047 1555
1047 1581
1047 1738
1047 1895
1048 1623
1048 1940
1049 1302
1049 1317
1049 1362
1049 1696
1049 1873
1050 1527
1050 1563
1050 1662
1051 1110
1051 1298
1051 1480
1051 1550
1051 1671
1052 1312
1052 1810
1052 1976
1053 1288
1053 1460
1053 1521
1053 1839
1054 1119
1054 1133
1054 1175
1054 1528
1054 1570
1054 1731
1055 1353
1055 1458
1055 1584
1056 1437
1056 1795
1057 1078
1057 1239
1057 1269
1057 1653
1057 1735
1057 1877
1057 1949
1058 1123
1058 1129
1058 1551
1058 1618
1058 1810
1058 1857
1059 1129
1059 1403
1059 1579
1059 1713
1059 1843
1060 1074
1060 1168
1060 1314
1060 1869
1061 1710
1062 1303
1062 1540
1063 1258
1063 1773
1064 1110
1064 1474
1064 1752
1065 1088
1066 1599
1066 1930
1067 1305
1067 1687
1068 1485
1068 1685
1068 1817
1068 1883
1069 1906
1069 1940
1070 1300
1070 1644
1070 1975
1071 1613
1071 1762
1072 1100
1072 1146
1072 1326
1072 1712
1072 1759
1073 1536
1074 1266
1074 1341
1074 1623
1074 1767
1075 1209
1075 1223
1075 1400
1075 1955
1076 1107
1076 1123
1077 1147
1077 1437
1077 1825
1077 1950
1077 1986
1078 1088
1078 1900
1079 1151
1079 1627
1079 1659
1080 1305
1080 1425
1081 1405
1081 1437
1081 1455
1081 1688
1081 1714
1081 1879
1081 1892
1082 1366
1082 1456
1082 1647
1082 1877
1082 1893
1083 1299
1083 1638
1084 1210
1084 1419
1084 1514
1084 1558
1084 2000
1085 1191
1085 1370
1085 1873
1085 1932
1086 1225
1086 1392
1086 1584
1087 1167
1087 1390
1087 1442
1087 1586
1087 1596
1087 1632
1087 1864
1088 1300
1088 1406
1088 1411
1088 1824
1089 1203
1089 1429
1089 1456
1089 1866
1089 1970
1090 1125
1090 1383
1090 1505
1090 1617
1090 1738
1090 1984
1091 1138
1091 1558
1091 1975
1092 1207
1092 1856
1092 1959
1093 1559
1094 1229
1094 1775
1094 1870
1094 1935
1095 1214
1095 1294
1095 1358
1095 1400
1096 1234
1096 1365
1096 1966
1097 1730
1098 1149
1098 1573
1098 1915
1099 1278
1099 1519
1099 1563
1099 1681
1099 1846
1099 1870
1100 1102
1100 1179
1100 1449
1100 1483
1100 1927
1100 1988
1101 1226
1101 1270
1101 1414
1101 1933
1102 1469
1102 1917
1103 1148
1103 1289
1103 1300
1103 1386
1103 1488
1104 1700
1105 1136
1105 1137
1105 1883
1106 1510
1106 1513
1106 1572
1106 1709
1106 1774
1107 1427
1107 1594
1107 1596
1107 1725
1107 1734
1107 1832
1107 1966
1108 1226
1108 1603
1108 1936
1109 1716
1109 1738
1110 1743
1110 1802
1110 1887
1111 1198
1111 1426
1111 1471
1111 1678
1111 1905
1111 1938
1112 1145
1112 1332
1112 1591
1112 1756
1112 1961
1113 1147
1113 1512
1113 1592
1113 1629
1113 1868
1113 1957
1113 1961
1114 1118
1114 1246
1114 1656
1114 1871
1115 1801
1115 1830
1115 1938
1116 1126
1116 1301
1116 1337
1116 1420
1116 1428
1116 1517
1116 1627
1116 1876
1116 1958
1117 1364
1117 1503
1117 1575
1117 1713
1117 1881
1117 1902
1118 1630
1118 1969
1119 1355
1119 1922
1120 1159
1120 1644
1121 1252
1121 1692
1121 1850
1122 1199
1122 1258
1122 1361
1122 1808
1123 1132
1123 1166
1123 1627
1123 1755
1123 1997
1124 1225
1124 1269
1124 1621
1124 1644
1124 1890
1124 1933
1124 1998
1125 1160
1125 1592
1126 1477
1127 1165
1127 1768
1128 1283
1128 1908
1129 1265
1129 1623
1130 1794
1130 1824
1131 1168
1131 1294
1131 1740
1132 1175
1132 1275
1132 1503
1132 1675
1133 1184
1133 1588
1133 1675
1133 1937
1134 1185
1134 1228
1134 1474
1134 1621
1134 1962
1135 1215
1135 1251
1135 1264
1135 1394
1135 1895
1136 1195
1136 1265
1136 1639
1137 1153
1137 1283
1137 1287
1137 1750
1138 1148
1138 1608
1138 1639
1139 1548
1139 1561
1140 1214
1140 1394
1140 1511
1140 1644
1140 1686
1140 1783
1141 1267
1141 1316
1141 1404
1141 1613
1141 1817
1142 1143
1142 1823
1142 1956
1142 1984
1143 1201
1143 1470
1143 1471
1143 1571
1143 1590
1143 1693
1143 1711
1143 1802
1144 1323
1144 1501
1144 1519
1144 1794
1144 1966
1145 1423
1145 1756
1145 1963
1145 1995
1146 1348
1146 1417
1146 1421
1146 1426
1146 1532
1146 1836
1146 1872
1147 1249
1147 1524
1147 1562
1147 1582
1147 1626
1147 1847
1148 1287
1148 1305
1148 1474
1148 1478
1148 1542
1148 1883
1148 1998
1149 1814
1150 1354
1150 1508
1150 1723
1150 1862
1151 1322
1151 1410
1152 1527
1152 1557
1152 1712
1152 1724
1153 1175
1153 1417
1153 1530
1153 1717
1153 1969
1154 1221
1154 1278
1154 1594
1154 1637
1154 1814
1154 1953
1154 1977
1155 1295
1155 1305
1155 1827
1155 1859
1156 1464
1156 1625
1157 1176
1157 1268
1157 1535
1157 1689
1157 1996
1158 1178
1158 1581
1158 1684
1159 1465
1160 1206
1160 1221
1160 1375
1160 1506
1160 1625
1160 1642
1160 1875
1160 1893
1161 1693
1161 1723
1161 1742
1161 1945
1162 1304
1162 1690
1162 1976
1163 1517
1163 1777
1164 1579
1164 1771
1164 1787
1164 1823
1164 1985
1165 1508
1165 1676
1165 1978
1166 1293
1166 1409
1166 1489
1166 1745
1166 1900
1167 1328
1167 1647
1168 1337
1168 1461
1168 1603
1168 1991
1169 1360
1169 1772
1169 1922
1169 1975
1170 1452
1170 1519
1170 1813
1171 1326
1171 1581
1172 1286
1172 1503
1172 1543
1172 1578
1172 1614
1172 1815
1172 1894
1173 1238
1173 1389
1174 1286
1174 1346
1174 1560
1175 1288
1175 1403
1175 1408
1175 1817
1176 1441
1176 1543
1176 1647
1177 1192
1177 1309
1177 1314
1177 1790
1177 1899
1178 1613
1179 1214
1179 1278
1179 1286
1179 1312
1179 1660
1179 1667
1180 1651
1181 1484
1182 1301
1182 1314
1182 1411
1182 1663
1183 1279
1183 1452
1183 1706
1184 1563
1184 1722
1185 1186
1185 1227
1185 1617
1185 1771
1185 1803
1186 1190
1186 1368
1186 1636
1186 1732
1186 1826
1187 1319
1187 1380
1187 1431
1188 1612
1188 1614
1188 1735
1188 1860
1189 1196
1189 1453
1189 1747
1189 1968
1190 1216
1190 1729
1191 1271
1191 1376
1191 1504
1191 1656
1191 1665
1191 1825
1192 1230
1192 1368
1192 1465
1192 1475
1192 1941
1193 1616
1193 1714
1193 1989
1194 1272
1194 1422
1194 1453
1194 1476
1195 1379
1195 1665
1195 1979
1196 1946
1197 1208
1197 1469
1197 1801
1198 1238
1198 1340
1198 1348
1198 1595
1198 1907
1198 1949
1198 1984
1199 1413
1199 1998
1200 1396
1200 1420
1200 1601
1200 1805
1200 1825
1201 1292
1201 1871
1202 1308
1202 1375
1202 1625
1202 1694
1202 1965
1202 1993
1203 1308
1203 1672
1204 1713
1204 1994
1205 1422
1205 1498
1205 1709
1206 1270
1206 1310
1206 1350
1206 1431
1206 1466
1206 1961
1207 1514
1207 1524
1207 1690
1207 1919
1207 1925
1208 1388
1208 1463
1208 1738
1208 1908
1209 1253
1209 1570
1210 1512
1210 1686
1210 1694
1210 1704
1210 1834
1210 1859
1210 1931
1211 1251
1211 1363
1211 1503
1211 1667
1211 1838
1211 1948
1212 1639
1214 1451
1214 1632
1214 1775
1214 1854
1214 1927
1215 1582
1215 1799
1215 1923
1215 1940
1216 1263
1216 1585
1216 1910
1218 1654
1218 1946
1219 1289
1219 1435
1220 1345
1220 1362
1220 1609
1221 1695
1221 1881
1222 1360
1222 1715
1222 1752
1222 1932
1222 1935
1223 1780
1224 1351
1224 1516
1224 1592
1224 1618
1224 1723
1224 1768
1224 1987
1225 1509
1225 1661
1225 1730
1225 1763
1225 1845
1225 1990
1226 1230
1226 1515
1226 1727
1226 1987
1228 1407
1228 1415
1228 1634
1228 1782
1229 1270
1229 1379
1229 1785
1230 1866
1230 1984
1231 1310
1231 1377
1231 1781
1232 1435
1232 1477
1232 1614
1232 1776
1232 1989
1233 1263
1235 1835
1235 1936
1236 1246
1236 1546
1236 1765
1236 1963
1237 1381
1238 1500
1238 1742
1238 1930
1239 1538
1240 1513
1240 1709
1240 1833
1240 1841
1241 1320
1241 1386
1241 1400
1241 1458
1241 1610
1241 1953
1241 2000
1242 1349
1242 1639
1242 1650
1242 1683
1242 1969
1243 1327
1243 1349
1243 1873
1243 1956
1244 1417
1244 1472
1244 1505
1244 1687
1244 1852
1245 1480
1245 1521
1246 1397
1246 1473
1246 1531
1246 1594
1246 1860
1247 1458
1247 1476
1247 1499
1247 1644
1247 1689
1247 1780
1248 1432
1248 1818
1248 1965
1249 1525
1249 1666
1250 1315
1250 1631
1250 1815
1250 1916
1250 1942
1250 1944
1252 1321
1252 1323
1253 1829
1253 1834
1254 1536
1254 1741
1254 1781
1255 1622
1255 1830
1256 1460
1256 1873
1256 1905
1256 1955
1257 1411
1257 1425
1257 1476
1257 1713
1258 1484
1258 1743
1258 1791
1258 1959
1259 1340
1259 1528
1259 1740
1260 1496
1260 1889
1261 1351
1261 1893
1262 1584
1262 1626
1262 1643
1262 1725
1262 1751
1262 1820
1262 1881
1263 1380
1263 1452
1263 1483
1263 1819
1263 1969
1264 1561
1264 1562
1264 1668
1264 1886
1265 1270
1265 1745
1265 1819
1266 1286
1266 1293
1266 1405
1266 1710
1266 1829
1267 1519
1267 1661
1267 1804
1268 1583
1268 1789
1269 1808
1269 1866
1270 1347
1270 1761
1271 1408
1271 1539
1271 1557
1271 1611
1271 1869
1272 1401
1272 1483
1272 1649
1272 1684
1272 1923
1272 1929
1273 1294
1273 1433
1273 1815
1273 1935
1274 1360
1274 1538
1274 1919
1274 1972
1275 1475
1275 1481
1275 1571
1275 1681
1275 1973
1276 1744
1276 1851
1276 1926
1277 1300
1277 1412
1278 1299
1278 1477
1278 1560
1278 1567
1278 1777
1278 1971
1279 1293
1279 1447
1279 1571
1279 1730
1279 1778
1279 1866
1280 1289
1280 1558
1280 2000
1281 1533
1281 1679
1282 1314
1282 1498
1282 1926
1283 1292
1284 1306
1284 1405
1284 1839
1284 1862
1285 1351
1285 1529
1285 1589
1285 1786
1286 1506
1286 1606
1286 1921
1287 1316
1287 1416
1287 1436
1287 1883
1287 1980
1288 1449
1288 1559
1289 1735
1289 1842
1289 1893
1290 1478
1290 1708
1291 1558
1291 1848
1292 1312
1292 1391
1292 1955
1292 1957
1293 1360
1293 1562
1293 1582
1294 1502
1294 1862
1295 1850
1295 1931
1295 1998
1296 1301
1296 1594
1296 1963
1297 1314
1297 1342
1297 1478
1297 1767
1298 1833
1298 1919
1299 1381
1299 1821
1300 1460
1300 1719
1301 1409
1301 1806
1301 1813
1301 1894
1302 1659
1302 1759
1302 1761
1302 1863
1302 1959
1303 1676
1303 1772
1303 1884
1303 1893
1303 1965
1303 1995
1304 1421
1304 1864
1305 1547
1306 1517
1306 1642
1306 1842
1307 1318
1307 1910
1308 1676
1309 1401
1309 1408
1309 1536
1309 1796
1310 1903
1311 1557
1311 1732
1311 1807
1311 1962
1312 1451
1312 1503
1312 1704
1312 1761
1313 1485
1313 1571
1313 1897
1313 1961
1314 1453
1314 1961
1314 1977
1315 1690
1315 1948
1316 1317
1316 1381
1316 1600
1316 1903
1316 1998
1317 1396
1317 1435
1317 1534
1317 1891
1318 1399
1318 1520
1318 1667
1318 1788
1319 1407
1319 1851
1320 1562
1320 1655
1320 1784
1320 1793
1320 1851
1320 1883
1321 1342
1321 1373
1321 1554
1321 1603
1321 1840
1321 1847
1321 1873
1321 1941
1322 1431
1322 1444
1322 1547
1323 1454
1323 1756
1324 1395
1324 1559
1324 1795
1325 1347
1325 1583
1325 1602
1325 1933
1326 1737
1326 1963
1326 1967
1327 1356
1327 1364
1327 1406
1327 1458
1327 1915
1328 1506
1329 1408
1329 1547
1329 1797
1330 1384
1330 1487
1330 1712
1330 1900
1331 1768
1331 1783
1331 1952
1332 1707
1332 1912
1332 1988
1333 1854
1333 1966
1334 1584
1335 1431
1336 1886
1337 1381
1337 1593
1337 1804
1338 1725
1338 1739
1338 1807
1339 1528
1339 1614
1339 1895
1340 1358
1340 1384
1340 1496
1340 1834
1340 1985
1341 1523
1341 1610
1341 1870
1342 1351
1342 1408
1342 1487
1342 1703
1342 1894
1343 1350
1343 1373
1343 1745
1343 1926
1344 1919
1345 1664
1346 1588
1346 1995
1347 1392
1347 1470
1347 1538
1347 1542
1347 1555
1347 1684
1347 1747
1348 1585
1349 1377
1349 1544
1349 1677
1349 1745
1349 1900
1350 1358
1350 1556
1351 1708
1351 1808
1352 1426
1352 1657
1353 1466
1353 1690
1353 1739
1353 1771
1353 1990
1354 1575
1354 1654
1355 1459
1355 1588
1355 1673
1355 1676
1356 1362
1356 1526
1356 1944
1357 1399
1357 1695
1358 1440
1359 1531
1359 1547
1359 1804
1359 1939
1361 1525
1361 1554
1362 1645
1362 1691
1363 1411
1364 1602
1364 1716
1364 1955
1365 1463
1365 1496
1365 1813
1366 1721
1366 1735
1366 1960
1367 1649
1367 1811
1367 1901
1367 1922
1369 1474
1369 1647
1369 1979
1370 1467
1370 1550
1370 1977
1371 1487
1371 1581
1371 1659
1371 1880
1371 1962
1372 1457
1373 1552
1373 1567
1373 1671
1373 1985
1374 1426
1374 1845
1375 1718
1375 1745
1376 1588
1376 1756
1376 1868
1377 1569
1377 1790
1377 1836
1378 1450
1378 1886
1379 1668
1379 1966
1380 1386
1380 1819
1380 1823
1380 1942
1381 1426
1381 1447
1381 1545
1381 1654
1381 1949
1382 1714
1382 1899
1383 1625
1383 1827
1383 1977
1384 1674
1384 1979
1385 1553
1385 1646
1385 1770
1386 1393
1386 1632
1386 1831
1388 1638
1388 1657
1389 1482
1389 1808
1389 1877
1390 1813
1390 1959
1391 1447
1391 1495
1391 1644
1391 1908
1392 1599
1392 1683
1392 1838
1392 1919
1393 1405
1393 1409
1393 1508
1393 1730
1394 1648
1394 1855
1394 1946
1396 1467
1397 1400
1397 1564
1397 1697
1398 1823
1398 1906
1398 1960
1399 1558
1399 1867
1400 1403
1400 1588
1400 1700
1400 1926
1401 1462
1401 1731
1402 1434
1402 1898
1402 1917
1403 1435
1403 1754
1403 1890
1403 1921
1403 2000
1404 1764
1404 1868
1405 1745
1405 1893
1405 1902
1405 1953
1406 1814
1406 1991
1407 1505
1407 1573
1408 1612
1408 1783
1409 1453
1409 1669
1409 1743
1409 1744
1409 1953
1409 1988
1410 1536
1410 1637
1410 1686
1411 1422
1411 1660
1411 1960
1412 1556
1412 1847
1412 1857
1413 1584
1413 1593
1413 1647
1413 1782
1413 1848
1413 1882
1414 1546
1414 1809
1414 1946
1415 1480
1415 1723
1416 1894
1416 1979
1417 1872
1418 1633
1418 1639
1418 1776
1418 1816
1419 1637
1419 1655
1419 1716
1419 1837
1420 1761
1420 1928
1420 1984
1421 1706
1421 1827
1422 1749
1423 1498
1425 1564
1425 1646
1425 1802
1425 1985
1426 1453
1426 1560
1426 1908
1426 1950
1426 1957
1427 1504
1427 1656
1427 1700
1427 1754
1427 1839
1428 1607
1428 1786
1428 1886
1429 1760
1429 1914
1429 1988
1430 1581
1430 1859
1432 1517
1433 1468
1433 1929
1433 1961
1434 1608
1434 1771
1435 1482
1435 1514
1435 1932
1435 1940
1436 1576
1436 1698
1437 1726
1437 1854
1438 1913
1439 1550
1439 1809
1440 1638
1440 1779
1440 1993
1442 1495
1442 1640
1442 1836
1443 1454
1443 1748
1443 1931
1444 1659
1445 1515
1445 1542
1445 1888
1445 1961
1446 1758
1448 1452
1448 1729
1448 1921
1449 1519
1449 1596
1450 1998
1451 1893
1452 1456
1453 1901
1454 1497
1454 1513
1454 1879
1455 1691
1455 1887
1455 1948
1456 1689
1456 1784
1456 1831
1457 1709
1457 1784
1458 1765
1459 1491
1459 1560
1459 1816
1459 1957
1461 1622
1462 1636
1462 1724
1462 1793
1462 1839
1463 1709
1464 1584
1465 1785
1466 1474
1466 1635
1467 1677
1467 1701
1467 1731
1467 1756
1468 1810
1469 1481
1469 1560
1470 1557
1470 1612
1470 1806
1471 1546
1471 1665
1471 1707
1471 1717
1471 1745
1471 1859
1471 1959
1471 1977
1472 1824
1472 1899
1473 1643
1476 1629
1477 1681
1477 1735
1477 1747
1477 1922
1478 1501
1478 1908
1479 1782
1479 1959
1482 1691
1483 1521
1483 1546
1484 1766
1484 1957
1485 1842
1485 1902
1486 1621
1486 1653
1486 1903
1486 1928
1487 1778
1488 1493
1488 1978
1488 1999
1489 1515
1489 1572
1489 1924
1489 1980
1490 1504
1490 1588
1490 1732
1491 1635
1491 1958
1492 1748
1492 1813
1492 1974
1493 1591
1493 1754
1493 1869
1494 1587
1494 1703
1494 1840
1494 1841
1495 1505
1495 1670
1495 1789
1495 1868
1496 1693
1496 1728
1496 1764
1496 1778
1497 1527
1497 1532
1497 1744
1498 1602
1498 1952
1499 1636
1499 1646
1499 1662
1499 1853
1499 1862
1499 1998
1500 1579
1500 1933
1501 1683
1502 1593
1503 1623
1503 1728
1503 1738
1503 1922
1505 1552
1506 1597
1506 1840
1506 1987
1509 1588
1509 1864
1510 1556
1510 1633
1511 1528
1511 1530
1511 1582
1511 1585
1511 1809
1511 1937
1512 1763
1513 1991
1514 1699
1514 1996
1515 1562
1515 1932
1516 1653
1516 1713
1516 1952
1517 1770
1517 1829
1517 1855
1518 1866
1518 1897
1519 1648
1519 1819
1520 1601
1520 1737
1520 1787
1520 1920
1521 1757
1521 1998
1522 1613
1522 1873
1525 1542
1525 1555
1525 1580
1525 1751
1525 1786
1525 1990
1526 1687
1527 1553
1528 1764
1528 1958
1529 1622
1529 1933
1530 1686
1530 1761
1530 1893
1531 1684
1531 1773
1531 1889
1532 1721
1532 1959
1533 1593
1533 1912
1534 1703
1535 1756
1535 1886
1535 1937
1536 1738
1536 1989
1537 1749
1539 1669
1540 1754
1540 1988
1541 1812
1542 1666
1542 1795
1543 1830
1543 1948
1544 1836
1544 1983
1545 1661
1545 1668
1545 1784
1545 1932
1545 1942
1546 1849
1546 1866
1547 1768
1547 1771
1547 1984
1548 1558
1548 1669
1550 1671
1550 1782
1550 1797
1551 1581
1551 1823
1552 1698
1552 1926
1553 1573
1553 1737
1554 1713
1554 1871
1555 1595
1555 1810
1555 1947
1556 1612
1556 1650
1556 1881
1558 1945
1559 1645
1559 1677
1559 1812
1561 1817
1562 1661
1562 1716
1562 1726
1562 1791
1562 1998
1563 1678
1564 1894
1564 1979
1565 1579
1566 1636
1566 1780
1566 1839
1566 1860
1566 1983
1567 1635
1567 1824
1567 1856
1567 1895
1568 1590
1568 1752
1570 1616
1571 1951
1571 1958
1571 1984
1572 1594
1572 1797
1573 1752
1573 1794
1574 1784
1575 1718
1575 1793
1575 1794
1576 1833
1578 1860
1579 1821
1579 1847
1581 1620
1581 1885
1582 1798
1582 1878
1583 1783
1584 1637
1584 1700
1584 1824
1584 1834
1585 1664
1585 1768
1586 1772
1587 1631
1587 1761
1588 1595
1588 1958
1589 1627
1589 1841
1590 1792
1591 1699
1591 1704
1592 1647
1592 1949
1593 1630
1593 1665
1593 1751
1593 1854
1595 1649
1596 1848
1597 1645
1597 1950
1597 1967
1598 1641
1598 1771
1598 1779
1598 1818
1600 1843
1601 1773
1601 1774
1601 1925
1602 1684
1602 1997
1603 1876
1604 1740
1605 1905
1608 1816
1608 1944
1609 1698
1610 1778
1610 1827
1611 1993
1612 1793
1612 1987
1613 1628
1613 1743
1613 1828
1613 1954
1614 1809
1614 1896
1614 1916
1615 1743
1616 1883
1617 1803
1618 1920
1619 1805
1619 1945
1620 1715
1620 1768
1620 1788
1620 1987
1621 1970
1622 1638
1622 1856
1622 1995
1623 1632
1623 1805
1623 1916
1624 1676
1625 1973
1626 1762
1626 1809
1627 1897
1628 1773
1628 1919
1629 1882
1630 1673
1630 1758
1630 1921
1633 1656
1633 1706
1633 1972
1633 1996
1634 1752
1634 1882
1634 1972
1635 1984
1636 1934
1637 1668
1637 1905
1639 1943
1639 1944
1641 1685
1641 1709
1641 1720
1641 1947
1642 1780
1642 1784
1643 1775
1644 1776
1645 1783
1645 1825
1647 1750
1647 1957
1647 1999
1648 1671
1649 1941
1651 1942
1652 1816
1654 1657
1654 1873
1655 1831
1655 1917
1656 1696
1656 1742
1656 1904
1658 1986
1662 1790
1663 1750
1664 1679
1664 1703
1664 1782
1664 1820
1664 1985
1664 1987
1665 1673
1665 1842
1667 1703
1667 1748
1667 1932
1667 1956
1668 1921
1669 1714
1670 1864
1670 1923
1670 1994
1671 1731
1672 1709
1672 1823
1672 1837
1673 1721
1673 1724
1673 1833
1674 1801
1674 1840
1674 1932
1674 1951
1675 1739
1676 1726
1676 1979
1677 1817
1678 1769
1678 1950
1679 1796
1679 1922
1681 1811
1681 1939
1682 1727
1683 1708
1684 1700
1684 1709
1684 1747
1684 1767
1684 1914
1684 1965
1684 1986
1685 1757
1686 1719
1686 1893
1686 1985
1687 1965
1688 1771
1689 1697
1689 1827
1690 1948
1691 1824
1691 1854
1693 1855
1694 1762
1694 1807
1694 1830
1695 1911
1696 1786
1697 1770
1697 1808
1697 1913
1698 1731
1699 1923
1699 1993
1700 1936
1700 1968
1701 1741
1701 1981
1702 1778
1702 1873
1703 1857
1703 1866
1703 1917
1704 1751
1704 1825
1704 1921
1705 1785
1705 1814
1705 1864
1706 1931
1707 1995
1708 1823
1708 1970
1710 1819
1710 1987
1711 1813
1712 1919
1712 1942
1713 1968
1714 1901
1715 1754
1716 1789
1717 1902
1720 1964
1721 1728
1725 1795
1725 1870
1727 1845
1728 1941
1729 1745
1729 1758
1729 1946
1729 1977
1733 1889
1733 1989
1734 1885
1734 1927
1735 1900
1736 1812
1736 1816
1737 1778
1737 1947
1737 1976
1738 1934
1739 1757
1743 1876
1745 1793
1746 1760
1746 1962
1748 1828
1748 1951
1750 1798
1750 1923
1750 1957
1751 1754
1751 1810
1751 1894
1751 1897
1751 1977
1752 1777
1752 1817
1753 1761
1753 1817
1754 1761
1756 1797
1758 1771
1758 1785
1758 1806
1758 1924
1761 1854
1761 1894
1763 1858
1763 1946
1764 1805
1764 1999
1765 1836
1766 1864
1766 1989
1767 1820
1767 1845
1767 1966
1768 1786
1768 1961
1769 1780
1769 1912
1771 1966
1772 1968
1773 1924
1774 1957
1775 1868
1776 1869
1776 1944
1776 1948
1778 1872
1778 1933
1779 1907
1780 1855
1780 1914
1780 1991
1782 1977
1783 1826
1783 1949
1784 1861
1785 1825
1786 1935
1787 1817
1788 1876
1789 1835
1789 1851
1789 1995
1791 1935
1792 1878
1792 1975
1794 1819
1794 1870
1794 1920
1797 1800
1797 1989
1798 1868
1798 1974
1798 1991
1801 1970
1804 1829
1806 1862
1809 1902
1815 1848
1816 1930
1816 1941
1819 1821
1819 1902
1819 1930
1821 1979
1824 1978
1828 1863
1830 1885
1833 1868
1837 1900
1840 1918
1841 1976
1843 1989
1844 1867
1845 1874
1845 1887
1845 1931
1847 1889
1849 1959
1851 1957
1852 1991
1852 1992
1853 1863
1854 1868
1856 1974
1857 1977
1858 2000
1859 1919
1862 1928
1865 1949
1865 1989
1866 1970
1869 1979
1870 1871
1870 1946
1870 1974
1871 1891
1871 1921
1871 1934
1877 1932
1880 1897
1880 1939
1884 1893
1887 1968
1888 1975
1889 1996
1892 1950
1898 1959
1900 1936
1901 1954
1902 1907
1903 1934
1910 1943
1912 1989
1918 1982
1921 2000
1926 1981
1931 1934
1933 1948
1934 1998
1935 1979
1937 1988
1942 1991
1944 1995
1955 1974
1960 1964
1961 1978
1968 1978
