2000
1 56
1 1820
2 713
2 935
2 1630
3 767
3 965
3 1206
3 1476
3 1991
4 58
4 153
4 263
4 372
4 600
5 1361
5 1636
6 355
6 1440
6 1759
7 387
7 536
7 540
7 957
7 1091
7 1431
8 650
8 1310
9 65
9 312
9 326
9 995
9 1065
9 1383
9 1759
9 1864
10 162
10 855
11 282
11 457
11 854
11 1103
11 1236
11 1324
12 938
12 1456
12 1626
13 443
13 460
13 679
13 1040
13 1117
13 1134
13 1171
13 1620
13 1804
13 1810
13 1935
14 660
14 811
14 1017
14 1037
14 1359
14 1424
14 1766
15 63
15 91
15 263
15 264
15 1356
15 1825
16 24
16 164
16 1157
16 1451
16 1750
16 1776
17 142
17 373
17 472
17 991
17 1132
18 27
18 1632
18 1867
19 268
19 679
19 926
19 1046
20 129
20 552
20 1621
21 506
21 1541
21 1971
22 100
22 192
22 867
22 1492
23 373
23 425
23 911
23 1048
23 1259
23 1775
24 172
24 238
24 602
24 868
24 1186
24 1788
25 290
25 293
25 673
25 1157
25 1196
25 1314
25 1889
25 1905
25 1978
26 545
26 901
26 1021
27 662
27 676
27 707
27 1543
27 1607
27 1755
28 239
28 355
28 452
28 963
28 1367
28 1467
28 1511
28 1856
28 1888
29 375
29 1003
29 1063
29 1263
29 1600
29 1640
29 1718
29 1809
30 141
30 586
30 1146
30 1426
31 367
31 666
31 1473
31 1708
31 1714
31 1929
32 645
33 1636
33 1669
33 1753
34 240
34 306
34 837
34 971
34 1314
34 1510
34 1613
34 1774
35 1214
35 1250
35 1526
35 1744
35 1793
36 132
36 347
36 780
36 1152
36 1592
37 651
37 670
37 1060
37 1470
37 1541
38 605
38 1121
38 1508
38 1925
39 201
39 464
39 766
39 896
39 1121
39 1366
40 266
40 676
40 961
40 970
40 1160
40 1375
40 1637
41 227
41 431
41 1096
41 1112
41 1409
41 1652
41 1815
41 1963
42 103
42 1314
42 1598
43 83
43 909
43 1126
43 1707
44 298
44 710
44 1585
44 1881
45 556
45 912
45 1145
45 1186
45 1887
45 1961
46 640
46 649
46 777
46 1769
46 1887
47 99
47 482
47 531
47 857
47 932
47 988
47 1190
47 1699
47 1712
47 1900
47 1947
48 366
48 472
48 656
48 665
48 1198
49 485
49 576
49 1098
49 1880
50 738
50 842
50 873
50 1186
50 1691
51 561
51 881
51 1256
51 1573
51 1654
51 1951
52 308
52 656
52 1677
52 1748
52 1940
53 151
53 332
53 1056
53 1146
53 1997
54 118
54 921
54 944
54 1019
54 1192
54 1260
55 101
55 378
55 608
55 744
55 1150
55 1193
55 1386
55 1491
55 1598
55 1779
56 142
56 281
56 657
56 1984
57 506
57 584
57 654
57 890
57 1264
57 1379
57 1381
58 438
58 1189
58 1395
58 1776
59 101
59 1009
59 1256
59 1717
59 1931
60 823
61 540
61 997
61 1006
61 1541
61 1919
62 363
62 495
62 527
62 1757
63 344
63 711
63 1002
63 1322
64 109
64 116
64 265
64 877
64 1058
64 1783
65 229
65 444
65 1184
65 1309
65 1318
65 1880
65 2000
66 279
66 557
66 826
66 1323
66 1438
66 1540
66 1677
66 1757
67 484
67 599
67 1734
67 1740
67 1858
68 221
68 265
68 607
68 1089
68 1111
68 1467
68 1470
69 555
69 706
69 875
69 1876
69 1883
70 407
70 593
70 1137
70 1201
71 171
71 836
71 1029
71 1191
72 198
72 433
72 452
72 480
72 610
72 709
72 1838
73 98
73 284
73 1465
73 1839
73 1934
74 1149
74 1310
74 1420
74 1492
74 1567
75 470
75 537
75 538
75 720
75 823
75 1072
75 1300
75 1466
76 546
76 872
76 1365
76 1829
76 1951
77 86
77 796
77 1035
77 1305
77 1317
77 1566
77 1955
78 196
78 303
78 832
78 1356
78 1857
79 217
79 1316
79 1957
80 1269
80 1293
80 1398
80 1933
81 318
81 742
81 1145
82 261
82 534
82 728
82 1555
82 1591
83 95
83 1342
83 1408
83 1455
83 1599
84 263
84 398
85 512
85 1768
86 456
86 982
86 1300
87 215
87 911
87 1736
88 184
88 931
88 1773
89 433
89 524
89 565
89 719
89 1089
89 1288
89 1515
89 1850
90 487
90 714
90 889
90 1012
90 1189
90 1226
90 1326
90 1509
90 1759
90 1810
91 224
91 311
91 1115
91 1611
91 1883
91 1893
92 325
92 707
92 930
92 1529
92 1689
93 330
93 359
93 586
93 792
93 1315
93 1536
93 1678
93 1841
94 232
94 238
94 266
94 291
95 444
95 635
95 700
95 839
95 1217
95 1984
96 274
96 700
96 1001
96 1165
96 1326
96 1459
97 442
97 806
97 1150
97 1831
98 158
98 222
98 461
98 704
98 1083
98 1267
98 1321
98 1473
98 1520
98 1644
99 269
99 482
99 713
99 1044
99 1456
99 1731
99 1835
100 213
100 538
100 590
100 686
100 852
100 1105
100 1167
100 1250
100 1464
100 1524
101 426
101 661
101 1403
101 1683
103 172
103 1340
103 1407
103 1479
103 1543
103 1624
103 1650
103 1816
104 317
104 326
104 866
104 876
104 1186
104 1470
104 1665
105 384
105 1029
105 1186
105 1737
105 1811
105 1842
105 1858
106 951
106 1029
106 1130
106 1487
106 1804
106 1879
107 153
107 207
107 241
107 1370
107 1743
108 341
108 820
108 1476
108 1609
109 345
109 863
109 1165
109 1373
109 1800
110 1283
110 1356
110 1475
110 1739
110 1772
110 1821
110 1977
111 965
111 1199
111 1436
111 1626
111 1728
111 1740
111 1841
112 225
112 458
112 509
112 743
112 874
112 1248
112 1368
112 1528
112 1642
112 1706
112 1907
113 392
113 493
113 645
113 1219
113 1947
114 1517
115 414
115 1487
115 1745
115 1994
116 772
116 1264
116 1282
116 1304
116 1767
116 1883
117 503
117 1151
117 1377
117 1534
117 1607
117 1992
118 234
118 370
118 455
118 1199
118 1266
118 1536
118 1777
118 1939
119 396
119 416
119 465
119 918
119 1612
120 254
120 348
120 531
120 555
120 711
120 824
120 1283
120 1604
120 1849
120 1977
120 1981
121 349
121 1628
122 484
122 1840
122 1882
123 1383
123 1706
123 1750
123 1959
124 230
124 1087
124 1665
125 399
125 491
125 526
125 678
125 863
125 1592
125 1969
126 500
126 602
126 689
126 825
126 1268
126 1293
126 1554
127 256
127 324
127 800
127 1104
127 1545
127 1749
127 1901
128 223
128 419
128 1429
128 1582
128 1749
129 166
129 1445
130 171
130 1158
130 1324
130 1511
130 1539
130 1907
131 153
131 458
131 652
131 1481
132 171
132 548
132 1156
132 1457
132 1483
133 1021
133 1785
134 313
134 334
134 378
134 543
134 684
134 709
135 563
135 613
135 1500
135 1899
136 841
136 962
136 1367
136 1460
136 1498
136 1633
136 1875
137 586
137 1023
137 1847
138 271
138 376
138 620
138 853
138 934
138 948
138 1229
138 1246
138 1362
138 1602
139 338
139 412
139 682
139 732
139 1253
139 1259
140 174
140 526
140 634
140 1300
141 934
141 1269
141 1432
142 556
142 1646
142 1846
142 1898
143 188
143 553
143 1206
143 1568
143 1733
144 247
144 1344
144 1818
145 212
145 233
145 912
145 1904
145 1913
146 339
146 355
146 789
146 795
146 1264
146 1479
146 1679
146 1791
147 290
147 1013
147 1195
147 1210
147 1289
147 1607
147 1619
147 1807
148 1425
148 1885
149 175
149 183
149 338
149 970
149 1660
150 290
150 701
150 734
150 987
150 1220
150 1267
150 1439
150 1627
150 1664
150 1688
150 1858
151 612
151 1004
151 1123
151 1437
151 1533
151 1872
152 319
153 418
153 950
153 1075
153 1083
153 1339
153 1957
154 615
154 1200
154 1301
155 929
155 1092
155 1120
155 1455
155 1785
156 436
156 456
156 644
156 889
156 916
156 1311
156 1339
156 1445
156 1555
157 1529
158 590
158 823
158 1198
158 1200
158 1306
158 1437
158 1659
159 502
159 778
159 836
159 1010
159 1555
159 1836
160 230
160 249
160 281
160 364
160 481
160 719
160 832
161 280
161 634
161 1022
161 1188
161 1295
161 1382
161 1963
162 322
162 414
162 660
162 800
162 1017
162 1121
162 1255
162 1590
162 1871
163 257
163 592
163 719
163 1178
164 309
164 632
164 845
164 849
164 1328
164 1596
164 2000
165 612
165 840
165 1565
165 1856
166 512
166 1809
167 280
167 566
167 1149
167 1472
167 1933
168 274
168 564
168 967
168 1364
168 1855
168 1914
169 321
169 1176
169 1499
169 1805
170 736
170 1141
170 1150
170 1269
170 1395
170 1679
170 1842
171 234
171 647
171 752
171 884
171 1113
171 1542
171 2000
172 379
172 615
172 1123
172 1207
173 342
173 764
173 773
173 1450
174 297
175 334
175 444
175 492
175 1067
175 1296
175 1343
175 1753
175 1842
176 300
176 352
176 409
176 561
176 895
176 1091
176 1296
176 1369
176 1372
177 589
177 730
177 823
177 951
177 1312
177 1653
177 1921
178 181
178 659
178 763
178 1309
179 314
179 569
179 1042
179 1937
181 241
181 774
181 829
181 1436
181 1935
182 478
182 608
182 785
182 1005
182 1848
183 488
183 1149
183 1955
184 716
184 831
184 1070
184 1281
184 1323
184 1328
184 1346
184 1704
184 1894
185 293
185 1486
185 1992
186 302
186 561
186 1377
186 1716
187 269
187 1623
188 384
188 611
188 828
188 1094
188 1737
189 732
189 1082
189 1150
189 1834
190 470
190 594
190 1288
190 1666
190 1892
191 426
191 444
191 803
191 1034
191 1101
191 1459
191 1879
192 547
192 553
192 861
193 550
193 1190
193 1215
193 1379
193 1974
194 243
194 597
194 964
194 1587
195 299
195 931
195 1361
195 1592
196 257
196 1076
196 1575
197 1048
197 1231
197 1881
198 374
198 1487
199 401
199 592
199 977
199 1035
199 1318
199 1448
199 1683
199 1726
200 246
200 1727
200 1762
201 205
201 485
201 674
202 549
202 844
202 1781
202 1823
203 223
203 251
203 635
203 649
203 1160
203 1868
204 622
204 1200
204 1301
204 1343
205 556
205 921
205 1104
206 411
206 575
206 820
206 1354
207 225
207 314
207 322
207 990
207 1153
207 1304
207 1605
208 755
208 1159
208 1323
208 1407
208 1481
208 1607
209 282
209 438
209 645
209 720
209 721
209 1756
209 1979
210 273
210 517
210 610
210 765
210 908
210 1246
210 1737
211 505
211 687
211 1187
211 1477
211 1549
212 599
212 791
212 1116
212 1228
212 1775
213 631
213 892
213 1083
213 1608
213 1822
214 356
214 840
214 846
214 1086
214 1562
214 1758
214 1781
215 351
215 494
215 645
215 1034
215 1113
215 1114
215 1322
216 333
216 685
216 1052
216 1199
216 1512
216 1676
217 812
217 1367
217 1572
217 1616
217 1814
217 1886
217 1981
217 1990
218 462
218 684
218 779
218 1014
218 1812
218 1995
219 225
219 704
219 964
219 1199
219 1265
219 1444
219 1754
220 861
220 1017
220 1483
220 1715
221 443
221 500
221 729
221 878
221 1818
222 562
222 1201
223 586
223 1067
223 1423
224 1112
224 1176
224 1427
224 1906
224 1936
225 436
225 604
225 1074
226 344
226 1083
226 1180
226 1195
227 329
227 402
227 1072
227 1268
227 1966
228 278
228 883
228 981
228 1127
228 1221
228 1340
228 1374
228 1636
229 332
229 509
229 1110
230 368
230 373
230 647
230 1161
230 1300
230 1703
231 1305
231 1812
231 1910
232 669
232 938
232 1343
232 1528
233 780
233 838
233 849
233 1717
233 1754
233 1924
233 1949
234 294
234 1331
234 1992
235 1342
236 262
236 520
236 946
236 1534
236 1565
236 1856
237 631
237 745
237 1421
237 1574
237 1854
238 330
238 529
238 730
239 577
240 1595
240 1715
240 1744
240 1840
241 624
241 923
241 988
241 1052
241 1483
241 1716
241 1916
242 607
242 1394
242 1830
243 652
243 896
243 1164
243 1172
243 1378
243 1754
244 307
244 351
244 867
244 1965
245 686
245 735
245 777
245 1036
245 1866
245 1878
246 910
246 1421
246 1647
246 1692
246 1969
247 433
247 566
247 922
247 1477
247 1893
248 517
248 881
248 1250
248 1367
248 1431
248 1620
248 1667
248 1692
249 1364
250 381
250 752
250 1698
250 1845
251 384
251 968
251 1745
251 1822
253 865
253 986
253 1688
254 663
254 694
254 1575
255 344
255 848
255 1402
255 1494
256 270
256 388
256 807
256 1522
256 1646
256 1733
256 1969
257 666
257 835
257 843
257 845
258 627
258 649
258 798
258 899
258 1478
258 1611
259 1014
259 1063
259 1072
260 385
260 1077
261 429
261 637
261 945
261 1017
261 1586
262 376
262 451
262 1008
262 1304
263 1201
263 1675
263 1949
264 296
264 796
264 959
264 1101
264 1352
264 1575
264 1677
264 1688
266 775
266 1039
266 1508
266 1859
266 1953
267 897
267 1255
267 1330
267 1414
267 1540
268 751
268 899
268 1352
268 1410
268 1777
268 1942
268 1967
269 481
269 522
269 835
269 1368
269 1534
269 1984
269 1990
270 374
270 599
270 934
270 1168
270 1697
270 1878
270 1951
270 1970
271 297
271 343
271 383
271 944
271 1809
271 1876
271 1960
271 1966
272 1537
272 1553
273 395
273 773
273 1193
273 1279
274 644
274 907
274 1007
274 1167
275 449
275 556
275 885
275 1754
275 1908
275 1989
276 860
276 1258
276 1338
276 1385
276 1400
276 1422
276 1984
277 984
277 1131
277 1551
278 1109
278 1207
278 1266
278 1453
278 1841
278 1974
279 816
279 1045
279 1257
279 1378
279 1512
279 1644
279 1894
280 294
280 1077
280 1092
280 1693
280 1733
281 980
281 1756
282 289
282 567
282 914
282 982
282 1224
282 1608
282 1677
283 748
283 1610
284 411
284 546
284 559
284 656
284 758
284 1048
284 1953
285 786
285 855
285 1097
285 1250
285 1836
285 1995
286 568
286 761
286 1226
286 1292
286 1329
286 1421
287 638
287 1281
288 300
288 807
288 1266
288 1489
288 1842
289 590
289 626
289 875
289 1072
289 1111
289 1611
290 306
290 452
290 469
290 959
290 1413
290 1698
291 985
291 1536
291 1772
291 1916
292 439
292 619
292 821
292 1522
292 1626
293 717
293 924
293 1246
293 1513
294 808
294 1087
294 1100
295 896
295 1132
295 1174
295 1187
295 1197
295 1853
295 1881
296 392
296 549
296 588
296 623
296 838
296 1315
297 367
297 472
297 528
297 600
297 685
297 848
297 992
297 1046
297 1611
297 1680
298 353
298 436
298 627
298 870
298 1209
298 1214
298 1218
298 1936
299 332
299 581
299 657
299 781
299 1223
299 1270
299 1606
299 1835
299 1871
300 391
300 946
300 957
300 1009
300 1418
300 1678
301 621
301 642
301 1140
301 1543
301 1983
302 630
303 521
303 576
303 1753
304 346
304 1366
304 1740
305 578
305 640
305 1064
305 1239
305 1328
305 1513
306 411
306 465
306 1229
306 1533
306 1643
306 1738
306 1926
307 419
307 536
307 779
307 1083
307 1103
307 1105
307 1231
307 1808
308 610
308 886
308 1100
308 1218
308 1310
308 1460
308 1889
309 807
309 1155
309 1188
309 1194
310 906
310 1242
310 1693
311 400
311 457
311 681
311 925
311 1483
312 593
312 1031
312 1106
312 1870
312 1965
313 566
313 603
313 634
313 1424
313 1471
314 446
314 945
314 1364
314 1567
314 1855
315 653
315 811
315 892
315 937
315 1024
315 1916
315 1941
316 361
316 369
316 934
316 1074
316 1380
316 1437
316 1633
316 1637
316 1692
316 1911
317 650
317 678
317 904
317 1681
317 1925
318 358
318 374
318 467
318 598
318 745
318 1347
318 1983
319 1137
319 1416
319 1704
319 1859
320 697
320 924
320 987
320 1457
320 1463
321 481
321 561
321 683
321 1013
322 558
322 777
322 1160
322 1302
322 1716
322 1848
323 1555
323 1802
323 1924
323 1987
324 503
324 606
324 614
324 1573
324 1788
325 1122
325 1172
325 1290
325 1423
325 1648
326 405
326 506
326 561
326 1350
326 1761
327 392
327 489
327 541
327 853
327 1263
327 1528
327 1587
327 1775
327 1869
328 679
328 811
328 1181
328 1401
328 1714
328 1761
329 512
329 790
329 913
329 1260
329 1450
330 1102
330 1139
331 581
331 981
331 1207
331 1294
331 1713
332 1442
332 1584
332 1681
333 456
333 1034
333 1987
334 1833
334 1841
335 651
335 1438
335 1456
336 1049
336 1669
337 417
337 671
337 1225
337 1601
337 1905
338 339
338 598
338 649
338 824
338 1169
338 1502
338 1647
339 358
339 581
339 611
339 717
339 1011
339 1051
339 1813
339 1941
340 947
340 1098
340 1176
340 1655
340 1948
341 1263
341 1508
342 490
342 913
342 1394
343 805
343 1026
343 1077
343 1499
343 1658
343 1916
344 474
344 623
344 782
344 1290
344 1706
344 1927
345 424
345 878
345 1038
345 1289
345 1513
345 1655
345 1788
346 362
346 468
346 1933
347 1326
347 1344
347 1723
348 441
348 491
348 554
348 573
348 643
348 951
348 1613
348 1765
348 1862
349 406
349 1049
350 1169
350 1319
350 1641
350 1704
350 1944
351 545
351 1668
351 1718
351 1870
352 1212
353 428
353 637
353 764
353 1133
353 1687
354 604
355 868
355 1039
355 1470
355 1669
355 1986
356 828
356 839
356 1533
356 1844
357 774
357 1191
357 1392
357 1565
357 1758
358 1623
358 1963
359 457
359 813
359 1699
360 623
360 1568
360 1762
360 1886
360 1890
361 409
361 962
361 1096
361 1428
362 391
362 411
362 460
362 470
362 512
362 1336
362 1702
362 1740
362 1947
363 443
363 943
363 1114
363 1236
363 1910
364 644
364 1058
364 1120
364 1350
364 1381
364 1463
364 1927
365 889
365 1089
365 1146
365 1356
365 1368
365 1530
365 1640
365 1890
366 735
366 1467
366 1517
366 1630
366 1822
366 1826
366 1839
367 561
367 1310
367 1705
367 1713
367 1763
368 1041
368 1769
368 1778
369 600
369 1365
369 1554
369 1732
370 894
370 1714
370 1934
371 1110
371 1633
372 726
372 1390
372 1778
373 532
373 755
373 957
373 1359
373 1402
373 1702
374 556
374 1117
374 1797
374 1883
374 1952
375 822
375 1797
376 887
376 1255
377 477
377 590
377 1004
377 1371
377 1447
377 1584
377 1694
377 1894
378 677
378 762
378 1080
378 1327
378 1686
378 1801
379 1247
379 1262
379 1552
380 862
380 1328
380 1373
380 1376
380 1527
380 1540
381 1017
381 1290
381 1420
381 1557
381 1622
382 571
382 1239
382 1246
382 1273
382 1326
382 1496
382 1684
383 445
383 687
383 834
383 962
383 1423
383 1732
383 1810
383 1871
384 595
384 603
384 1069
384 1075
384 1485
384 1590
384 1765
384 1937
385 448
385 498
385 572
385 695
385 1170
385 1251
385 1504
385 1899
386 1010
386 1205
386 1556
386 1852
386 1999
387 390
387 425
387 1861
387 1955
388 842
388 1008
388 1440
388 1569
389 1180
389 1647
389 1651
390 877
390 993
390 1333
390 1523
390 1646
391 407
391 809
391 930
391 1050
391 1208
391 1262
392 478
392 573
392 793
392 1060
392 1180
392 1447
392 1906
393 679
393 1007
393 1054
393 1452
393 1734
393 1880
394 421
394 668
394 1220
394 1827
394 1841
395 591
395 716
396 703
396 1004
396 1599
396 1619
397 398
397 660
398 1527
398 1564
399 419
399 862
399 1297
399 1572
399 1823
400 476
400 482
400 1451
401 719
401 767
401 807
402 538
402 571
402 598
402 759
402 1948
403 1049
403 1249
403 1329
403 1819
404 421
404 431
404 516
404 1512
404 1647
405 510
405 833
405 1391
405 1738
406 1114
406 1192
406 1253
406 1572
407 419
407 1547
407 1610
408 453
408 1637
409 533
409 1643
409 1679
409 1773
409 1851
410 1308
411 648
411 1503
411 1615
412 563
412 678
412 708
412 769
412 947
412 1015
412 1084
412 1344
413 872
413 878
413 1006
413 1285
413 1875
413 1884
413 1996
414 1165
414 1235
414 1275
414 1575
415 715
416 1513
416 1862
417 559
417 1123
417 1342
417 1714
418 470
418 567
418 630
418 638
418 1054
418 1335
418 1967
419 723
419 1115
419 1445
419 1761
420 932
420 1029
420 1139
420 1756
421 1306
421 1307
421 1463
422 670
422 990
422 1053
422 1797
422 1826
422 1927
423 469
423 672
423 1002
423 1116
423 1403
423 1431
423 1475
423 1648
423 1893
423 1910
424 506
424 1772
424 1880
425 739
425 793
425 957
425 992
425 1084
425 1627
426 537
426 1527
426 1792
427 561
427 1160
427 1595
427 1644
427 1722
427 1774
427 1789
427 1991
428 785
428 871
428 1458
429 580
429 884
429 1027
429 1729
429 1791
430 446
430 700
430 1003
430 1236
430 1548
431 855
431 964
431 1092
431 1230
431 1650
431 1780
432 747
432 1534
432 1727
432 1771
432 1783
432 1852
432 1898
433 461
433 505
433 715
433 1143
434 471
434 632
434 998
434 1613
434 1895
436 466
436 508
437 487
437 1281
437 1763
438 502
438 507
438 798
438 1183
438 1241
438 1695
439 1068
439 1239
440 602
440 968
440 1392
440 1823
441 617
441 951
441 1181
441 1253
441 1276
442 720
442 1499
442 1836
443 647
443 1128
443 1133
443 1473
443 1977
444 621
444 1329
444 1381
444 1407
444 1904
444 1973
445 947
445 1419
445 1425
445 1570
445 1803
446 503
446 1145
446 1900
447 491
447 545
447 586
447 824
447 1588
447 1622
447 1643
447 1827
447 1986
448 514
448 720
448 736
448 762
448 942
448 1429
448 1537
448 1778
449 776
449 886
449 1041
449 1263
449 1586
449 1856
450 1693
450 1980
451 764
451 1136
451 1210
451 1498
452 515
452 636
452 968
452 1050
452 1489
452 1548
452 1678
452 1759
453 586
453 750
453 884
453 1419
453 1677
454 742
455 470
455 762
455 1551
455 1687
455 1760
455 1767
455 1933
455 1994
456 813
456 1459
456 1480
456 1665
456 1871
457 532
457 793
457 823
457 1240
457 1615
457 1835
457 1965
458 466
458 573
458 857
458 1722
458 1937
458 1952
459 461
459 889
459 1061
459 1170
460 547
460 693
460 1063
460 1071
460 1208
460 1217
460 1414
461 838
461 956
461 1709
462 742
462 918
462 1365
462 1560
462 1601
462 1642
462 1694
462 1856
463 524
463 978
463 1291
463 1489
463 1964
464 1027
464 1184
464 1453
464 1455
464 1758
464 1910
464 1911
465 958
465 1340
465 1667
465 1836
466 565
466 840
466 855
466 1634
466 1635
466 1726
466 1859
467 645
467 1093
467 1130
467 1295
468 570
468 1444
468 1761
468 1940
469 961
469 1107
469 1177
469 1464
470 660
470 879
470 904
470 1072
470 1221
470 1227
470 1505
470 1758
470 1759
471 934
471 1080
471 1197
471 1693
472 1905
473 517
473 785
473 1259
473 1749
473 1874
473 1953
474 601
474 1061
474 1430
474 1540
474 1542
474 1665
474 1824
475 662
475 1575
475 1644
475 1949
476 1065
476 1215
476 1509
476 1576
476 1659
476 1685
477 715
477 889
477 982
477 1017
477 1335
477 1367
477 1387
477 1690
478 1429
478 1942
479 627
479 778
479 1283
479 1373
479 1726
479 1947
480 819
480 846
480 854
480 1035
480 1504
480 1637
480 1769
481 498
481 1182
481 1321
481 1439
481 1883
482 817
482 1338
482 1685
483 615
483 1496
483 1942
484 1367
484 1597
484 1720
485 658
485 1498
485 1743
485 1970
486 688
486 915
486 1138
486 1363
487 753
487 1105
487 1125
487 1484
487 1609
488 1802
489 870
489 1805
490 1316
490 1376
490 1580
490 1585
490 1682
490 1778
491 1155
491 1557
491 1601
491 1767
491 1856
492 740
492 1353
492 1822
492 1861
493 679
493 926
493 1155
493 1241
493 1264
493 1327
493 1703
494 722
494 1390
494 1757
494 1839
494 1987
495 872
495 1077
495 1281
495 1528
495 1755
495 1998
496 681
496 735
497 1341
497 1741
497 1844
497 1955
498 710
498 970
498 1735
499 597
499 645
499 772
499 940
499 1092
499 1347
499 1441
500 575
500 645
500 827
500 846
500 958
500 967
500 1560
500 1708
501 756
501 866
501 1245
501 1384
501 1948
502 980
502 1087
502 1323
503 743
503 808
503 911
503 1021
503 1648
503 1761
503 1934
504 757
504 1042
504 1060
504 1345
504 1629
504 1713
504 1813
505 973
505 990
505 1073
505 1210
505 1282
506 1320
506 1330
507 618
507 644
507 723
507 1252
508 566
508 1265
509 1579
510 1118
510 1642
511 606
511 1417
511 1798
512 1228
512 1312
512 1630
512 1876
513 813
513 1060
514 556
514 684
514 1448
514 1641
515 920
515 982
515 1157
515 1214
515 1297
515 1809
517 802
517 804
517 1283
517 1385
518 537
518 819
518 899
518 922
519 690
519 970
519 1836
520 886
520 947
520 1305
520 1750
520 1795
521 906
521 1066
521 1284
521 1290
521 1610
522 775
522 1350
523 772
523 822
523 1463
524 734
524 786
524 985
524 1892
524 1921
524 1950
525 1360
525 1609
525 1680
525 1762
525 1995
527 558
527 1180
528 639
529 623
529 668
529 974
529 1346
529 1548
530 918
530 1106
530 1600
530 1667
531 568
531 802
531 859
531 1153
531 1440
531 1795
531 1864
532 584
532 744
532 1794
532 1919
533 780
533 848
533 1322
533 1393
534 862
534 1099
535 1035
535 1148
535 1606
536 1325
536 1450
536 1976
537 688
537 1037
537 1339
537 1557
538 1573
538 1696
538 1779
539 629
539 778
539 868
539 1037
539 1459
539 1701
539 1859
539 1894
540 640
540 742
540 1040
540 1241
540 1681
541 829
541 1215
541 1305
541 1364
541 1590
541 1594
541 1833
542 886
542 1706
542 1840
543 1012
543 1994
544 694
544 1610
545 940
545 1291
545 1831
546 602
546 708
546 717
546 799
546 1114
546 1796
547 550
547 911
547 1482
547 1534
547 1547
548 706
548 805
548 1006
548 1498
548 1936
549 565
549 630
549 1362
549 1465
549 1623
549 1716
549 1833
550 642
550 762
550 1588
550 1638
550 1819
550 1867
551 1448
551 1551
551 1588
551 1750
551 1889
551 1961
552 718
552 832
552 1129
552 1344
552 1848
552 1946
552 1985
553 1118
553 1125
553 1139
553 1408
554 574
554 615
554 617
554 871
554 939
554 1608
554 1681
554 1903
554 1944
554 1972
555 1598
555 1944
556 962
556 1687
556 1814
557 1016
557 1222
557 1251
557 1394
557 1978
558 648
558 689
558 1125
559 596
559 1254
559 1492
559 1619
560 1035
560 1080
560 1088
560 1464
560 1661
560 1755
561 768
561 1792
561 1968
562 1076
562 1435
562 1792
562 1985
563 1281
563 1319
563 1389
563 1432
563 1553
563 1877
564 1316
565 819
565 1571
565 1745
566 699
566 861
566 980
566 1324
566 1388
566 1520
566 1650
567 604
568 571
568 680
568 1632
568 1798
569 646
569 663
569 871
569 1057
570 1284
570 1293
570 1586
571 587
571 1444
571 1451
571 1960
572 1353
572 1389
572 1640
572 1833
573 988
573 1217
573 1538
574 863
574 1023
574 1069
575 871
576 732
576 974
576 1128
576 1179
576 1348
576 1994
577 1052
577 1783
578 863
578 1056
578 1091
578 1307
578 1330
578 1610
579 581
579 816
579 1322
579 1511
579 1743
580 725
580 807
580 1844
581 758
581 1297
581 1711
581 1883
582 629
582 692
583 734
583 1001
584 672
584 682
584 733
584 1421
585 620
585 705
585 1368
585 1379
585 1531
585 1702
585 1953
586 891
586 1010
586 1426
587 654
587 734
587 851
587 1637
588 1104
588 1694
588 1710
589 629
589 1604
589 1875
590 934
590 952
590 1171
590 1640
590 1871
591 1865
592 717
592 915
592 942
592 949
592 976
593 1148
593 1195
593 1454
593 1582
593 1806
594 1126
594 1188
594 1371
594 1627
594 1713
594 1915
595 913
595 984
595 1071
595 1276
596 740
596 1027
596 1472
596 1665
596 1962
597 645
597 1120
598 707
598 988
598 1252
599 866
599 1510
599 1744
600 886
600 1010
600 1422
600 1772
600 1919
600 1924
601 1157
601 1470
602 979
602 980
602 1060
602 1379
603 754
603 1228
603 1335
603 1699
603 1701
604 745
604 757
604 784
604 887
604 1085
604 1107
604 1273
604 1934
605 1211
605 1667
606 614
606 790
606 874
606 1276
606 1303
606 1518
606 1898
607 1701
608 1047
608 1692
609 743
609 920
609 954
609 977
609 1055
609 1167
609 1203
609 1911
610 1290
610 1752
610 1959
611 957
611 1209
612 622
612 732
612 1597
612 1682
612 1908
613 839
613 1205
613 1732
613 1828
614 1191
614 1443
614 1670
615 822
615 824
615 1088
615 1128
615 1653
616 723
616 1922
617 716
617 732
617 1014
617 1079
617 1230
617 1346
617 1693
618 699
618 969
618 1040
618 1747
619 1101
619 1165
619 1470
619 1682
620 800
620 1306
620 1813
620 1868
621 1737
622 1049
622 1186
622 1266
622 1295
622 1361
622 1947
623 1249
623 1273
623 1279
623 1327
623 1904
623 1907
624 898
624 900
624 997
624 1270
624 1272
624 1303
624 1429
624 1466
624 1956
625 997
625 1385
626 746
626 1453
627 1019
628 1299
629 805
629 957
629 1066
629 1375
629 1873
630 725
630 737
630 846
630 1463
630 1519
630 1558
630 1746
630 1785
631 922
631 977
631 1202
631 1247
631 1784
631 1865
631 1923
632 672
632 999
632 1104
632 1242
632 1652
632 1906
633 649
633 1830
633 1887
634 849
634 1060
634 1452
634 1670
635 1123
636 1161
636 1196
636 1552
636 1599
636 1655
637 1176
637 1425
637 1491
637 1944
638 676
638 820
638 1381
638 1954
639 1151
639 1166
639 1244
639 1455
639 1645
639 1910
640 657
640 698
640 1247
640 1308
640 1479
640 1743
641 830
641 887
641 1214
641 1625
642 656
642 981
642 1035
642 1440
642 1477
642 1614
642 1697
643 739
643 905
643 1615
644 766
644 1129
645 705
645 801
645 1232
645 1428
645 1556
646 1149
646 1479
646 1587
647 867
647 1180
647 1592
647 1756
648 730
648 1027
648 1250
648 1287
648 1459
648 1588
648 1880
649 1464
649 1619
649 1831
649 1836
649 1916
650 656
650 1052
650 1488
650 1671
651 791
652 1765
652 1773
652 1846
652 1944
652 1963
653 679
653 1025
653 1049
653 1068
653 1429
654 1483
655 736
655 957
655 1429
655 1807
655 1857
656 1208
656 1911
657 998
657 1519
657 1609
658 1115
658 1774
659 1051
659 1500
659 1784
659 1860
659 1886
659 1899
659 1977
660 1098
660 1835
661 927
661 1130
661 1561
661 1616
661 1769
662 1759
662 1769
663 1816
664 1789
664 1870
665 764
665 872
665 1121
666 695
666 719
666 1051
666 1241
666 1301
666 1634
666 1754
666 1952
667 994
667 1137
667 1292
667 1396
667 1440
667 1466
667 1652
668 914
668 928
668 960
668 987
668 1393
668 1640
669 1010
669 1035
669 1594
670 803
670 1131
670 1277
670 1373
670 1493
670 1549
670 1570
671 837
671 1115
671 1489
671 1702
671 1848
672 674
672 702
672 767
672 1016
672 1482
672 1861
672 1970
672 1979
673 722
673 1375
673 1702
673 1977
674 1074
674 1097
674 1146
674 1266
674 1603
674 1785
675 1131
675 1489
676 820
676 1302
676 1305
677 787
677 1584
677 1865
679 1056
679 1235
679 1273
679 1581
679 1770
680 867
680 1050
680 1344
680 1762
680 1912
680 1965
681 741
681 844
681 848
681 982
681 1769
681 1803
682 1160
682 1721
682 1798
682 1808
682 1891
683 980
683 1992
684 718
684 1448
684 1536
684 1647
684 1715
684 1977
685 1253
685 1363
685 1541
685 1838
686 704
686 1006
687 722
687 1339
687 1853
688 1411
689 1132
689 1364
689 1915
690 1890
691 1675
692 809
692 843
692 1486
692 1620
692 1802
693 788
693 948
693 1174
693 1265
693 1300
693 1392
693 1410
694 918
694 1408
694 1927
695 1640
696 807
696 922
696 1039
696 1290
696 1340
696 1798
697 876
697 1353
698 809
698 1701
699 979
699 993
699 1466
699 1853
699 1873
700 751
700 1813
701 1656
702 783
702 1067
702 1732
703 812
703 882
703 1112
703 1249
704 1029
704 1588
704 1857
705 800
705 1295
705 1636
705 1705
705 1741
705 1946
706 1056
706 1077
706 1493
706 1784
706 1948
707 761
707 838
707 1444
707 1937
708 1005
708 1384
708 1580
708 1784
708 1821
708 1931
709 800
709 868
709 886
709 897
709 983
709 1143
709 1993
710 1809
711 720
711 1398
711 1524
711 1788
711 1826
711 1974
712 1451
712 1750
712 1928
713 748
714 1025
714 1188
714 1604
714 1798
715 857
715 1136
715 1520
716 1041
716 1061
716 1450
716 1518
716 1768
718 877
718 902
718 1492
718 1579
718 1800
719 903
719 1520
719 1808
720 1069
720 1272
720 1880
720 1936
721 1225
722 797
722 1419
722 1625
723 1538
725 1956
725 1964
726 1409
726 1846
726 1972
727 830
727 1091
727 1617
727 1634
727 1881
728 780
728 1624
728 1698
728 1866
728 1956
729 857
729 968
729 1093
729 1800
730 1005
730 1751
731 941
731 992
731 1259
732 1588
733 923
733 1377
733 1455
733 1534
733 1666
734 1125
735 1265
735 1629
735 1744
735 1768
736 855
736 1183
736 1405
736 1458
736 1460
736 1586
736 1856
736 1902
737 1247
737 1442
737 1844
738 1084
738 1359
738 1366
738 1385
738 1479
739 830
739 908
739 1052
739 1262
739 1841
740 992
740 1235
740 1658
740 1670
741 777
741 1028
741 1073
741 1333
741 1806
742 1315
742 1347
742 1597
742 1608
742 1896
742 1930
743 1291
743 1297
743 1491
743 1649
744 828
744 1134
745 792
745 866
745 1197
745 1795
746 1069
746 1564
746 1763
747 1710
747 1952
748 1479
748 1741
748 1859
749 912
749 1176
749 1453
749 1458
749 1937
750 1081
750 1209
750 1489
750 1952
750 1964
751 1485
751 1862
751 1973
752 1198
752 1241
752 1542
752 1900
753 1108
753 1185
753 1635
754 1061
754 1385
754 1674
755 1309
756 1000
756 1299
757 1219
757 1232
757 1384
757 1492
757 1507
758 841
758 1710
759 854
759 1473
760 945
760 1064
761 1532
761 1996
763 950
763 1227
763 1415
763 1796
764 1155
764 1164
764 1757
764 1994
765 914
765 1314
766 878
766 1213
766 1922
767 1288
767 1371
767 1459
767 1780
768 865
769 1006
769 1396
769 1454
770 1894
771 810
771 881
771 1558
771 1818
772 945
772 1653
772 1917
773 809
773 1207
773 1804
773 1921
774 985
774 1182
774 1352
774 1517
774 1696
774 1726
775 1081
775 1122
775 1227
776 839
776 1549
776 1708
776 1944
777 1243
777 1466
777 1543
778 841
778 1178
778 1406
778 1553
779 853
779 1846
780 1257
780 1986
781 1021
781 1063
781 1518
781 1668
781 1678
781 1695
781 1736
782 1372
782 1966
782 1970
783 1208
783 1224
783 1522
783 1770
784 928
784 1173
784 1218
784 1691
784 1757
785 944
786 824
786 1248
787 1421
787 1464
787 1783
788 1232
788 1275
788 1575
789 920
789 1860
789 1995
790 867
790 1210
790 1873
791 1898
792 1206
792 1406
793 821
793 1470
793 1693
793 1922
793 1928
793 1942
794 909
794 1674
795 881
795 1040
795 1069
795 1364
795 1711
795 1716
796 980
796 1077
796 1114
796 1995
797 1410
797 1750
797 1876
798 1399
799 929
800 1347
801 947
801 955
801 1346
801 1715
801 1769
801 1960
802 901
802 924
802 1145
802 1681
803 1195
803 1204
803 1249
803 1453
803 1743
803 1972
804 1101
804 1343
804 1758
804 1816
804 1901
805 1030
806 887
806 1347
806 1409
806 1428
806 1759
807 1815
808 874
808 889
808 907
808 1151
808 1338
808 1511
808 1610
809 1334
810 1447
811 1110
811 1590
811 1636
811 1646
811 1741
811 1851
811 1882
812 842
812 1954
813 1069
813 1974
814 878
814 1232
814 1396
814 1912
815 1199
815 1690
815 1728
815 1854
816 969
816 1454
816 1686
816 1805
817 826
817 1655
818 1054
818 1084
818 1265
818 1836
819 836
819 1550
819 1672
819 1690
820 1536
820 1824
820 1992
821 1093
821 1264
821 1849
821 1996
822 1024
822 1304
823 1964
824 1038
824 1078
824 1123
824 1777
826 932
826 1166
826 1350
826 1489
826 1493
826 1579
826 1799
827 1066
827 1089
827 1551
827 1621
827 1780
828 1157
828 1432
828 1790
829 1003
829 1059
829 1158
829 1279
829 1923
829 1959
831 971
831 1231
831 1823
831 1859
832 957
832 1052
832 1305
832 1610
832 1733
833 1005
833 1396
834 861
834 1270
834 1683
835 852
835 912
835 1287
835 1400
836 970
836 1255
836 1618
837 1270
837 1589
838 1257
838 1356
838 1705
839 1534
839 1735
839 1827
840 1469
840 1650
841 1087
841 1155
841 1190
841 1733
841 1893
842 1275
842 1644
842 1848
843 1169
843 1218
843 1644
843 1920
843 1950
843 1978
844 942
844 1283
844 1318
844 1335
844 1382
844 1419
844 1464
845 1065
845 1206
845 1248
845 1553
845 1820
846 1147
846 1455
847 1625
848 980
849 922
849 1249
849 1334
849 1423
849 1743
849 1790
850 1607
851 1285
852 906
852 1646
852 1822
852 1829
852 1902
853 1121
853 1264
853 1814
853 1879
854 1038
854 1226
854 1436
854 1653
854 1823
855 1144
855 1218
855 1236
855 1275
855 1866
856 1005
856 1335
856 1787
856 1983
857 944
857 1932
858 1403
858 1582
858 1583
858 1586
858 1641
858 1818
859 871
859 1240
859 1319
860 878
860 936
860 1616
860 1621
860 1685
860 1785
860 1893
860 1925
861 921
861 1185
861 1245
861 1267
861 1348
862 1440
862 1598
862 1634
863 1482
863 1538
864 871
864 889
864 914
864 1041
864 1332
864 1443
864 1603
864 1698
864 1876
864 1878
864 1970
865 1005
865 1633
866 939
866 983
866 1149
866 1205
866 1234
867 982
867 1991
867 1997
868 1009
868 1203
869 1203
869 1550
870 1193
870 1338
870 1503
870 1702
870 1759
870 1975
871 954
871 979
871 1181
871 1393
871 1530
871 1701
871 1826
872 1151
872 1451
872 1553
872 1636
872 1921
872 1966
872 1985
873 1016
873 1017
873 1074
873 1165
873 1251
873 1294
874 1429
874 1483
875 1114
875 1636
875 1781
876 979
876 1068
876 1082
876 1826
877 1380
877 1607
877 1873
878 1472
878 1528
878 1830
879 996
881 1447
882 1187
882 1429
882 1504
883 1165
883 1798
884 1393
884 1425
884 1441
884 1541
884 1615
885 1345
885 1357
885 1650
885 1745
885 1927
886 1300
886 1651
887 1079
887 1103
887 1454
888 1100
888 1221
888 1759
888 1784
888 1885
889 1429
889 1883
889 1922
890 903
892 1241
892 1403
892 1480
892 1544
892 1913
894 920
894 936
894 1051
894 1099
894 1834
895 1064
895 1626
896 1047
896 1102
896 1188
896 1487
896 1873
897 1067
897 1358
897 1528
897 1885
898 1049
898 1182
898 1793
898 1867
899 1302
899 1879
900 1231
900 1522
901 1222
901 1705
901 1888
902 1202
902 1513
903 1475
903 1696
903 1920
903 1956
904 1212
904 1354
904 1655
905 1240
905 1315
905 1763
906 925
906 1040
906 1042
906 1441
906 1687
907 985
907 1284
907 1963
908 1717
908 1846
908 1961
909 966
909 1253
909 1290
909 1321
909 1373
909 1743
909 1963
910 1377
910 1722
910 1903
910 1905
911 1037
911 1472
911 1903
911 1947
912 1255
912 1988
913 925
913 1537
914 1377
915 1015
915 1485
916 1184
916 1867
917 1042
917 1609
917 1870
917 1940
918 1653
919 1069
919 1081
919 1437
919 1807
920 1211
920 1404
920 1499
920 1580
920 1644
920 1956
921 1621
921 1918
922 1556
922 1762
922 1906
923 1238
923 1451
923 1690
923 1950
924 1179
924 1278
924 1439
924 1620
924 1848
924 1945
924 1974
925 1218
925 1627
926 1219
926 1433
927 1277
927 1710
928 1355
928 1572
928 1851
929 1722
929 1746
929 1767
929 1986
930 1562
930 1697
931 1172
932 1255
932 1438
933 1269
933 1317
934 1072
934 1266
934 1283
934 1309
934 1702
935 1486
935 1511
935 1565
935 1874
936 1358
936 1729
937 1169
937 1316
938 1362
938 1920
939 1903
939 1966
940 1346
940 1626
940 1739
941 960
941 1277
942 1146
942 1526
942 1545
942 1565
942 1680
942 1927
943 1308
943 1695
945 1127
945 1438
945 1581
945 1603
945 1840
945 1850
945 1943
946 1253
946 1571
946 1940
947 1002
947 1514
947 1606
947 1973
948 1865
948 1938
949 1288
949 1582
949 1711
950 1698
951 1013
951 1741
952 1144
952 1352
952 1498
952 1742
953 1535
953 1717
954 988
954 1136
954 1428
954 1599
956 1015
956 1075
956 1078
956 1787
956 1989
958 1157
958 1526
958 1690
959 1247
959 1327
959 1591
960 1031
960 1195
960 1751
960 1843
961 1550
961 1975
962 1136
962 1456
962 1546
962 1923
962 1953
963 1033
963 1600
963 1775
964 968
964 1131
964 1296
964 1854
965 1120
965 1391
965 1902
966 1010
966 1150
966 1167
966 1543
966 1951
967 1107
967 1430
967 1437
968 1384
969 1263
969 1329
969 1761
969 1834
970 1343
970 1762
970 1931
971 1291
971 1363
971 1399
971 1479
971 1708
973 984
973 1206
974 1113
974 1142
974 1388
974 1644
974 1662
975 1293
976 1100
976 1171
976 1685
976 1897
977 1239
977 1283
978 1277
978 1308
978 1488
979 1028
979 1177
979 1518
980 1135
980 1694
981 1062
982 1315
982 1656
982 1780
983 1112
983 1482
983 1876
984 1146
984 1169
984 1582
985 1036
985 1260
985 1953
987 1483
987 1879
987 1948
987 1965
988 1115
988 1888
989 1022
989 1052
989 1263
989 1873
990 1106
990 1418
990 1900
992 999
992 1151
992 1473
992 1749
993 1047
993 1097
993 1214
993 1841
994 1051
994 1203
994 1354
995 1645
995 1860
996 1705
997 1139
997 1170
997 1516
997 1809
998 1187
998 1522
998 1867
999 1115
999 1253
999 1317
999 1375
999 1442
999 1637
999 1638
999 1772
1000 1431
1000 1821
1001 1840
1001 1976
1002 1041
1002 1361
1002 1462
1002 1498
1002 1956
1003 1248
1003 1412
1003 1567
1003 1916
1004 1046
1004 1363
1004 1810
1004 1966
1005 1067
1005 1919
1006 1036
1006 1068
1006 1276
1006 1592
1006 1874
1007 1471
1007 1970
1008 1090
1009 1726
1009 1839
1009 1928
1010 1464
1010 1518
1011 1057
1011 1412
1011 1530
1011 1904
1012 1456
1012 1518
1012 1631
1013 1199
1013 1396
1013 1646
1014 1085
1014 1685
1015 1214
1015 1543
1015 1765
1016 1513
1016 1535
1016 1663
1016 1750
1017 1458
1017 1558
1017 1674
1018 1145
1018 1375
1018 1473
1018 1647
1018 1967
1019 1700
1020 1165
1020 1400
1020 1550
1020 1848
1020 1905
1021 1129
1021 1203
1021 1852
1021 1878
1021 1974
1022 1101
1022 1485
1022 1658
1022 1922
1023 1634
1024 1042
1024 1466
1024 1516
1024 1553
1024 1657
1024 1707
1025 1051
1025 1454
1025 1548
1026 1288
1027 1352
1027 1544
1027 1552
1028 1411
1028 1626
1028 1914
1028 1929
1029 1096
1029 1200
1029 1936
1030 1224
1030 1347
1030 1637
1030 1714
1031 1197
1032 1332
1032 1494
1032 1994
1033 1650
1033 1899
1033 1926
1034 1259
1034 1846
1035 1806
1036 1671
1036 1870
1036 1950
1037 1149
1037 1852
1038 1883
1039 1440
1039 1691
1040 1698
1040 1720
1040 1938
1041 1572
1041 1591
1042 1249
1042 1731
1042 1936
1043 1092
1043 1317
1043 1502
1043 1976
1044 1344
1044 1540
1045 1373
1046 1094
1046 1642
1046 1715
1046 1930
1047 1312
1047 1670
1047 1675
1047 1799
1048 1498
1049 1440
1049 1810
1050 1181
1050 1697
1050 1774
1051 1058
1051 1647
1052 1140
1052 1244
1052 1331
1052 1364
1052 1844
1053 1154
1054 1200
1054 1740
1054 1842
1055 1258
1055 1443
1055 1653
1055 1731
1055 1836
1055 1945
1056 1494
1056 1528
1056 1787
1057 1103
1057 1172
1057 1428
1057 1724
1057 1980
1058 1065
1058 1150
1058 1927
1058 1932
1059 1084
1059 1539
1059 1723
1059 1778
1059 1791
1060 1524
1060 1552
1060 1856
1060 1982
1060 1988
1061 1379
1061 1549
1061 1683
1061 1757
1062 1081
1062 1221
1062 1358
1062 1361
1062 1473
1062 1591
1062 1631
1063 1457
1063 1733
1063 1858
1064 1247
1064 1578
1064 1823
1065 1177
1065 1519
1065 1846
1066 1218
1067 1293
1067 1349
1068 1083
1068 1338
1068 1359
1069 1651
1069 1656
1069 1958
1071 1107
1072 1075
1072 1320
1072 1615
1072 1699
1073 1138
1073 1141
1074 1140
1074 1776
1075 1745
1075 1769
1076 1198
1076 1236
1076 1608
1077 1711
1078 1091
1078 1729
1079 1812
1080 1414
1081 1500
1081 1957
1082 1553
1083 1137
1084 1227
1084 1233
1084 1437
1085 1112
1086 1666
1086 1708
1087 1182
1087 1195
1087 1466
1087 1758
1088 1237
1088 1266
1088 1462
1088 1588
1088 1654
1089 1428
1089 1558
1089 1794
1089 1829
1090 1311
1090 1381
1090 1391
1090 1907
1091 1289
1091 1553
1091 1847
1092 1289
1092 1513
1092 1884
1093 1644
1094 1504
1094 1552
1094 1810
1094 1917
1095 1563
1096 1557
1096 1876
1097 1120
1097 1773
1098 1741
1098 1744
1098 1798
1099 1974
1100 1351
1100 1761
1101 1107
1101 1126
1101 1340
1101 1987
1102 1337
1102 1581
1102 1809
1103 1591
1104 1772
1105 1244
1105 1356
1105 1498
1105 1583
1105 1597
1105 1783
1106 1159
1106 1526
1106 1781
1107 1638
1107 1765
1108 1178
1108 1318
1108 1425
1108 1677
1109 1186
1109 1287
1109 1342
1109 1389
1110 1451
1111 1447
1111 1512
1111 1614
1111 1879
1111 1887
1112 1366
1112 1548
1112 1633
1112 1977
1113 1338
1113 1541
1114 1644
1114 1699
1114 1845
1115 1490
1115 1553
1115 1566
1115 1568
1116 1142
1116 1601
1116 1730
1117 1345
1117 1509
1117 1578
1118 1327
1118 1472
1119 1201
1119 1921
1120 1190
1121 1667
1122 1353
1122 1793
1124 1377
1124 1399
1124 1572
1124 1771
1124 1827
1125 1191
1125 1289
1125 1512
1126 1428
1126 1527
1126 1765
1126 1932
1127 1371
1127 1492
1127 1629
1127 1670
1127 1964
1127 1997
1128 1449
1128 1587
1128 1642
1131 1467
1131 1472
1131 1558
1131 1971
1132 1260
1132 1478
1132 1622
1133 1960
1135 1495
1136 1552
1136 1847
1137 1793
1138 1207
1138 1953
1139 1995
1140 1952
1141 1249
1141 1498
1141 1673
1143 1508
1143 1815
1144 1437
1144 1595
1144 1614
1145 1191
1145 1437
1145 1839
1146 1661
1146 1664
1147 1219
1147 1442
1147 1499
1147 1750
1148 1190
1148 1807
1149 1490
1150 1547
1150 1777
1151 1889
1152 1203
1152 1330
1152 1522
1152 1948
1153 1215
1153 1267
1154 1316
1154 1382
1155 1553
1155 1798
1156 1204
1156 1604
1157 1920
1158 1376
1158 1493
1159 1304
1159 1995
1160 1506
1161 1256
1161 1267
1161 1554
1161 1870
1161 1892
1162 1203
1162 1734
1162 1762
1163 1302
1163 1738
1164 1846
1165 1620
1165 1678
1165 1704
1165 1968
1166 1491
1166 1626
1167 1292
1168 1271
1168 1715
1169 1185
1169 1525
1170 1514
1170 1562
1170 1698
1170 1818
1170 1858
1170 1941
1171 1565
1172 1283
1172 1958
1173 1253
1173 1972
1174 1561
1174 1886
1175 1699
1175 1975
1176 1221
1176 1415
1176 1650
1176 1900
1177 1290
1177 1439
1177 1556
1179 1791
1180 1317
1180 1690
1180 1733
1180 1925
1181 1516
1181 1717
1182 1399
1182 1583
1183 1231
1183 1903
1184 1828
1184 1955
1185 1717
1186 1297
1186 1916
1188 1223
1188 1229
1189 1248
1190 1451
1190 1476
1190 1537
1190 1761
1191 1524
1191 1570
1191 1767
1192 1255
1192 1408
1192 1533
1193 1601
1193 1944
1194 1418
1194 1906
1196 1406
1199 1226
1199 1480
1199 1618
1199 1985
1200 1429
1201 1308
1201 1967
1202 1587
1202 1679
1203 1255
1203 1687
1203 1853
1203 1929
1204 1248
1204 1496
1204 1802
1204 1847
1205 1266
1205 1871
1207 1580
1208 1380
1209 1547
1211 1482
1211 1628
1211 1676
1211 1693
1211 1951
1212 1405
1212 1717
1212 1805
1212 1898
1212 1926
1212 1969
1213 1399
1213 1510
1213 1760
1214 1759
1214 1862
1215 1245
1215 1448
1215 1917
1216 1388
1216 1564
1216 1894
1217 1569
1217 1646
1217 1759
1218 1224
1218 1610
1218 1652
1218 1820
1219 1246
1219 1861
1220 1931
1221 1486
1221 1575
1222 1245
1222 1479
1223 1320
1223 1617
1223 1627
1224 1394
1224 1469
1224 1510
1224 1592
1225 1379
1225 1818
1225 1883
1226 1622
1226 1725
1226 1749
1226 1765
1226 1999
1227 1347
1227 1503
1228 1304
1228 1309
1228 1688
1229 1778
1229 1865
1229 1951
1230 1246
1230 1862
1231 1492
1232 1621
1232 1758
1232 1762
1232 1767
1233 1424
1234 1466
1234 1984
1235 1242
1235 1897
1236 1893
1237 1462
1237 1533
1237 1660
1238 1266
1238 1298
1238 1387
1238 1716
1238 1919
1238 1981
1239 1725
1239 1872
1241 1580
1242 1298
1242 1346
1242 1360
1242 1554
1242 1621
1242 1644
1243 1493
1244 1623
1244 1913
1245 1897
1246 1263
1246 1964
1247 1332
1247 1761
1248 1465
1250 2000
1251 1863
1251 1976
1252 1947
1253 1835
1253 1944
1253 1992
1254 1365
1254 1666
1255 1284
1255 1968
1256 1397
1257 1535
1258 1595
1259 1276
1259 1348
1259 1458
1259 1576
1259 1886
1260 1469
1260 1742
1261 1517
1261 1815
1262 1477
1262 1582
1262 1595
1262 1637
1262 1730
1262 1893
1262 1910
1263 1321
1263 1395
1263 1709
1263 1732
1263 1776
1264 1772
1264 1777
1264 1873
1266 1637
1266 1726
1267 1732
1267 1904
1268 1354
1269 1464
1269 1871
1269 1900
1270 1818
1271 1439
1271 1578
1271 1784
1272 1372
1272 1466
1272 1506
1272 1533
1273 1509
1273 1932
1275 1803
1275 1937
1277 1715
1278 1415
1278 1646
1279 1860
1280 1763
1280 1805
1280 1947
1280 1979
1282 1642
1282 1731
1283 1490
1283 1642
1283 1788
1283 1959
1284 1438
1284 1528
1284 1955
1285 1659
1285 1854
1285 1891
1285 1966
1286 1568
1286 1700
1286 1848
1286 1862
1287 1378
1288 1719
1288 1723
1289 1381
1289 1844
1290 1723
1291 1527
1292 1464
1292 1595
1292 1805
1292 1834
1293 1475
1293 1740
1293 1763
1294 1388
1295 1586
1295 1696
1295 1912
1295 1944
1296 1338
1296 1579
1296 1826
1296 1830
1297 1340
1297 1369
1297 1398
1297 1751
1297 1760
1297 1792
1298 1382
1300 1699
1300 1723
1300 1776
1300 1871
1300 1917
1300 1997
1301 1584
1301 1978
1302 1332
1302 1577
1302 1885
1302 1904
1305 1331
1305 1386
1305 1904
1306 1384
1306 1988
1307 1704
1308 1759
1310 1845
1311 1323
1312 1548
1313 1555
1313 1868
1314 1449
1315 1710
1315 1876
1317 1500
1317 1818
1318 1374
1318 1379
1318 1450
1318 1478
1318 2000
1319 1352
1321 1480
1321 1482
1322 1460
1322 1551
1322 1853
1324 1634
1324 1648
1324 1704
1325 1683
1328 1438
1329 1351
1329 1448
1329 1647
1329 1905
1330 1384
1330 1633
1330 1916
1330 1985
1331 1510
1331 1667
1332 1734
1332 1763
1332 1829
1332 1882
1333 1482
1333 1837
1334 1475
1335 1523
1336 1554
1336 1563
1336 1581
1336 1802
1337 1447
1337 1718
1339 1604
1341 1477
1341 1494
1342 1585
1342 1672
1343 1353
1346 1466
1346 1608
1347 1537
1349 1785
1351 1679
1351 1774
1352 1606
1353 1471
1353 1634
1353 1640
1354 1436
1354 1911
1355 1401
1355 1663
1358 1529
1361 1425
1361 1454
1362 1537
1362 1584
1362 1853
1363 1634
1365 1695
1367 1616
1368 1697
1368 1867
1368 1958
1369 1465
1369 1504
1369 1789
1371 1602
1371 1635
1371 1794
1371 1835
1372 1656
1372 1661
1372 1663
1373 1405
1373 1791
1374 1803
1375 1425
1375 1773
1376 1518
1376 1695
1376 1889
1376 1933
1377 1575
1378 1779
1379 1901
1379 1925
1380 1382
1380 1461
1380 1662
1381 1398
1381 1539
1381 1731
1381 1838
1382 1468
1384 1581
1384 1708
1385 1409
1385 1534
1386 1471
1386 1660
1386 1823
1386 1874
1388 1799
1390 1466
1391 1587
1391 1600
1392 1538
1393 1973
1393 1983
1394 1574
1394 1616
1394 1657
1395 1405
1397 1433
1398 1742
1399 1843
1401 1588
1401 1601
1401 1795
1402 1552
1402 1873
1403 1680
1403 1968
1405 1527
1405 1561
1405 1683
1405 1830
1407 1717
1407 1929
1408 1819
1408 1869
1409 1470
1409 1511
1409 1586
1410 1473
1412 1719
1412 1736
1413 1419
1413 1751
1414 1714
1415 1544
1416 1683
1416 1999
1417 1590
1418 1794
1419 1820
1419 1821
1419 1905
1420 1725
1420 1779
1420 1808
1421 1458
1421 1689
1421 1876
1421 1964
1422 1762
1422 1968
1423 1935
1424 1706
1425 1776
1425 1829
1427 1915
1428 1504
1428 1628
1429 1825
1429 1844
1429 1875
1430 1590
1430 1700
1431 1848
1431 1874
1432 1540
1432 1864
1432 1865
1433 1596
1434 1446
1434 1591
1434 1808
1435 1602
1435 1726
1436 1566
1436 1587
1436 1770
1436 1884
1437 1640
1438 1461
1438 1488
1438 1819
1441 1631
1441 1867
1441 1939
1442 1502
1442 1647
1443 1714
1444 1670
1444 1847
1444 1895
1445 1737
1445 1832
1446 1728
1446 1750
1447 1544
1448 1592
1448 1790
1451 1801
1452 1475
1453 1867
1453 1993
1454 1514
1454 1641
1456 1826
1457 1653
1458 1724
1460 1645
1461 1604
1461 1695
1461 1702
1462 1558
1463 1604
1463 1685
1463 1746
1463 1860
1463 1946
1464 1525
1464 1767
1466 1667
1466 1856
1467 1549
1469 1478
1469 1483
1469 1721
1470 1622
1470 1770
1472 1971
1473 1717
1476 1948
1477 1688
1477 1880
1477 1911
1479 1555
1479 1908
1480 1743
1481 1488
1481 1532
1481 1860
1482 1758
1483 1507
1484 1999
1485 1593
1485 1811
1487 1695
1487 1751
1487 1766
1487 1940
1488 1596
1489 1508
1489 1716
1490 1758
1491 1673
1492 1526
1493 1780
1494 1547
1497 1499
1497 1886
1498 1785
1499 1799
1499 1974
1500 1666
1500 1891
1500 1896
1500 1942
1501 1919
1501 1980
1503 1682
1503 1722
1504 1670
1508 1902
1510 1784
1514 1612
1514 1990
1516 1719
1516 1743
1516 1840
1516 1962
1519 1753
1519 1937
1520 1690
1520 1863
1521 1619
1523 1662
1523 1814
1525 1870
1526 1742
1527 1753
1528 1766
1529 1659
1531 1711
1532 1556
1532 1651
1533 1806
1533 1923
1534 1685
1535 1620
1535 1782
1535 1783
1535 1872
1537 1983
1538 1897
1538 1986
1539 1818
1540 1687
1541 1610
1541 1771
1542 1894
1542 1957
1543 1957
1547 1711
1548 1650
1548 1848
1548 1882
1549 1673
1550 1759
1550 1997
1551 1974
1552 1715
1553 1713
1556 1668
1556 1721
1558 1742
1558 1883
1558 1968
1561 1929
1562 1825
1562 1901
1562 1913
1563 1574
1563 1946
1564 1751
1566 1714
1566 1953
1567 1579
1567 1799
1568 1606
1569 1958
1570 1765
1571 1834
1572 1602
1573 1799
1573 1830
1575 1615
1575 1622
1575 1792
1575 1839
1577 1590
1579 1848
1580 1590
1580 1753
1580 1963
1583 1717
1586 1617
1587 1739
1590 1779
1592 1937
1592 1978
1593 1806
1593 1997
1594 1706
1594 1761
1594 1807
1594 1828
1594 1967
1594 1985
1595 1949
1596 1697
1596 1809
1596 1890
1596 1921
1598 1669
1598 1858
1598 1926
1599 1911
1602 1618
1602 1668
1602 1798
1602 1902
1603 1798
1604 1773
1604 1905
1605 1708
1605 1829
1606 1632
1606 1653
1606 1732
1606 1872
1608 1818
1609 1829
1611 1618
1613 1664
1613 1797
1614 1781
1614 1925
1614 1949
1616 1854
1619 1902
1619 1998
1620 1813
1621 1715
1624 1784
1627 1785
1628 1835
1628 1990
1630 1966
1631 1786
1633 1964
1634 1885
1639 1727
1639 1906
1640 1663
1640 1718
1640 1744
1641 1876
1642 1826
1643 1784
1643 1853
1643 1913
1645 1785
1645 1946
1647 1695
1649 1763
1649 1843
1654 1821
1657 1737
1657 1817
1661 1875
1662 1874
1664 1667
1666 1686
1668 1956
1668 2000
1671 1785
1671 1821
1671 1998
1672 1806
1672 1898
1672 1974
1673 1710
1673 1808
1673 1994
1674 1907
1675 1716
1675 1879
1676 1888
1677 1705
1678 1694
1679 1798
1681 1768
1683 1968
1687 1713
1689 1713
1689 1869
1693 1993
1694 1806
1697 1956
1698 1720
1701 1912
1701 1974
1703 1844
1707 1744
1707 1746
1707 1748
1707 1799
1707 1902
1708 1723
1708 1912
1708 1974
1710 1889
1711 1725
1711 1807
1711 1818
1711 1826
1712 1748
1712 1848
1712 1909
1712 1989
1714 1826
1716 1783
1717 1881
1718 1830
1718 1871
1718 1965
1720 1760
1720 1770
1720 1808
1720 1903
1721 1728
1721 1882
1727 1824
1728 1951
1729 1773
1729 1792
1729 1971
1730 1819
1731 1747
1731 1787
1731 1883
1731 1955
1732 1922
1733 1742
1733 1849
1736 1857
1736 1958
1737 1954
1738 1945
1739 1948
1740 1932
1740 1962
1741 1749
1742 1848
1742 1908
1743 1817
1744 1941
1746 1792
1747 1775
1747 1881
1747 1999
1749 1874
1750 1820
1751 1839
1754 1826
1754 1879
1754 1949
1755 1781
1756 1790
1756 1936
1756 1956
1757 1808
1760 1840
1761 1829
1761 1878
1762 1788
1764 1801
1765 1808
1769 1973
1770 1937
1774 1913
1778 1928
1782 1831
1783 1945
1787 1997
1791 1875
1792 1863
1793 1814
1793 1829
1794 1812
1794 1817
1794 1871
1794 1890
1797 1873
1798 1826
1801 1873
1806 1821
1806 1885
1813 1958
1815 1834
1818 1962
1819 1845
1819 1924
1820 1932
1820 1974
1825 1826
1828 1929
1830 1998
1833 1941
1833 1966
1835 1866
1836 1845
1837 1907
1838 1983
1839 1978
1844 1993
1846 1864
1848 1989
1851 1862
1856 1936
1862 1916
1864 1978
1866 1978
1868 1896
1868 1995
1873 1919
1876 1987
1877 1982
1879 1924
1883 1916
1884 1925
1884 1940
1896 1966
1899 1920
1912 1932
1915 1953
1920 1925
1949 1976
1964 1973
1964 1986
1968 1972
1973 1979
1974 1987
1975 1976
