2000
1 604
2 61
2 117
2 248
2 913
2 1934
3 370
3 408
3 1133
3 1342
4 515
4 1235
4 1405
5 168
5 875
5 1246
7 831
7 1925
8 1398
8 1729
8 1940
9 1099
9 1606
9 1857
10 422
10 813
10 825
10 1080
10 1958
11 593
11 822
11 843
11 1436
11 1614
11 1734
12 1178
12 1542
12 1621
14 1964
16 384
16 1048
16 1688
16 1781
17 578
17 691
17 1967
18 1536
18 1741
19 499
20 156
20 865
21 440
21 532
21 613
21 624
21 680
21 1301
21 1435
21 1467
22 342
22 685
22 1691
23 391
23 430
23 1557
24 1677
25 853
26 191
26 1154
26 1582
26 1626
27 357
28 1013
29 130
29 1304
30 179
30 1290
30 1530
31 760
31 771
32 1548
32 1714
33 118
34 76
34 1141
34 1178
35 242
35 966
35 969
35 1685
36 478
36 764
37 1959
38 216
38 398
38 437
38 587
38 851
38 1377
38 1669
39 157
39 888
40 461
41 286
41 907
42 1025
42 1504
42 1707
43 962
43 1785
44 1904
45 359
45 1893
45 1992
46 72
47 960
47 1681
48 1448
48 1882
49 1031
50 346
50 1253
50 1492
52 218
52 369
52 677
52 1370
52 1499
52 1892
53 647
53 801
54 100
54 776
54 1202
54 1288
55 637
56 1929
57 300
57 1675
59 291
59 911
59 1155
59 1246
59 1667
60 1560
62 111
62 1483
62 1597
63 438
63 1459
63 1635
64 517
64 1186
65 340
65 1560
66 1471
66 1547
66 1705
66 1808
68 904
69 1399
69 1800
70 594
71 1045
72 650
73 123
73 667
73 926
74 107
75 143
75 1694
76 454
76 818
76 1231
76 1355
76 1949
77 1301
77 1386
77 1913
78 158
78 761
79 355
80 650
80 1116
80 1553
80 1889
80 1977
81 1037
82 693
82 843
82 1782
84 153
84 1733
85 400
85 428
85 670
86 302
86 565
86 806
86 1674
87 544
87 955
87 1598
87 1753
88 671
89 1149
89 1906
89 1979
90 559
90 1071
90 1434
90 1601
91 952
92 1622
93 848
93 1699
94 1225
94 1525
95 236
95 525
95 611
95 949
97 889
97 1029
97 1765
98 427
98 1674
99 907
100 135
100 522
100 585
102 1158
102 1487
103 217
103 601
103 1964
105 589
105 932
105 1465
105 1736
106 185
106 1999
107 1111
107 1289
108 1501
108 1525
109 1707
110 1355
110 1756
110 1973
111 581
111 1445
112 125
112 1577
112 1718
113 1204
114 736
114 1119
114 1487
115 1339
116 989
116 1506
117 1097
117 1346
117 1459
119 521
119 723
119 1033
119 1083
119 1971
119 1975
120 814
121 1549
121 1833
121 1975
122 672
122 1562
122 1922
123 565
123 708
123 922
124 499
125 615
125 902
125 1281
125 1645
126 920
127 312
127 628
129 524
129 757
130 1331
131 690
131 1359
132 192
132 275
132 600
132 680
133 996
133 1258
134 1791
136 1915
137 369
137 620
138 392
138 576
138 1687
138 1905
138 1967
139 149
139 259
140 811
140 1381
140 1403
141 485
141 548
141 892
141 1433
143 405
143 1258
143 1445
144 1644
144 1710
145 405
145 611
145 964
145 1045
146 389
146 1137
147 1802
148 1859
148 1874
149 1192
149 1363
149 1806
150 596
150 668
150 1184
151 345
152 1246
154 1838
155 598
155 683
155 1441
156 170
156 306
156 767
156 882
157 642
157 1086
157 1373
158 359
159 1203
159 1217
161 320
161 1012
162 1220
163 164
163 1108
163 1118
163 1388
163 1470
163 1604
163 1709
164 473
164 1147
164 1518
165 1293
165 1986
166 217
166 1426
167 1125
168 355
169 309
169 1240
169 1511
169 1907
170 1125
171 1038
171 1231
172 840
172 1034
172 1550
173 413
174 201
174 394
174 618
174 777
174 888
174 1372
174 1440
174 1874
175 1650
176 1389
177 504
177 1814
178 711
178 1199
178 1741
178 1836
179 365
179 872
179 1746
180 1199
181 867
181 1002
182 1117
182 1655
183 842
184 1766
185 233
185 855
186 383
186 851
186 1768
187 286
187 1694
187 1815
187 1849
188 474
188 1521
188 1920
189 213
189 1232
190 1540
193 551
194 1035
194 1496
194 1550
195 667
195 1972
197 237
197 676
198 1153
199 881
199 1016
199 1617
199 1988
200 1681
201 387
201 1030
201 1980
202 416
202 527
202 1021
202 1389
203 211
203 451
204 1722
205 990
205 1624
206 855
206 1915
207 1055
207 1897
208 623
208 669
208 1102
208 1658
209 1507
210 360
211 1081
212 516
212 1605
213 389
213 464
213 1667
213 1677
214 1405
215 417
215 861
215 897
215 1496
217 323
217 1675
217 1848
217 1887
218 291
218 846
218 1728
218 1983
219 476
219 1308
220 427
220 803
224 621
224 1846
224 1885
225 392
225 1291
225 1735
226 1185
226 1916
227 1126
227 1247
227 1819
228 668
228 1067
228 1713
229 1714
230 760
231 1554
232 320
232 947
233 1174
233 1495
234 911
234 1829
235 354
235 1112
235 1961
236 388
236 1070
237 757
237 1336
237 1975
238 846
238 1655
238 1996
239 702
239 864
239 1660
240 1734
243 1418
244 1042
244 1555
245 1231
245 1466
245 1605
245 1695
247 1000
247 1519
247 1901
248 410
250 417
251 763
252 1010
252 1029
252 1612
253 1133
253 1643
254 899
254 1183
254 1623
255 1475
256 1271
256 1895
257 679
260 1026
260 1111
261 428
261 485
263 705
263 1489
263 1676
264 477
264 1045
266 1282
266 1646
266 1714
266 1928
267 869
267 897
268 1006
268 1609
269 629
269 886
269 1957
270 1444
271 944
271 1343
271 1587
272 901
273 855
273 970
273 990
273 1652
274 1392
275 1728
276 1495
277 1486
277 1976
278 935
279 1124
279 1619
279 1950
281 503
281 1729
282 1195
282 1561
283 809
283 1019
285 1263
285 1887
286 349
286 433
286 508
286 1084
286 1519
287 849
287 1817
289 554
289 1405
290 525
291 1533
292 485
292 1089
293 1031
293 1368
294 1696
295 942
295 1160
295 1439
296 1900
297 1075
297 1785
298 612
298 848
298 1047
298 1210
298 1219
298 1281
298 1294
299 1234
299 1347
300 1984
304 478
304 809
304 1310
305 1384
305 1690
306 1245
306 1331
307 475
307 745
307 1551
308 874
308 1856
309 1131
310 697
312 767
312 838
312 1287
312 1313
313 663
313 1188
314 505
314 601
314 1335
314 1366
315 1014
315 1037
315 1738
316 317
316 1522
317 1473
318 492
319 472
320 1974
321 1277
322 1189
322 1574
324 1804
327 470
329 718
329 1607
330 902
330 986
330 1211
330 1955
331 833
331 1834
332 484
333 478
333 1556
334 569
334 906
334 1025
335 1654
336 1309
336 1698
336 1735
337 1148
338 1048
338 1528
338 1897
340 1777
341 1185
341 1593
341 1994
342 1326
342 1976
343 757
344 1160
345 407
346 768
346 1620
346 1954
347 1023
348 891
348 1002
349 1089
349 1607
349 1639
350 425
352 846
352 854
352 1309
352 1959
353 782
353 1614
354 838
354 952
354 1444
356 1585
356 1964
358 1192
359 1937
360 748
362 1055
363 372
364 638
364 978
364 1095
364 1270
365 878
367 980
367 1551
368 688
368 1164
368 1925
372 468
372 1764
373 395
373 1223
374 774
374 1986
375 1667
376 1103
376 1461
376 1479
376 1658
377 394
377 1678
377 1844
378 1809
379 1026
379 1491
380 911
380 1188
381 628
381 1000
381 1952
381 1953
381 1978
382 1695
382 1876
383 1151
383 1495
383 1500
384 1446
384 1828
386 600
386 684
386 1479
386 1618
387 1389
388 457
388 932
389 434
389 1939
391 1925
392 418
392 905
393 1434
396 477
396 608
397 1142
398 1683
399 975
400 1705
400 1728
402 866
403 1202
404 995
404 1505
404 1770
404 1875
405 1383
405 1787
406 486
406 1035
407 908
407 1663
408 547
408 1953
408 1962
409 733
409 1400
409 1525
409 1752
409 1919
410 634
410 644
410 1526
411 421
411 651
411 1266
411 1403
413 490
413 1495
414 1404
414 1681
415 439
415 988
416 456
416 1513
417 1442
417 1599
419 724
421 1247
421 1337
421 1528
422 1170
422 1180
422 1182
422 1615
422 1760
424 439
424 459
424 698
424 1604
424 1812
425 912
425 1791
426 948
426 1335
426 1379
426 1868
428 439
428 498
428 1415
428 1555
428 1583
428 1977
429 1014
430 1338
430 1370
431 882
431 1269
431 1732
431 1842
432 1073
432 1397
432 1558
432 1852
433 653
433 1863
434 579
434 1733
434 1851
435 1820
436 861
436 1028
437 786
437 1227
437 1229
437 1265
438 729
438 777
438 1725
439 849
439 1184
440 1570
441 1450
442 708
443 729
443 1746
444 1206
445 1607
446 521
446 995
447 1283
447 1497
448 975
449 1660
450 966
453 600
453 1319
453 1481
454 830
456 1024
457 1471
458 601
458 975
458 1454
458 1533
458 1633
460 1462
462 1218
462 1900
463 1838
464 883
464 1976
465 1607
465 1618
466 911
466 1224
467 1655
467 1831
467 1965
469 610
470 934
470 1118
472 641
472 1098
473 529
473 643
473 1106
474 771
474 948
476 677
476 1588
477 1667
477 1752
478 1511
480 680
481 622
481 935
481 1158
481 1384
481 1702
483 786
483 1910
483 1981
484 1671
485 1490
486 766
486 1723
487 495
487 826
488 977
489 1141
489 1691
490 1903
491 551
492 852
492 1148
492 1746
493 547
493 1099
493 1297
493 1649
493 1721
494 616
495 1143
495 1304
495 1687
496 965
498 1223
499 506
500 539
500 1685
501 866
501 1050
503 892
503 1285
504 565
505 660
505 1199
505 1439
505 1542
505 1949
506 952
507 1001
508 1146
508 1276
508 1861
510 1006
511 513
512 1282
512 1621
513 1514
516 1307
516 1547
517 1506
518 602
518 889
518 1170
518 1713
520 597
520 1608
521 1156
522 1310
522 1319
522 1543
523 610
523 612
523 1090
524 539
525 852
525 1754
526 564
526 1075
527 544
528 822
528 1149
529 1905
529 1933
530 1217
531 1554
532 786
532 1601
533 942
533 1493
533 1937
534 1727
534 1746
535 1116
535 1474
535 1598
537 1053
537 1980
538 685
538 992
538 1406
539 1216
542 1597
542 1637
543 1673
545 1025
545 1054
547 1475
547 1570
548 801
548 1399
548 1944
549 892
549 1550
550 1355
551 1579
551 1968
552 778
555 606
555 630
555 790
555 1473
556 1103
556 1479
557 1558
557 1914
558 962
558 981
558 1437
559 1315
560 1345
561 1303
561 1317
561 1890
562 1458
562 1463
563 1507
563 1835
564 656
564 1302
565 1380
565 1702
566 1598
566 1677
567 827
569 862
569 1679
572 777
572 1727
573 1417
573 1630
574 994
574 1808
575 1585
575 1844
576 1574
576 1994
576 1998
578 981
579 684
579 1838
579 1937
580 620
580 697
580 1356
580 1591
580 1602
581 636
581 1584
583 1490
583 1526
583 1789
585 1169
585 1195
586 1086
587 735
587 1065
587 1334
587 1567
588 734
588 1309
589 1534
590 995
590 1101
590 1545
590 1782
590 1961
591 989
592 1712
592 1847
593 1915
594 781
594 1550
594 1846
596 999
596 1190
596 1945
597 850
598 809
598 872
598 959
598 1752
598 1862
600 817
601 1101
601 1750
602 1087
602 1111
603 1104
603 1967
604 972
606 1796
606 1860
608 689
609 1372
610 1042
610 1685
611 1065
611 1141
611 1177
612 1727
612 1776
613 1135
616 1986
618 929
618 1117
618 1394
618 1841
619 1682
620 1899
621 1459
621 1690
622 732
622 1415
622 1428
622 1659
622 1682
623 1744
623 1982
624 1476
624 1813
624 1905
625 1009
625 1683
626 1511
627 1119
627 1179
627 1198
628 1956
628 1958
629 1072
631 911
631 1576
631 1778
631 1836
632 932
632 1273
633 1404
634 1816
634 1841
634 1965
635 1282
635 1320
636 1104
636 1497
637 863
637 1845
638 786
638 901
639 944
639 1084
640 1485
641 1824
643 1294
643 1502
644 1126
644 1480
647 1388
647 1988
648 944
648 1110
648 1431
648 1858
649 1899
650 1364
650 1453
651 662
651 826
651 899
651 927
651 1094
651 1109
653 892
653 1287
654 1029
655 1752
655 1775
657 748
657 1629
657 1751
657 1949
658 1251
658 1852
659 700
659 882
659 1449
660 1914
662 956
664 1533
664 1728
664 1980
665 1023
665 1786
666 983
666 1251
668 1000
668 1255
668 1994
669 1137
671 1601
672 1846
673 1865
674 1577
674 1677
674 1911
675 1767
677 1344
678 772
678 893
678 1724
679 807
680 1553
681 861
681 1304
681 1528
682 1019
685 837
685 1165
689 821
689 1590
689 1885
689 1936
690 1531
692 1118
693 1688
695 711
695 1139
696 1381
696 1587
697 1926
698 720
698 1153
698 1620
699 1879
701 1152
701 1196
701 1237
701 1873
702 828
703 792
703 1146
703 1726
704 1624
704 1726
706 898
706 1011
708 1586
708 1758
710 1501
710 1577
710 1617
711 1178
713 1740
713 1950
714 1135
714 1589
718 1371
720 1287
720 1820
721 1344
722 788
722 1556
723 967
723 1171
723 1248
723 1569
724 1927
725 1678
726 831
726 1663
727 1393
728 1051
728 1530
729 1371
729 1465
729 1578
729 1769
730 1294
730 1871
731 1013
731 1475
731 1531
732 821
732 885
732 1449
733 1831
734 1618
734 1672
734 1846
738 1744
739 787
739 1029
739 1750
740 1106
742 1736
742 1855
744 1776
744 1974
746 1260
746 1445
748 1041
748 1743
750 1012
753 1495
753 1682
753 1842
755 970
755 1549
755 1624
756 1445
756 1482
756 1602
757 978
758 915
758 1461
758 1748
758 1869
760 1401
761 1555
761 1905
763 1451
764 804
764 825
764 1458
766 906
767 899
768 1798
769 1464
769 1625
770 1064
770 1183
770 1357
771 1752
774 1416
774 1610
774 1818
776 1324
776 1949
777 1940
778 1087
780 884
780 1243
780 1420
781 1134
781 1298
782 1343
783 1743
784 1937
785 1799
786 1816
788 1265
788 1549
788 1816
788 1875
789 1168
790 1211
791 1891
794 1617
794 1710
795 1499
795 1723
796 1516
796 1978
797 1628
797 1972
798 921
798 1286
798 1855
799 1369
803 1261
803 1890
804 864
804 1808
806 1167
808 1445
809 1484
809 1829
809 1894
811 818
811 1509
811 1843
812 1165
813 1333
813 1503
813 1967
816 1425
818 1685
824 1968
825 1270
825 1319
827 973
827 1887
828 830
828 1976
829 1632
829 1696
830 1852
834 1934
836 1667
837 1174
837 1253
837 1838
837 1867
839 1483
839 1581
841 1568
841 1911
844 894
844 1393
847 986
850 1693
851 1802
854 1330
854 1354
855 1186
855 1403
856 1290
856 1788
856 1865
857 945
857 1568
857 1967
859 1359
860 894
861 884
862 1649
862 1967
864 942
864 1805
866 1033
866 1523
869 1419
870 1348
870 1849
871 1131
871 1225
871 1346
873 1061
874 916
874 1392
874 1417
874 1482
874 1921
876 1331
876 1484
878 1931
881 914
881 964
881 1129
881 1488
881 1528
882 1281
882 1857
882 1944
883 1187
884 1454
885 1351
886 1730
887 1211
887 1242
888 1603
888 1654
892 1088
892 1439
894 1296
894 1342
894 1569
896 1286
896 1903
897 976
897 1059
897 1473
897 1819
899 1698
901 1003
901 1255
901 1723
903 1904
904 1228
905 1588
906 1021
906 1504
907 1327
907 1721
909 1858
911 1150
911 1416
912 1238
912 1461
915 1366
915 1702
915 1801
915 1907
916 1037
916 1825
917 1709
918 1918
920 1531
923 1724
924 943
924 1333
924 1879
926 1614
926 1798
930 1140
931 1636
931 1965
932 1122
932 1666
933 1356
933 1791
934 1099
934 1590
934 1626
934 1635
935 1861
936 1909
938 1031
938 1982
939 1490
939 1520
940 1637
942 1949
943 1035
943 1717
944 1838
944 1964
945 979
945 1894
948 1656
949 1225
950 1028
950 1394
950 1559
951 1045
951 1237
952 1195
953 1937
955 975
955 1437
956 1202
957 1628
958 1001
958 1295
958 1810
958 1814
960 1058
962 1781
964 1287
964 1401
965 1812
966 1578
967 1216
968 1749
969 1098
970 1160
970 1232
973 1632
974 1205
974 1451
975 1390
975 1618
976 987
976 1430
976 1560
978 1884
979 1168
979 1807
980 1205
982 1526
983 1124
983 1952
984 1173
984 1586
985 1753
985 1798
986 1790
988 1017
991 1170
991 1226
992 1920
993 1241
993 1374
993 1716
994 1438
995 1867
996 1097
996 1642
996 1898
998 1167
1000 1981
1002 1005
1002 1216
1002 1679
1002 1862
1003 1188
1004 1914
1005 1285
1005 1569
1006 1285
1007 1389
1007 1550
1007 1829
1007 1976
1008 1243
1010 1473
1011 1489
1011 1633
1011 1965
1012 1098
1012 1239
1014 1074
1015 1122
1016 1210
1018 1231
1018 1918
1019 1443
1020 1258
1020 1316
1020 1749
1024 1471
1027 1202
1030 1934
1031 1644
1032 1849
1033 1544
1035 1174
1036 1251
1036 1955
1037 1218
1037 1349
1037 1527
1038 1098
1038 1157
1038 1908
1040 1433
1040 1471
1040 1974
1041 1548
1042 1444
1043 1273
1043 1643
1043 1899
1044 1529
1044 1570
1045 1110
1045 1910
1046 1286
1047 1940
1049 1980
1049 1981
1050 1589
1051 1568
1051 1777
1052 1075
1052 1329
1052 1963
1053 1680
1054 1250
1054 1492
1056 1994
1057 1547
1057 1655
1058 1859
1059 1423
1059 1473
1060 1316
1061 1361
1061 1509
1062 1688
1062 1718
1062 1998
1063 1355
1064 1156
1064 1200
1064 1203
1067 1805
1068 1313
1068 1645
1073 1193
1074 1411
1074 1665
1076 1728
1077 1388
1077 1750
1078 1675
1079 1384
1081 1227
1082 1195
1082 1851
1083 1176
1084 1184
1086 1261
1087 1544
1087 1744
1091 1112
1091 1938
1092 1123
1092 1899
1095 1594
1097 1665
1098 1307
1098 1786
1099 1323
1099 1343
1099 1757
1100 1145
1103 1147
1103 1757
1104 1234
1105 1136
1105 1533
1107 1313
1108 1473
1108 1511
1111 1376
1112 1135
1113 1852
1114 1138
1114 1403
1114 1413
1114 1945
1115 1469
1115 1740
1115 1807
1116 1415
1117 1444
1118 1387
1118 1413
1120 1298
1121 1176
1122 1532
1122 1598
1122 1740
1124 1564
1124 1854
1126 1175
1127 1135
1127 1387
1128 1254
1128 1742
1128 1916
1128 1936
1130 1977
1131 1654
1131 1740
1132 1337
1132 1643
1132 1777
1133 1406
1133 1672
1135 1385
1135 1711
1136 1143
1136 1739
1138 1366
1138 1405
1138 1431
1139 1551
1139 1746
1140 1692
1145 1409
1145 1833
1147 1901
1148 1242
1148 1395
1148 1658
1150 1955
1151 1921
1152 1410
1152 1482
1153 1515
1153 1768
1153 1823
1155 1814
1156 1589
1160 1196
1160 1456
1160 1713
1163 1805
1164 1334
1164 1444
1164 1886
1165 1367
1167 1490
1167 1667
1168 1699
1169 1217
1170 1716
1173 1201
1173 1723
1173 1811
1175 1905
1176 1438
1179 1633
1180 1245
1181 1524
1181 1692
1182 1319
1182 1587
1182 1930
1183 1575
1183 1650
1184 1749
1185 1683
1187 1536
1190 1458
1190 1519
1190 1954
1191 1750
1193 1905
1194 1850
1195 1942
1196 1520
1197 1302
1197 1360
1197 1474
1197 1710
1199 1575
1200 1482
1202 1320
1205 1843
1206 1885
1207 1447
1208 1347
1208 1895
1211 1564
1211 1890
1214 1983
1215 1504
1216 1661
1221 1521
1222 1936
1223 1255
1223 1604
1224 1964
1226 1736
1227 1310
1227 1728
1228 1406
1228 1979
1228 1983
1230 1915
1231 1940
1234 1793
1235 1596
1237 1464
1238 1670
1238 1975
1240 1705
1240 1724
1241 1704
1242 1359
1243 1505
1246 1317
1248 1786
1250 1360
1250 1869
1251 1516
1252 1543
1253 1761
1253 1998
1254 1672
1254 1949
1256 1534
1256 1609
1257 1932
1261 1311
1262 1342
1264 1276
1264 1740
1264 1898
1266 1949
1268 1899
1269 1373
1270 1741
1271 1616
1271 1760
1272 1627
1274 1953
1275 1626
1276 1492
1277 1472
1278 1806
1279 1698
1280 1314
1284 1379
1285 1732
1286 1657
1289 1541
1289 1930
1292 1638
1300 1851
1302 1775
1304 1724
1305 1900
1309 1957
1310 1334
1310 1974
1311 1554
1311 1745
1312 1516
1312 1556
1313 1945
1315 1413
1315 1864
1316 1371
1316 1666
1316 1798
1323 1937
1324 1398
1324 1854
1324 1927
1325 1382
1326 1693
1326 1702
1327 1934
1328 1875
1332 1723
1334 1886
1336 1703
1336 1989
1338 1372
1338 1384
1338 1408
1338 1672
1339 1851
1342 1759
1346 1844
1350 1414
1350 1454
1354 1809
1361 1471
1364 1472
1366 1439
1367 1692
1369 1469
1369 1649
1369 1680
1369 1748
1369 1852
1369 1979
1371 1833
1372 1568
1374 1660
1376 1398
1377 1605
1377 1844
1378 1450
1378 1485
1379 1795
1388 1850
1390 1628
1390 1677
1391 1821
1392 1671
1393 1948
1394 1540
1396 1557
1400 1549
1400 1563
1400 1739
1400 1895
1401 1605
1402 1716
1404 1557
1404 1820
1405 1847
1406 1413
1407 1431
1407 1438
1407 1676
1411 1441
1412 1624
1417 1492
1417 1701
1420 1833
1421 1997
1422 1834
1425 1468
1427 1923
1428 1743
1433 1543
1433 1911
1434 1987
1436 1546
1437 1934
1437 1945
1439 1842
1441 1454
1446 1960
1447 1466
1448 1680
1449 1542
1449 1849
1450 1677
1454 1466
1458 1787
1458 1999
1460 1476
1463 1511
1464 1817
1466 1616
1469 1584
1469 1592
1469 1906
1471 1496
1477 1619
1478 1574
1485 1702
1485 1964
1487 1640
1488 1795
1488 1812
1491 1669
1492 1494
1494 1816
1495 1533
1498 1826
1499 1965
1500 1551
1500 1951
1503 1849
1505 1741
1506 1937
1507 1696
1512 1657
1518 1644
1519 1890
1521 1715
1521 1739
1530 1853
1532 1735
1533 1607
1534 1858
1537 1565
1538 1973
1541 1837
1541 1974
1544 1846
1544 1916
1545 1875
1547 1887
1549 1710
1551 1818
1552 1576
1553 1746
1557 1562
1557 1988
1559 1749
1560 1782
1563 1617
1563 1716
1566 1574
1566 1895
1570 1806
1570 1956
1574 1768
1577 1599
1581 1831
1582 1643
1582 1719
1582 1881
1584 1716
1585 1614
1588 1978
1591 1615
1592 1792
1594 1849
1595 1741
1597 1866
1600 1954
1602 1752
1604 1753
1605 1897
1606 1852
1607 1872
1609 1846
1613 1916
1624 1792
1624 1997
1628 1887
1629 1996
1636 1719
1637 1800
1640 1889
1641 1690
1644 1974
1654 1845
1655 1752
1662 1663
1670 1839
1677 1699
1677 1732
1685 1749
1685 1855
1688 1724
1690 1726
1690 1897
1692 1736
1702 1783
1709 1962
1710 1934
1712 1949
1715 1904
1715 1924
1716 1853
1726 1751
1728 1883
1730 1953
1734 1807
1739 1911
1742 1878
1745 1848
1749 1949
1756 1905
1763 1795
1764 1841
1781 1858
1784 1932
1786 1972
1791 1909
1794 1905
1798 1998
1801 1872
1803 1931
1805 1993
1807 1810
1812 1914
1814 1824
1820 1945
1821 1995
1827 1890
1833 1933
1833 1986
1837 1998
1850 1897
1858 1997
1894 1950
1898 1976
1904 1905
1928 1980
1969 1971
1973 1993
