2000
1 236
1 340
1 350
1 448
1 1509
1 1645
1 1830
2 10
2 19
2 314
2 479
2 858
2 952
2 1629
2 1889
3 448
3 1183
3 1570
3 1598
3 1759
3 1788
3 1903
4 9
4 218
4 730
4 843
4 1129
4 1208
5 881
5 995
5 1193
5 1302
5 1354
5 1364
5 1439
5 1722
5 1747
6 69
6 120
6 375
6 616
6 822
6 1814
6 1981
7 214
7 509
7 846
7 938
7 1030
7 1154
7 1173
7 1426
7 1441
7 1719
7 1910
8 124
8 270
8 533
8 1107
8 1120
8 1890
9 534
9 760
9 841
9 885
9 1035
9 1067
9 1208
10 191
10 270
10 591
10 1777
10 1833
10 1969
11 250
11 437
11 809
11 1185
11 1664
12 26
12 522
12 648
12 795
12 1032
12 1112
12 1201
12 1212
12 1296
12 1520
12 1685
13 1692
14 754
14 804
14 851
14 894
14 1614
15 788
15 919
15 1166
15 1615
16 207
16 381
16 669
16 752
16 1675
16 1708
16 1865
17 430
17 709
17 802
17 1062
17 1346
17 1827
17 1997
18 324
18 536
18 633
18 960
18 1128
18 1574
18 1632
19 40
19 434
19 488
19 521
19 522
19 1072
19 1400
19 1456
19 1919
19 1959
19 1995
20 96
20 159
20 312
20 1699
20 1709
20 1999
21 98
21 572
21 641
21 1362
21 1447
21 1456
22 383
22 757
22 891
22 1081
22 1225
23 174
23 205
23 226
23 620
23 804
23 1300
23 1911
24 106
24 310
24 333
24 398
24 575
24 799
24 980
24 1067
24 1090
24 1176
24 1265
24 1732
25 411
25 639
25 771
25 808
25 894
25 1425
25 1594
25 1779
25 1895
26 39
26 111
26 185
26 230
26 762
26 1410
26 1727
26 1907
27 259
27 709
27 938
27 1663
27 1672
27 1905
28 342
28 560
28 1541
28 1608
28 1691
28 1881
28 1968
29 763
29 1094
29 1188
29 1210
29 1626
29 1791
30 272
30 385
30 415
30 478
30 485
30 1155
30 1869
30 1887
30 1943
31 692
31 892
31 1011
31 1145
31 1220
31 1492
31 1693
31 1720
32 185
32 374
32 1342
32 1419
32 1686
32 1873
33 78
33 94
33 904
33 1009
33 1039
33 1067
34 204
34 582
34 719
34 1414
35 95
35 198
35 221
35 506
35 1569
35 1629
35 1636
36 45
36 448
36 1381
36 1553
36 1581
37 120
37 277
37 529
37 710
37 756
37 1009
37 1085
37 1260
37 1284
37 1512
37 1660
37 1694
38 182
38 240
38 740
38 1216
38 1340
38 1422
38 1539
39 42
39 549
39 572
39 603
39 732
39 755
39 1521
39 1654
39 1907
39 1952
40 594
40 810
40 897
40 1555
40 1600
40 1701
40 1957
40 1961
41 42
41 736
41 1243
41 1326
41 1443
41 1451
41 1627
41 1755
41 1931
42 520
42 563
42 1621
43 86
43 961
43 1115
43 1212
43 1329
43 1570
43 1666
43 1741
43 1763
43 1812
43 1994
44 398
44 608
44 1151
44 1166
44 1174
44 1333
44 1424
44 1593
44 1787
45 49
45 345
45 752
45 757
45 1592
45 1963
46 359
46 922
46 955
46 1032
46 1038
46 1134
46 1265
46 1833
47 109
47 122
47 359
47 543
47 636
47 1075
47 1348
47 1378
47 1395
47 1439
48 183
48 526
48 1005
48 1332
48 1764
49 477
49 951
49 1043
49 1164
49 1581
49 1617
50 414
50 977
50 1244
50 1458
50 1472
50 1997
51 60
51 128
51 691
51 942
51 1548
51 1632
51 1833
51 1909
51 1996
52 953
52 1287
52 1396
52 1744
52 1947
53 382
53 745
53 1139
53 1832
54 1447
54 1464
55 1000
55 1111
56 331
56 643
56 788
56 901
56 1816
56 1916
57 221
57 228
57 581
57 762
57 837
57 1151
58 191
58 374
58 488
58 1283
58 1391
59 192
59 605
59 640
59 707
59 1213
59 1218
59 1320
59 1552
59 1583
59 1696
60 253
60 789
60 821
60 892
60 1272
60 1774
61 265
61 548
61 628
61 734
61 937
61 1485
61 1568
61 1716
61 1744
62 98
62 146
62 189
62 319
62 703
62 1151
62 1305
62 1324
62 1391
62 1429
62 1547
63 182
63 233
63 703
63 733
63 928
63 946
63 1042
63 1420
63 1699
64 766
64 1138
64 1495
65 113
65 158
65 352
65 406
65 586
65 740
65 1502
65 1597
65 1672
65 1921
65 1933
66 141
66 1357
66 1742
66 1951
67 797
67 1056
67 1259
67 1448
67 1450
68 356
68 542
68 1102
68 1107
68 1166
68 1428
68 1743
68 1775
68 1777
68 1932
69 159
69 392
69 742
69 784
69 1013
69 1103
69 1246
69 1310
70 296
70 646
70 1569
70 1891
71 362
71 481
71 1363
71 1552
71 1979
72 106
72 718
72 923
72 1014
72 1190
72 1740
72 1780
73 818
73 1392
73 1406
73 1453
73 1861
73 1929
74 381
74 517
74 773
74 816
74 1053
74 1334
74 1907
74 1913
75 1316
75 1706
75 1792
76 899
76 953
76 1333
77 219
77 233
77 266
77 729
77 1059
77 1387
77 1989
78 350
78 860
78 1561
78 1772
78 1981
79 172
79 367
79 643
79 830
79 872
79 965
79 1103
79 1189
79 1274
80 356
80 404
80 518
80 623
80 877
80 1112
80 1194
80 1353
80 1485
80 1825
81 204
81 219
81 277
81 442
81 480
81 509
81 897
82 562
82 571
82 681
82 738
82 844
82 1517
82 1693
82 1842
83 193
83 665
83 759
83 1039
83 1193
83 1655
83 1735
84 131
84 342
84 585
84 785
84 987
84 1338
84 1556
84 1625
84 1787
84 1965
85 102
85 145
85 415
85 1103
86 582
86 1163
86 1213
86 1242
86 1867
86 1920
86 1923
87 338
87 357
87 426
87 1364
87 1711
87 1975
88 546
88 1400
88 1968
89 176
89 495
89 544
89 739
89 1260
89 1292
89 1320
89 1572
90 431
90 460
90 478
90 486
90 1473
91 110
91 482
91 580
91 1023
91 1072
91 1293
91 1572
91 1999
92 1027
92 1395
92 1466
93 262
93 339
93 812
93 846
93 897
93 917
93 1267
93 1739
94 283
94 675
94 1028
94 1230
94 1366
94 1760
95 380
95 632
95 928
95 1296
95 1548
95 1782
95 1943
96 198
96 872
96 1267
96 1358
96 1685
96 1707
96 1886
97 102
97 150
97 710
97 917
97 1079
97 1123
97 1152
97 1504
98 1566
98 1571
98 1662
98 1700
99 101
99 209
99 505
99 508
99 655
99 1226
99 1303
99 1986
100 472
100 1376
100 1755
101 164
101 966
101 1018
101 1418
101 1646
101 1694
101 1699
101 1961
102 222
102 613
102 1105
103 153
103 1289
103 1399
103 1644
104 206
104 529
104 684
104 1079
104 1150
104 1203
104 1304
104 1726
105 417
105 832
105 1355
105 1459
105 1786
106 297
106 1690
106 1840
107 156
107 412
107 1716
107 1853
108 636
108 763
108 814
108 1100
108 1138
108 1461
108 1597
108 1680
108 1975
109 234
109 402
109 668
109 1514
109 1753
109 1768
109 1914
110 146
110 235
110 274
110 859
110 907
110 964
110 1011
110 1026
110 1351
110 1362
110 1635
110 1696
111 675
111 794
111 890
111 947
111 1264
111 1485
111 1486
112 149
112 524
112 646
112 718
112 850
112 886
112 946
112 1214
112 1543
112 1812
112 1832
113 288
113 297
113 469
113 760
113 1166
114 343
114 547
114 647
114 843
114 872
114 1011
114 1019
114 1107
114 1161
114 1222
114 1510
115 888
115 1312
115 1326
115 1429
115 1892
116 380
116 427
116 551
116 633
116 1090
117 396
117 1020
117 1542
117 1903
118 422
118 971
118 997
118 1467
118 1519
118 1608
118 1721
118 1748
119 263
119 296
119 557
119 638
119 720
119 864
119 1494
119 1506
119 1915
120 204
120 381
120 667
120 1180
120 1438
120 1950
121 193
121 421
121 917
121 1198
121 1493
121 1584
121 1833
121 1975
122 423
122 1632
123 311
123 844
123 1576
124 612
124 1151
124 1176
124 1217
124 1802
124 1909
125 127
125 627
125 1050
125 1066
125 1340
126 138
126 140
126 646
126 806
126 903
126 1433
126 1976
127 475
127 1267
128 947
128 1406
128 1652
128 1819
129 337
129 528
129 1068
129 1298
129 1354
130 302
130 626
130 1015
130 1134
130 1328
130 1367
130 1633
131 644
131 745
131 763
131 893
131 1326
131 1327
131 1923
132 816
132 1276
132 1310
132 1453
132 1465
132 1516
132 1685
132 1857
132 1959
133 789
133 790
133 809
133 1196
133 1232
133 1769
134 245
134 288
134 291
134 323
134 620
134 753
134 1408
134 1753
134 1962
135 524
135 554
135 1045
135 1552
135 1922
136 560
136 971
136 1034
136 1518
136 1534
136 1706
137 172
137 501
137 961
137 1642
137 1737
137 1936
138 332
138 1044
138 1177
138 1298
138 1436
138 1631
139 377
139 490
139 533
139 702
139 919
139 984
139 1170
139 1442
140 826
140 868
140 1319
140 1894
140 1995
141 1229
142 278
142 302
142 363
142 596
142 885
142 1179
142 1242
142 1260
142 1266
142 1335
142 1438
142 1486
142 1657
142 1735
142 1800
143 329
143 577
143 1061
143 1875
144 580
144 595
144 741
144 976
144 1261
145 395
145 1176
145 1388
145 1554
145 1991
146 409
146 806
146 896
146 1122
146 1356
146 1456
147 272
147 299
147 499
147 525
147 952
147 1264
147 1319
147 1955
148 222
148 475
148 659
148 805
148 1253
148 1325
148 1336
148 1411
148 1648
148 1770
149 321
149 717
149 722
149 988
149 1585
150 479
150 813
150 1223
150 1475
150 1517
150 1565
151 450
151 1087
151 1549
151 1684
152 918
152 1278
152 1942
153 383
153 702
153 738
153 922
153 1215
153 1628
153 1656
153 1716
154 395
154 1008
154 1154
154 1484
154 1540
155 286
155 702
155 777
155 1316
155 1436
155 1815
156 646
156 1306
156 1406
156 1592
156 1692
156 1800
157 348
157 531
157 694
157 1071
157 1291
157 1485
157 1581
157 1722
158 228
158 370
158 1566
158 1677
158 1758
159 323
159 824
159 828
159 1060
159 1747
160 255
160 449
160 801
160 1155
160 1901
161 617
161 814
161 1505
161 1626
161 1914
161 1999
162 265
162 314
162 1059
162 1402
162 1453
162 1480
162 1498
162 1600
163 828
163 1669
164 195
164 434
164 763
164 824
164 898
164 948
164 971
164 1182
164 1253
165 333
165 647
165 659
165 854
165 1671
165 1751
165 1962
165 1977
165 1999
166 721
166 1133
167 360
167 418
167 840
167 860
167 890
167 1115
167 1174
167 1789
167 1888
167 1938
168 537
168 864
168 1170
168 1402
168 1414
168 1727
169 610
169 1099
169 1108
169 1779
169 1795
170 261
170 410
170 437
170 488
170 659
170 680
170 1453
170 1613
170 1877
171 262
171 360
171 879
171 1129
171 1213
171 1513
171 1601
171 1872
172 240
172 381
172 602
172 774
172 798
172 1129
172 1654
172 1712
173 560
173 1923
174 292
174 305
174 581
174 1037
174 1094
174 1487
174 1834
175 716
175 903
175 928
175 1044
175 1063
175 1589
175 1849
176 214
176 464
176 610
176 1222
176 1321
176 1496
176 1593
176 1808
176 1920
177 373
177 386
177 689
177 754
177 1171
177 1281
177 1955
178 991
178 1368
178 1871
179 916
179 1053
179 1296
179 1646
180 700
180 1603
180 1625
181 295
181 522
181 580
181 773
181 799
181 813
181 1627
181 1951
182 232
182 291
182 589
182 694
182 733
182 1231
182 1263
182 1344
183 487
183 1326
183 1435
183 1895
183 1930
184 834
184 901
184 1468
184 1598
184 1640
184 1878
185 374
185 585
185 651
185 1033
185 1109
185 1124
185 1319
185 1630
185 1762
185 1806
186 613
186 639
186 758
186 762
186 1189
187 381
187 799
188 1613
188 1633
188 1798
189 208
189 511
189 656
189 1159
189 1226
189 1543
189 1734
190 199
190 224
190 625
190 679
190 809
190 1574
190 1982
191 316
191 794
191 814
192 453
192 1030
192 1569
193 336
193 1124
193 1294
193 1495
193 1866
194 1215
194 1775
194 1972
195 407
195 572
195 583
195 1299
196 325
196 368
196 559
196 780
196 1222
196 1464
196 1807
196 1863
196 1980
197 336
197 533
197 723
197 888
197 1031
197 1743
198 690
198 954
198 1133
198 1620
198 1650
198 1703
198 1852
199 586
199 1028
199 1034
199 1418
199 1681
199 1797
199 1885
200 1008
200 1020
200 1035
200 1343
200 1376
200 1628
200 1728
201 265
201 562
201 1444
201 1785
202 415
202 1345
202 1381
202 1784
202 1793
203 567
203 1041
203 1055
203 1261
203 1886
204 383
204 817
204 832
204 1019
204 1815
205 378
205 529
205 913
205 920
205 975
205 1108
205 1682
206 277
206 490
206 667
206 698
206 1091
206 1132
206 1422
206 1436
206 1654
207 247
207 363
207 456
207 523
207 558
207 1391
207 1741
207 1848
208 327
208 509
208 1022
208 1662
208 1831
208 1924
209 250
209 648
209 1295
209 1565
209 1779
210 286
210 421
210 782
210 1437
210 1950
211 336
211 484
211 536
211 1296
211 1432
211 1546
211 1673
211 1811
211 1940
212 964
212 1527
212 1558
213 413
213 1126
213 1206
213 1499
213 1936
214 473
214 667
214 1002
214 1133
214 1838
215 342
215 480
215 570
215 1029
215 1038
215 1382
215 1589
215 1798
216 228
216 455
216 572
216 591
216 675
216 685
216 1438
216 1584
216 1713
217 618
217 770
217 921
217 1652
217 1762
218 447
218 738
218 774
218 782
218 878
218 897
218 1207
218 1403
219 605
220 621
220 626
220 632
220 1303
220 1996
221 312
221 454
221 855
221 883
221 937
222 1503
222 1919
222 1988
223 459
223 467
223 779
223 1000
224 578
224 855
224 1204
224 1300
224 1476
224 1742
225 360
225 395
225 456
225 842
225 1771
226 336
226 588
227 237
227 261
227 1365
227 1893
228 444
228 578
228 1250
228 1280
228 1429
228 1667
228 1734
228 1838
228 1854
229 364
229 464
229 1154
229 1243
229 1740
229 1777
229 1865
229 1963
229 2000
230 496
230 677
230 697
230 1084
230 1147
230 1282
230 1354
230 1995
231 298
231 389
231 443
231 645
231 703
231 824
231 1097
231 1169
231 1310
231 1905
231 1982
232 685
232 857
232 862
232 1688
232 1957
233 318
233 556
233 895
233 1173
233 1598
233 1645
233 1688
233 1763
234 484
234 993
234 1407
234 1443
234 1701
235 499
235 702
235 713
235 843
235 1077
235 1856
235 1996
236 276
236 1062
236 1162
236 1204
237 399
237 642
237 715
237 1197
237 1266
237 1600
237 1666
237 1967
238 551
238 1082
238 1277
238 1618
238 1943
239 310
239 398
239 506
239 519
239 586
239 1172
239 1325
240 597
240 778
240 1411
240 1636
241 404
241 673
241 870
241 1688
241 1941
242 566
242 602
242 637
242 765
242 1106
242 1209
242 1234
242 1552
243 273
243 282
243 533
243 939
243 1112
243 1517
243 1540
244 789
244 855
244 972
244 1035
244 1148
244 1392
244 1447
244 1810
244 1900
245 386
245 1098
245 1259
245 1368
245 1596
246 284
246 687
246 806
246 1503
246 1804
246 1820
246 1889
247 546
247 870
247 959
248 1034
248 1490
248 1749
248 1763
248 1908
249 476
249 486
249 840
249 970
249 1375
249 1475
249 1750
250 693
250 1288
250 1451
250 1659
251 1101
251 1461
251 1568
252 638
252 640
252 1371
252 1463
252 1485
252 1544
252 1646
252 1832
253 309
253 325
253 785
253 1165
253 1301
253 1483
253 1742
254 960
254 1108
254 1567
254 1885
254 1886
254 1913
255 654
255 1008
255 1421
256 596
256 889
256 1343
256 1818
256 1903
256 1981
257 377
257 1589
257 1718
257 1735
257 1863
258 320
258 324
258 459
258 861
258 1014
258 1242
258 1263
258 1576
259 433
259 475
259 840
259 1368
259 1797
260 572
260 712
260 874
260 1183
260 1836
261 521
261 895
261 989
261 1076
261 1300
261 1309
261 1406
261 1741
262 263
262 304
262 528
262 643
262 1031
262 1366
262 1517
262 1575
262 1641
262 1656
262 1715
263 473
263 1303
263 1937
264 539
264 684
264 1320
264 1326
264 1924
265 1186
265 1294
265 1539
265 1545
265 1735
265 1775
265 1941
265 1949
266 285
266 359
266 788
266 1186
266 1578
266 1638
266 1913
266 1927
266 1932
266 1940
267 278
267 497
267 645
267 1315
267 1321
267 1517
268 592
268 763
268 922
268 1697
268 1942
269 403
269 912
269 1104
269 1132
269 1386
269 1429
269 1497
270 487
270 594
270 1015
270 1150
270 1155
270 1429
270 1770
270 1837
271 314
271 749
271 801
271 1274
271 1334
271 1389
271 1412
271 1660
271 1677
272 608
272 637
272 728
273 536
273 681
273 1405
273 1587
273 1742
273 1744
274 504
274 552
274 701
274 1157
274 1919
274 1930
274 1945
275 317
275 342
275 426
275 483
275 943
275 1405
275 1975
276 343
276 690
276 832
276 1264
276 1332
277 885
277 1039
277 1063
277 1193
277 1204
277 1368
277 1436
277 1902
278 897
278 1129
278 1281
278 1288
278 1293
278 1922
278 1942
279 719
279 856
279 1476
279 1797
279 1813
280 389
280 475
280 652
280 1194
280 1375
280 1550
281 917
281 970
281 988
281 1271
281 1445
282 754
282 942
282 1401
282 1549
283 355
283 374
283 425
283 572
283 1778
283 1849
284 941
284 1177
284 1447
285 1291
285 1308
285 1713
286 312
286 859
286 1068
286 1289
286 1543
286 1615
286 1785
286 1918
287 694
287 698
287 758
287 1624
287 1756
288 655
288 850
288 1497
289 305
289 463
289 523
289 528
289 783
289 1503
289 1594
289 1758
290 503
290 958
290 1036
290 1500
291 476
291 1702
291 1869
291 1896
292 339
292 548
292 1011
292 1364
292 1821
292 1910
293 667
293 1051
293 1972
294 436
294 607
294 681
294 762
294 1076
294 1773
294 1873
294 1996
295 1388
295 1467
296 353
296 1072
297 1056
297 1057
297 1087
297 1217
297 1407
298 823
298 912
298 1090
298 1313
298 1443
298 1712
299 570
299 632
299 779
299 931
299 1068
299 1103
299 1454
299 1784
300 654
301 631
301 1121
301 1361
302 491
302 940
302 1824
303 438
303 813
303 1692
303 1721
303 1773
304 389
304 812
304 1878
305 902
305 1682
306 598
306 735
306 1039
306 1420
306 1913
307 600
307 706
307 802
307 983
308 1292
308 1746
308 1898
309 784
309 1292
309 1534
309 1564
309 1776
310 1148
310 1699
311 534
311 771
311 938
311 1945
312 602
312 612
312 677
312 682
312 703
312 1024
312 1107
312 1296
312 1770
313 644
313 1159
313 1578
313 1774
313 1825
314 363
314 1095
314 1096
314 1207
314 1319
314 1488
314 1612
314 1898
315 1597
315 1624
315 1826
316 514
316 715
316 780
316 869
316 1139
316 1413
316 1662
317 338
317 948
317 1720
318 599
318 1461
318 1576
318 1617
318 1806
319 629
319 759
319 806
319 1108
319 1893
320 470
320 884
320 1230
320 1391
320 1448
320 1796
320 1832
321 762
321 1395
321 1535
322 757
322 930
322 1230
322 1454
323 443
323 543
323 1048
323 1991
324 350
324 945
324 987
324 1255
324 1344
324 1439
325 360
325 539
325 760
325 1250
325 1355
325 1709
326 850
326 1054
326 1103
326 1200
326 1451
326 1458
326 1860
326 1866
327 757
327 891
327 1351
328 1851
328 1905
329 415
329 496
329 702
329 720
329 1478
330 421
330 766
330 1143
330 1224
330 1241
330 1473
330 1571
330 1751
330 1809
331 357
331 596
331 825
331 1178
331 1303
331 1496
331 1588
331 1626
331 1948
332 644
332 670
332 1054
332 1099
332 1311
332 1915
333 477
333 680
333 892
333 1070
333 1083
333 1401
333 1415
333 1439
333 1681
333 1756
334 350
334 478
334 494
334 1294
334 1299
335 605
335 693
335 1440
335 1770
336 446
336 463
336 1973
337 385
337 399
337 405
337 615
337 733
337 1623
337 1813
338 658
338 775
338 1453
338 1588
338 1784
338 1945
339 1483
339 1966
340 590
340 1098
340 1323
340 1412
341 881
341 981
341 1145
341 1411
341 1619
342 434
342 843
342 892
342 1409
342 1855
343 409
343 1331
343 1555
343 1681
343 1909
344 1255
344 1298
344 1495
344 1636
345 548
345 588
345 944
345 1112
345 1521
345 1777
345 1809
346 1122
346 1612
346 1861
347 405
347 807
347 1035
347 1044
347 1506
347 1797
348 1232
348 1384
348 1408
348 1719
348 2000
349 579
349 966
349 1035
349 1156
349 1385
349 1574
349 1629
350 696
350 710
350 1293
350 1382
350 1425
350 1592
351 684
351 707
351 736
351 808
351 1643
351 1805
351 1810
352 484
352 1299
352 1329
352 1332
352 1377
352 1493
352 1563
353 375
353 547
353 936
353 1222
353 1907
354 550
354 739
354 947
354 1286
354 1985
355 479
355 749
355 955
355 991
355 1345
355 1476
355 1489
355 1539
355 1720
355 1809
356 837
356 871
356 1036
356 1522
356 1523
356 1537
356 1766
357 1046
357 1081
357 1160
357 1391
357 1724
358 1035
358 1102
358 1161
358 1361
358 1541
359 1147
359 1546
360 611
360 709
360 1043
360 1529
360 1583
361 435
361 686
361 1344
361 1820
361 1844
362 602
362 952
362 1426
362 1457
362 1550
362 1651
362 1814
363 376
363 567
363 579
363 680
363 868
363 981
363 1011
363 1227
363 1328
363 1919
364 367
364 535
364 1410
364 1591
364 1665
364 1983
365 445
365 629
365 859
365 1318
365 1375
366 976
366 980
366 984
366 1018
366 1583
366 1881
367 516
367 611
367 1238
367 1248
368 433
368 539
368 656
368 722
368 963
368 1060
368 1194
368 1523
368 1772
368 1833
369 449
369 667
369 975
369 1002
369 1253
369 1337
369 1368
369 1918
370 392
370 416
370 445
370 651
370 1148
370 1186
370 1379
370 1405
370 1562
370 1937
370 1954
371 434
371 873
371 1193
371 1665
371 1725
371 1954
372 1828
372 1990
373 494
373 515
373 565
373 1471
373 1780
373 1865
374 1369
374 1674
375 1848
375 1949
375 1994
376 552
376 693
376 1504
376 1512
377 834
377 1731
377 1837
378 420
378 430
378 944
378 1074
378 1322
378 1411
379 468
379 726
379 759
379 1000
379 1540
379 1597
379 1685
379 1725
379 1836
379 1966
380 660
380 956
380 1016
380 1213
380 1293
380 1332
381 427
381 527
381 530
381 602
381 623
381 1100
382 448
382 636
382 747
382 917
382 1536
382 1865
383 766
383 1278
384 459
384 693
384 725
384 886
384 1059
384 1116
384 1226
384 1349
384 1625
384 1696
385 626
385 925
385 1574
385 1668
385 1945
385 1961
386 455
386 551
386 803
386 841
386 1142
386 1756
387 401
387 494
387 774
387 1550
388 568
388 834
388 918
388 1051
388 1130
388 1300
388 1311
388 1339
388 1784
389 406
389 775
389 1227
389 1456
389 1475
389 1511
389 1540
389 1810
389 1831
389 1849
389 1851
390 879
390 1034
390 1350
390 1393
390 1435
390 1550
391 436
391 619
391 726
391 1154
391 1288
391 1860
392 1251
392 1294
393 601
393 849
393 1040
393 1395
393 1546
394 944
394 1278
394 1861
395 760
395 969
395 1181
395 1326
396 797
396 1620
396 1738
396 1936
397 474
397 780
397 1234
397 1377
397 1491
397 1903
397 1967
397 1978
398 1190
398 1287
398 1485
398 1534
398 1764
398 1826
399 691
399 1422
399 1434
399 1579
399 1857
399 1945
400 890
400 999
400 1281
400 1562
400 1660
401 723
401 1340
401 1795
401 1935
402 999
402 1309
402 1312
402 1401
402 1572
403 1153
403 1278
403 1555
404 494
404 1495
404 1772
404 1953
405 1221
405 1686
405 1697
406 760
406 827
406 1268
407 1102
407 1588
407 1614
407 1880
408 433
408 574
408 1075
408 1233
408 1269
408 1449
408 1873
409 569
409 790
409 1197
409 1884
410 732
410 1026
410 1127
410 1253
410 1476
410 1581
411 987
411 990
411 1015
411 1423
411 1523
412 414
412 444
412 962
412 1007
412 1050
412 1232
412 1356
412 1426
412 1523
412 1742
412 1891
413 524
413 691
413 1091
413 1290
414 775
414 781
414 1002
414 1251
414 1434
415 790
415 1585
416 578
417 471
417 521
417 616
417 697
417 1661
417 1906
418 908
418 1396
418 1650
418 1669
419 612
419 1917
420 950
420 1340
420 1438
420 1484
420 1868
421 444
421 558
421 826
421 1417
421 1956
422 475
422 651
422 933
422 988
422 1288
422 1574
422 1701
423 561
423 1042
423 1062
423 1516
423 1765
424 1449
425 981
425 1535
425 1879
426 492
426 800
426 930
426 1211
426 1575
426 1879
427 1367
427 1496
427 1593
427 1859
428 529
428 610
428 1040
428 1773
428 1895
429 1793
430 468
430 589
430 1024
430 1187
430 1602
430 1744
430 1999
431 863
431 1104
431 1176
431 1283
431 1348
431 1359
431 1871
432 644
432 996
432 1082
432 1753
433 685
433 857
433 1381
433 1701
434 667
434 1495
435 466
435 606
435 1596
435 1649
435 1767
435 1787
435 1829
436 1325
436 1444
436 1874
436 2000
437 466
437 1458
437 1572
437 1605
437 1662
437 1708
438 659
438 1360
438 1386
438 1822
439 549
439 758
439 1547
439 1897
440 1037
440 1114
440 1312
440 1521
440 1875
441 487
441 661
441 918
441 1593
442 491
442 788
442 1630
442 1817
443 783
443 1474
443 1631
444 807
444 955
444 1031
444 1136
444 1654
445 477
445 1041
445 1211
445 1538
445 1874
446 823
446 897
446 997
446 1083
446 1312
446 1360
446 1845
446 1901
447 728
447 796
447 1360
447 1808
448 701
448 1416
448 1791
449 498
449 536
449 596
449 719
449 751
449 1040
449 1075
449 1160
449 1297
449 1476
449 1556
450 628
450 1071
450 1878
450 1912
451 1336
451 1446
452 723
452 1332
452 1416
452 1879
452 1979
453 785
453 819
453 1263
453 1446
453 1494
453 1753
454 574
454 741
454 974
454 1007
454 1611
454 1763
454 1780
454 1819
454 1822
455 535
455 657
455 708
455 1431
455 1537
455 1541
455 1566
455 1715
455 1942
455 1945
455 1981
456 499
456 901
456 1011
456 1254
456 1279
457 545
457 563
457 739
457 860
457 883
457 928
457 971
457 1091
457 1241
457 1291
457 1644
457 1691
458 524
458 1077
458 1470
459 641
459 1458
459 1566
460 479
460 1088
460 1617
461 528
461 710
461 881
461 930
461 1415
461 1754
461 1852
461 1926
462 560
462 682
462 806
462 1566
462 1638
462 1989
463 759
463 1006
464 1648
465 745
465 1353
465 1622
465 1740
465 1768
466 525
466 693
466 968
466 1294
466 1328
466 1632
467 615
467 741
467 983
467 1149
467 1401
467 1900
467 1909
468 1401
468 1417
468 1702
468 1761
468 1915
469 936
469 1293
469 1519
469 1758
469 1765
469 1804
469 1879
470 482
470 826
470 1018
470 1253
470 1513
471 815
471 1641
471 1757
471 1796
472 1766
473 637
473 794
473 796
473 867
473 874
473 903
473 1329
473 1501
473 1827
473 1992
473 1998
474 567
474 1377
474 1642
474 1677
474 1717
474 1862
475 682
475 693
475 796
475 878
476 501
476 602
476 924
476 960
476 1301
476 1387
477 533
477 1071
477 1133
477 1216
477 1495
477 1744
477 1934
478 950
478 1301
478 1554
479 589
479 953
479 1228
479 1604
480 707
480 1377
480 1643
480 1850
481 820
481 1833
482 575
482 595
482 755
482 1175
482 1222
482 1480
482 1496
482 1975
483 507
483 630
483 887
483 1134
483 1192
483 1275
483 1963
484 541
484 621
484 1205
484 1368
484 1555
484 1960
485 1079
485 1262
485 1424
485 1716
485 1997
486 534
486 1098
486 1537
486 1733
486 1838
487 536
487 1088
487 1180
488 626
488 740
488 943
488 1126
488 1195
488 1236
488 1240
488 1514
488 1579
488 1626
488 1806
489 516
489 608
489 646
489 732
489 961
489 1085
489 1153
489 1259
490 540
490 930
490 1086
490 1380
490 1643
490 1667
490 1872
491 1757
491 1960
492 497
492 671
492 863
492 867
492 989
492 1103
492 1466
493 602
493 913
493 953
493 1026
493 1250
493 1335
493 1366
493 1401
494 507
494 906
494 970
494 1299
494 1441
494 1806
494 1886
495 648
495 763
495 774
495 1740
495 1771
496 613
496 644
496 1211
496 1516
497 753
497 955
497 1158
497 1871
497 1893
498 1183
498 1583
498 1649
499 546
499 1187
499 1924
500 1131
500 1287
500 1365
500 1574
500 1684
500 1707
501 755
501 797
501 844
501 1113
501 1393
501 1874
502 1546
503 963
503 1139
503 1186
504 536
504 807
504 980
504 1008
504 1434
504 1725
505 704
505 735
505 1549
505 1813
505 1860
506 917
506 1005
506 1342
507 788
507 1237
507 1286
507 1543
507 1798
507 1994
508 992
508 1232
508 1550
508 1609
508 1624
508 1656
508 1861
508 1918
509 1166
509 1370
509 1753
509 1967
510 938
510 997
510 1158
510 1214
510 1355
510 1405
510 1633
510 1691
510 1761
511 626
511 664
511 938
511 1212
511 1590
512 1144
512 1353
512 1585
512 1589
513 932
513 945
513 954
513 1111
513 1590
513 1689
513 1715
513 1991
514 1197
514 1316
515 657
515 745
515 1422
515 1660
515 1882
515 1897
516 1367
516 1511
516 1531
516 1768
516 1909
517 979
517 1079
517 1298
517 1445
517 1458
517 1805
518 605
518 716
518 897
518 1311
518 1758
518 1984
519 532
519 634
519 809
519 843
519 945
519 1310
520 596
520 691
520 1139
521 898
522 643
522 1625
522 1875
523 737
523 896
523 1014
523 1063
523 1122
524 699
524 821
524 852
524 1150
524 1459
524 1526
525 675
525 874
525 1202
525 1900
526 763
526 865
526 1242
526 1431
526 1870
526 1886
526 1924
527 691
527 1277
527 1395
527 1692
527 1844
527 1918
527 1947
528 1064
528 1137
528 1186
528 1438
529 1057
529 1636
530 551
530 1391
530 1734
530 1739
530 1842
530 1917
531 680
531 803
531 1346
531 1388
531 1421
531 1499
531 1585
531 1645
531 1745
532 794
532 1064
532 1424
532 1551
532 1580
532 1617
532 1852
532 1874
533 912
533 1013
533 1110
533 1341
533 1755
534 770
534 880
534 976
534 1346
534 1464
536 709
536 712
536 852
536 1199
536 1310
536 1420
536 1775
537 676
537 826
537 1612
537 1718
538 743
538 850
538 900
538 1014
538 1187
538 1604
539 591
539 629
539 678
539 1398
540 969
540 1688
540 1993
541 1297
541 1646
542 582
542 877
543 963
543 1147
543 1409
543 1541
544 1211
544 1483
545 1087
545 1389
545 1634
545 1674
545 1910
546 599
546 682
546 824
546 1034
546 1253
546 1881
546 1913
547 601
547 662
547 694
547 908
547 944
547 1363
547 1549
547 1668
548 1239
548 1280
548 1621
548 1954
549 1147
549 1967
550 1124
551 703
551 932
551 999
551 1093
552 777
552 1086
553 681
553 756
553 877
553 1610
553 1920
554 624
554 672
554 986
554 1189
554 1579
554 1648
555 712
555 882
555 961
555 1269
555 1923
556 987
556 1104
556 1137
556 1272
556 1351
556 1810
556 1840
556 1994
557 624
557 899
557 979
557 1165
557 1688
558 756
558 840
558 1173
558 1723
559 937
559 1204
560 874
560 991
560 1355
560 1628
560 1992
561 678
561 854
561 1333
561 1382
561 1520
561 1644
562 949
562 1047
562 1977
563 1344
563 1346
563 1435
563 1789
564 640
564 647
564 800
564 1046
564 1332
564 1394
565 707
565 1071
565 1517
565 1670
565 1759
566 602
566 691
566 1332
566 1424
566 1453
566 1744
566 1815
567 845
567 1568
567 1975
568 598
568 812
569 862
569 1758
569 1821
570 755
570 950
570 1127
570 1194
570 1429
570 1436
570 1553
570 1893
571 655
571 1098
571 1285
571 1605
571 1679
571 1820
572 908
572 1368
572 1585
572 1847
573 1309
573 1439
573 1681
574 1123
575 927
575 1007
575 1065
575 1133
575 1524
575 1590
575 1616
575 1992
576 827
576 943
576 1013
576 1063
576 1084
576 1654
576 1957
577 1049
577 1420
577 1756
578 940
578 1077
578 1624
578 1842
579 682
579 696
579 1127
579 1247
579 1564
580 869
580 1925
581 617
581 1202
582 1146
582 1186
582 1563
582 1668
582 1948
583 678
583 1101
583 1425
583 1906
583 1986
584 773
584 984
584 1554
584 1783
584 1796
585 792
585 1505
585 1576
586 794
586 1198
586 1468
586 1644
586 1910
587 1463
587 1503
588 875
588 1167
588 1398
588 1845
589 651
589 1020
589 1120
589 1410
590 859
590 1003
590 1271
590 1277
590 1356
590 1437
591 1058
591 1059
591 1839
591 1918
592 632
592 636
592 730
593 863
593 1115
593 1378
593 1494
593 1497
593 1871
593 1929
594 1004
595 623
595 716
595 787
595 809
595 945
595 1202
595 1448
595 1763
596 915
596 1202
596 1888
597 660
597 1698
597 1786
598 1148
598 1349
598 1855
598 1949
599 1810
600 714
600 922
600 1005
600 1262
600 1769
601 1247
601 1466
601 1741
602 784
602 1324
602 1434
602 1915
602 1994
603 951
603 1000
603 1391
603 1828
603 1864
603 1868
603 1983
604 1090
604 1720
604 1980
605 951
605 1343
605 1597
605 1598
606 1092
606 1369
606 1946
607 1016
607 1513
607 1580
608 975
608 1091
608 1262
608 1389
608 1504
608 1992
609 790
609 871
609 893
609 1691
609 1796
610 739
610 1184
610 1394
610 1395
610 1598
610 1932
611 1066
611 1187
611 1350
611 1518
611 1520
611 1782
611 1820
612 728
612 769
612 1302
613 813
613 1646
613 1765
613 1943
614 1158
614 1259
614 1343
614 1502
614 1753
615 1417
615 1988
616 947
616 953
616 1150
616 1790
617 746
617 841
617 1036
617 1445
617 1855
618 891
618 1251
618 1306
619 680
619 1404
619 1527
619 1546
620 794
620 1152
620 1563
620 1873
621 1026
621 1296
621 1579
621 1719
622 740
622 1926
623 632
623 954
623 1190
623 1506
623 1591
623 1823
623 1883
624 989
624 1051
624 1425
624 1675
625 657
625 1185
625 1274
625 1294
625 1516
625 1743
625 1936
626 678
626 1021
626 1164
626 1312
626 1330
626 1476
626 1524
626 1564
627 784
627 1118
627 1332
627 1756
628 1801
629 815
629 954
629 1114
630 640
630 967
630 1477
631 861
631 1219
631 1365
631 1982
632 885
632 1040
632 1272
632 1662
633 748
633 967
633 978
633 1077
633 1259
633 1421
633 1497
634 698
634 848
634 1040
634 1267
635 1224
635 1251
636 884
636 1229
636 1390
636 1490
636 1655
636 1901
636 1928
637 713
637 723
637 890
637 1865
637 1939
638 817
638 887
638 1186
638 1322
639 1165
639 1594
639 1798
640 732
640 783
640 1100
640 1172
640 1643
640 1757
640 1788
640 1906
641 697
641 751
641 1253
641 1648
642 902
642 1110
642 1652
642 1865
642 1979
643 1151
643 1366
644 752
644 1310
645 845
645 1048
645 1316
645 1994
646 687
646 727
646 813
646 1121
647 698
647 1281
647 1671
647 1904
648 809
648 812
648 1154
648 1559
648 1668
649 1119
649 1269
649 1303
649 1559
650 1106
651 1319
652 1191
652 1734
652 1756
653 701
653 1278
653 1791
653 1810
654 1241
654 1360
654 1500
654 1567
654 1781
654 1898
654 1920
654 1941
654 1982
655 1051
655 1126
655 1131
655 1151
655 1304
655 1318
655 1487
655 1915
655 1983
656 746
656 949
657 899
657 1448
658 1080
658 1206
658 1322
658 1330
658 1451
658 1837
659 1255
659 1339
660 1629
660 1654
660 1675
660 1682
660 1705
661 775
661 1243
661 1330
661 1678
662 1261
662 1554
662 1880
663 1448
663 1551
663 1585
663 1789
663 1969
663 1974
664 741
664 1593
665 868
665 895
665 1155
665 1336
665 1824
666 976
666 1622
666 1757
666 1910
666 1918
667 1360
667 1367
667 1491
667 1652
667 1761
667 1947
668 1141
668 1987
669 909
670 688
670 876
670 1216
670 1479
670 1710
670 1983
671 911
671 1098
671 1159
671 1308
671 1982
672 925
672 946
672 1221
672 1751
673 1414
674 1153
674 1589
674 1689
674 1886
675 694
675 920
675 1282
675 1663
675 1759
675 1995
676 790
676 826
676 1350
676 1381
676 1421
676 1595
676 1718
676 1839
677 823
677 1629
677 1766
678 855
678 1704
678 1729
678 1742
678 1843
678 1895
679 973
679 1007
679 1591
680 877
680 1359
680 1883
681 835
682 1079
682 1166
682 1261
683 806
683 1015
683 1419
683 1605
683 1818
683 1896
684 1169
684 1740
684 1845
685 874
685 890
685 1130
685 1188
685 1826
685 1901
686 766
687 1147
687 1908
688 695
688 892
688 946
688 993
688 1105
688 1217
689 854
689 1257
689 1307
689 1375
689 1654
690 1312
690 1326
690 1486
690 1772
690 1796
691 1165
691 1514
692 1062
692 1193
692 1637
692 1735
693 820
694 947
694 1538
694 1674
694 1689
694 1751
695 1455
695 1544
695 1980
696 846
696 936
696 1198
696 1705
697 760
697 915
697 1199
697 1710
697 1844
699 794
699 1001
699 1316
699 1455
699 1499
699 1753
700 886
700 1477
701 826
701 901
701 1682
701 1761
702 1098
702 1323
702 1347
702 1379
702 1653
702 1854
702 1906
703 1033
703 1357
704 770
704 1144
704 1181
704 1365
704 1802
704 1909
705 890
705 940
705 1157
705 1205
705 1360
705 1646
705 1920
706 726
706 798
706 1170
706 1177
706 1274
706 1389
706 1525
706 1919
706 1953
707 852
707 1129
707 1296
707 1306
707 1355
707 1368
708 1832
709 899
709 1082
709 1341
709 1713
709 1895
709 1980
710 1284
710 1293
710 1976
711 928
711 1273
712 1097
712 1105
712 1320
712 1395
712 1770
712 1772
713 831
713 926
713 1185
713 1403
713 1408
713 1611
713 1669
713 1751
714 726
714 1040
714 1608
714 1975
715 846
715 875
715 902
715 974
715 1103
715 1361
715 1787
715 1929
716 1967
717 1320
718 1053
718 1509
718 1846
719 926
719 1127
719 1140
719 1574
720 847
720 865
720 1180
720 1752
720 1778
720 1873
721 817
721 1595
722 1480
722 1990
723 1174
723 1536
723 1713
724 976
724 1401
724 1589
724 1824
724 1908
725 1127
725 1297
725 1420
725 1423
725 1678
725 1786
726 1077
726 1899
727 799
727 1250
727 1528
727 1634
728 738
728 1180
728 1471
728 1646
728 1804
729 965
729 1202
729 1433
729 1506
729 1625
729 1789
729 1867
730 1103
730 1358
730 1822
731 794
731 856
731 914
731 950
731 1296
731 1460
731 1889
731 1927
731 1997
732 1016
732 1126
732 1132
732 1215
732 1333
733 750
733 851
733 1151
733 1235
733 1822
733 1843
734 940
734 1271
734 1343
734 1396
735 1142
735 1180
735 1377
735 1385
735 1471
735 1906
736 1465
736 1552
736 1565
737 906
737 989
737 1377
737 1840
738 877
738 1049
738 1089
738 1349
738 1382
738 1859
739 832
739 1039
739 1055
739 1144
739 1147
739 1744
739 1843
740 1032
740 1114
740 1517
740 1588
740 1746
740 1762
740 1866
741 1040
741 1111
741 1137
741 1522
741 1563
741 1957
742 792
742 1264
742 1965
743 1636
744 1468
744 1943
745 856
745 1489
745 1543
745 1576
745 1785
745 1803
746 945
746 1110
746 1292
746 1809
746 1956
747 1232
747 1978
748 1048
748 1212
748 1873
749 1480
750 1247
750 1878
750 1930
751 1024
751 1368
751 1650
752 960
752 964
752 1072
752 1304
752 1609
752 1955
753 1031
753 1100
753 1188
753 1218
753 1495
753 1758
753 1954
754 853
754 1077
754 1610
755 811
755 1345
755 1607
756 1131
756 1210
756 1335
757 878
757 1770
757 2000
758 1076
758 1217
758 1731
759 1060
759 1475
759 1506
759 1707
759 1806
759 1814
759 1877
760 824
760 1096
760 1346
761 851
761 1199
761 1212
761 1317
761 1983
762 924
762 991
763 1580
764 1324
764 1730
765 807
765 844
765 852
765 934
765 972
765 1490
765 1718
766 1212
766 1257
766 1337
766 1398
766 1555
766 1634
766 1810
766 1827
767 1057
767 1549
767 1619
768 1454
768 1781
768 1782
769 830
769 963
769 1114
769 1201
769 1466
769 1999
770 866
770 1139
770 1379
770 1499
770 1862
771 1852
771 1988
771 1997
772 978
772 1154
772 1389
773 785
773 1037
773 1467
773 1583
773 1621
773 1730
774 1430
774 1508
774 1928
775 795
775 1133
775 1379
775 1755
775 1808
776 1276
777 1178
777 1303
777 1443
777 1587
778 1549
778 1769
779 1869
780 807
780 916
780 1048
780 1210
780 1456
780 1517
780 1560
781 824
781 1886
781 1908
782 907
782 1203
782 1242
782 1358
782 1625
783 955
783 1254
783 1552
783 1647
784 977
784 1166
784 1220
785 917
785 1451
785 1771
785 1913
786 972
786 1289
786 1351
787 1403
787 1564
787 1773
788 941
788 1125
788 1294
788 1691
788 1843
789 955
789 1184
789 1300
789 1809
790 878
790 1169
790 1948
791 878
791 907
791 1462
791 1719
792 1947
793 999
793 1084
793 1120
793 1157
793 1288
793 1400
793 1431
793 1804
794 797
794 822
794 1143
794 1639
795 1193
795 1406
795 1571
795 1730
796 1063
796 1272
796 1535
796 1941
796 1954
796 1978
797 1441
797 1778
798 1091
798 1822
799 872
799 899
799 1156
799 1286
799 1309
799 1510
799 1949
799 1975
800 978
800 1218
800 1411
800 1565
801 997
801 1024
801 1446
801 1450
801 1514
802 840
802 927
802 1060
802 1115
802 1402
802 1420
802 1547
803 868
803 1053
803 1503
803 1697
803 1926
804 1039
804 1165
804 1317
804 1456
804 1595
804 1760
804 1931
805 1119
805 1900
805 1978
806 1101
806 1356
807 981
807 1347
807 1946
808 822
808 996
808 1006
808 1311
809 879
809 1004
809 1090
809 1134
809 1463
809 1721
809 1797
810 817
810 1402
810 1427
811 942
811 1333
811 1364
811 1669
811 1960
811 1985
812 955
812 984
812 1051
812 1899
813 1801
814 909
814 1452
814 1454
814 1559
814 1573
815 817
815 876
815 903
815 1873
816 1006
816 1760
817 1013
817 1478
817 1563
817 1692
818 1549
818 1845
819 946
819 1009
819 1178
819 1189
819 1584
820 1124
820 1428
820 1571
820 1594
820 1705
820 1981
821 1354
821 1763
821 1842
822 946
822 1651
822 1741
822 1935
823 1146
823 1569
823 1621
824 1333
824 1671
825 1017
825 1307
825 1359
825 1590
826 996
826 1180
826 1526
826 1952
826 1960
828 884
828 1032
828 1580
828 1729
828 1871
829 832
829 935
829 1314
829 1412
829 1428
829 1996
830 915
830 1211
830 1443
830 1702
831 1100
831 1230
831 1298
831 1397
831 1719
831 1846
832 959
832 1277
832 1504
832 1517
832 1729
833 1200
833 1450
833 1587
834 999
835 850
835 1018
835 1485
836 1032
836 1394
836 1456
836 1481
836 1553
836 1757
836 1991
837 1221
837 1336
837 1516
837 1692
837 1818
837 1970
838 1131
838 1548
838 1774
839 1053
839 1483
840 890
840 949
840 1276
841 924
841 1572
841 1673
841 1762
842 1259
842 1344
842 1400
842 1704
842 1744
843 1321
843 1379
843 1410
843 1967
844 1034
844 1519
844 1868
845 1143
845 1562
846 904
846 1048
846 1242
846 1402
846 1550
846 1785
847 1774
848 1159
848 1440
848 1488
848 1809
849 862
849 1000
849 1290
849 2000
850 875
850 1158
850 1471
851 883
851 1301
851 1309
851 1939
852 913
852 1262
852 1825
852 1856
852 1923
853 1041
853 1095
853 1752
854 912
854 1011
854 1098
854 1850
854 1975
855 1141
855 1442
855 1663
856 891
857 1210
857 1255
857 1310
857 1750
857 1946
857 1953
858 1709
859 1141
859 1308
859 1368
859 1389
859 1739
859 1799
860 1420
860 1735
860 1764
860 1837
860 1859
861 1064
861 1357
861 1682
862 1025
863 1132
863 1149
863 1186
863 1941
864 962
864 988
864 993
864 1359
864 1853
865 923
865 1040
865 1256
866 1089
866 1129
866 1453
866 1548
867 922
867 977
867 1083
867 1949
868 1608
868 1638
869 1196
870 1026
870 1038
870 1528
870 1612
870 1626
870 1963
871 1093
871 1617
871 1808
872 1470
872 1558
872 1744
873 1315
873 1622
873 1742
873 1924
874 879
874 1004
874 1766
875 1124
875 1508
875 1643
876 1012
876 1447
876 1542
876 1841
877 1328
877 1513
878 1589
878 1592
878 1635
878 1888
879 1301
879 1371
879 1420
879 1572
879 1846
879 1849
880 1312
880 1457
880 1532
880 1993
881 1089
881 1097
881 1527
881 1599
881 1930
882 1021
882 1052
882 1487
883 1384
883 1398
883 1858
884 1063
884 1233
884 1603
884 1844
884 1954
885 1118
885 1360
885 1478
885 1573
885 1619
885 1770
886 1654
887 937
887 996
887 1053
887 1178
887 1222
887 1257
887 1292
887 1651
887 1811
887 1885
887 1981
888 1127
888 1149
888 1279
888 1431
888 1592
888 1762
888 1780
888 1921
889 1267
889 1931
890 913
890 991
890 1482
890 1628
891 1675
892 1056
892 1118
892 1917
893 1041
893 1599
893 1630
894 1728
894 1858
895 1359
895 1508
896 954
896 1320
896 1482
896 1670
897 1216
897 1347
897 1651
897 1693
898 1131
898 1230
899 1328
899 1347
899 1661
899 1889
900 1004
901 1067
901 1099
901 1504
901 1509
902 920
902 1373
902 1434
903 968
903 1055
903 1075
903 1160
903 1334
903 1372
903 1683
903 1760
903 1871
904 1169
904 1511
905 1549
906 1694
906 1796
906 1899
906 1923
907 1091
907 1135
908 1152
908 1252
908 1476
908 1629
908 1826
908 1867
909 939
909 1229
909 1329
909 1504
910 1442
910 1456
910 1645
910 1749
911 1977
912 1261
912 1497
913 1171
913 1337
913 1433
913 1821
914 948
914 1205
914 1214
914 1342
914 1419
914 1428
914 1516
915 1348
915 1546
915 1601
915 1627
915 1883
916 931
916 1138
916 1266
916 1334
916 1548
916 1665
917 1144
917 1978
918 986
918 1448
918 1663
919 1317
919 1318
919 1847
919 1872
920 1200
920 1477
920 1493
920 1649
920 1758
921 1007
921 1394
921 1861
922 935
922 1204
922 1207
922 1754
922 1962
923 1132
923 1448
924 1377
924 1534
924 1995
925 1211
925 1447
925 1787
926 991
926 1011
926 1340
926 1516
926 1766
926 1852
927 1282
927 1302
927 1825
928 1269
928 1359
928 1515
928 1867
929 1356
929 1853
929 1928
929 1989
930 1146
930 1572
930 1656
931 938
931 1234
931 1257
931 1519
931 1679
931 1785
932 1019
932 1121
932 1718
933 1163
933 1935
933 1936
934 1016
934 1672
934 1786
935 1005
935 1201
935 1276
935 1282
935 1405
935 1438
935 1445
935 1694
936 974
936 1019
936 1318
936 1650
937 1036
937 1341
937 1931
938 1154
938 1169
938 1297
938 1328
938 1725
939 1177
939 1470
939 1579
939 1714
940 1297
940 1348
940 1474
940 1904
940 1936
940 1981
941 986
941 1342
942 1275
942 1538
943 1538
943 1666
943 1708
943 1809
944 1282
944 1866
945 995
946 1084
946 1632
946 1638
947 1264
947 1388
947 1397
947 1585
947 1667
947 1746
948 1409
948 1474
948 1855
948 1890
948 1926
948 1930
948 1982
948 1993
949 1415
949 1730
950 1355
952 965
952 1002
952 1436
953 1342
953 1627
953 1632
953 1681
953 1688
953 1977
953 1983
954 1366
955 1075
955 1103
955 1624
955 1714
955 1827
955 1886
956 958
956 1227
956 1746
957 1149
957 1259
957 1303
957 1562
957 1729
957 1802
958 1164
958 1222
958 1573
958 1641
958 1774
958 1846
959 1736
960 1195
960 1202
960 1269
960 1353
960 1522
960 1853
960 1891
961 1168
961 1182
961 1701
961 1807
962 1577
962 1739
962 1909
963 1582
964 1179
964 1266
964 1474
964 1494
964 1671
964 1806
964 1887
964 1888
964 1908
964 1938
965 977
965 1038
965 1649
965 1746
966 1145
966 1379
966 1982
966 1983
967 1041
967 1198
967 1486
967 1563
967 1697
967 1719
968 985
968 1286
968 1304
968 1513
968 1612
968 1714
969 1553
969 1939
970 1049
970 1069
970 1125
970 1386
970 1423
970 1507
970 1958
971 1163
971 1438
971 1857
971 1882
972 1028
972 1393
972 1515
972 1781
973 1003
973 1126
973 1163
973 1371
973 1564
973 1839
974 1545
974 1585
974 1834
974 1997
975 1529
975 1536
975 1538
976 1161
976 1216
976 1248
976 1474
977 979
977 1652
978 1160
978 1210
978 1480
978 1505
979 1308
979 1406
979 1955
980 1199
980 1714
980 1724
980 1800
980 1964
981 1018
981 1754
983 1431
983 1936
984 1081
984 1306
984 1459
984 1780
984 1877
985 1378
986 1434
986 1464
986 1615
986 1680
987 1089
987 1257
987 1292
987 1675
987 1928
988 1489
988 1579
988 1596
988 1948
989 1669
989 1739
990 1114
990 1252
990 1338
991 1016
991 1476
992 1246
992 1500
992 1519
992 1585
993 1278
993 1294
994 1195
994 1765
996 1368
996 1411
996 1876
996 1913
996 1980
997 1071
997 1136
997 1174
997 1621
997 1728
997 1732
997 1758
998 1046
998 1165
998 1834
998 1908
1000 1246
1000 1784
1000 1887
1001 1192
1001 1543
1001 1592
1001 1863
1002 1407
1002 1555
1003 1019
1004 1584
1005 1045
1005 1335
1005 1444
1005 1737
1006 1079
1006 1735
1007 1104
1007 1550
1007 1881
1008 1029
1008 1381
1008 1429
1008 1458
1008 1841
1009 1845
1010 1384
1010 1581
1010 1697
1010 1947
1011 1033
1011 1140
1011 1902
1012 1242
1012 1350
1012 1491
1012 1764
1012 1789
1012 1949
1013 1036
1014 1992
1015 1206
1015 1439
1015 1648
1016 1355
1016 1434
1016 1482
1017 1281
1017 1309
1017 1395
1017 1503
1018 1038
1018 1044
1018 1490
1020 1212
1020 1371
1020 1393
1021 1170
1021 1252
1021 1545
1021 1736
1022 1296
1022 1435
1022 1463
1022 1962
1023 1909
1023 1939
1024 1529
1024 1590
1026 1247
1026 1527
1026 1661
1027 1583
1027 1943
1028 1268
1028 1487
1029 1125
1029 1318
1029 1413
1029 1846
1030 1498
1030 1635
1031 1113
1031 1163
1031 1253
1032 1808
1032 1826
1032 1939
1033 1115
1033 1613
1034 1408
1035 1553
1036 1080
1036 1443
1036 1462
1036 1588
1037 1461
1037 1893
1038 1097
1038 1285
1038 1406
1038 1434
1038 1703
1038 1928
1039 1052
1039 1358
1039 1925
1040 1121
1040 1238
1040 1542
1040 1621
1041 1051
1041 1160
1041 1299
1041 1409
1041 1545
1041 1616
1042 1048
1042 1149
1042 1799
1042 1812
1042 1916
1043 1864
1043 1871
1043 1933
1044 1281
1044 1470
1044 1581
1044 1821
1044 1962
1045 1380
1045 1601
1045 1710
1046 1104
1046 1863
1046 1869
1047 1066
1047 1251
1047 1284
1047 1846
1047 1936
1048 1408
1048 1697
1048 1761
1048 1997
1049 1174
1049 1397
1049 1957
1050 1189
1050 1782
1051 1269
1051 1387
1052 1120
1052 1661
1052 1697
1052 1855
1053 1642
1053 1816
1054 1828
1055 1602
1055 1951
1056 1340
1056 1420
1056 1607
1056 1666
1057 1373
1057 1546
1058 1091
1058 1433
1058 1492
1059 1079
1059 1118
1059 1195
1059 1391
1059 1455
1060 1267
1060 1407
1060 1492
1060 1662
1061 1205
1061 1396
1061 1908
1062 1729
1063 1145
1063 1923
1064 1205
1064 1391
1064 1736
1064 1905
1065 1205
1065 1557
1066 1154
1066 1371
1067 1488
1067 1505
1067 1629
1068 1568
1069 1348
1069 1454
1069 1578
1070 1110
1070 1140
1070 1250
1070 1324
1070 1662
1071 1410
1071 1485
1071 1597
1071 1860
1072 1231
1073 1123
1073 1258
1073 1535
1073 1567
1073 1903
1074 1648
1074 1712
1074 1752
1074 1795
1074 1856
1075 1147
1075 1297
1075 1426
1075 1486
1075 1520
1075 1793
1076 1126
1076 1438
1076 1462
1076 1720
1076 1792
1077 1295
1077 1585
1077 1776
1077 1874
1077 1911
1078 1207
1078 1251
1078 1528
1078 1849
1079 1330
1079 1413
1079 1906
1080 1090
1080 1143
1080 1296
1080 1387
1081 1735
1082 1366
1082 1528
1082 1595
1082 1737
1083 1332
1083 1416
1083 1549
1083 1656
1083 1745
1083 1772
1083 1786
1084 1508
1085 1371
1086 1507
1086 1530
1086 1594
1087 1906
1088 1107
1088 1249
1089 1496
1089 1704
1090 1513
1090 1541
1090 1638
1091 1698
1092 1120
1092 1149
1092 1601
1092 1631
1092 1989
1093 1282
1093 1689
1093 1711
1093 1835
1094 1610
1094 1713
1094 1833
1095 1248
1095 1520
1095 1680
1095 1746
1095 1881
1096 1204
1096 1752
1097 1205
1097 1209
1098 1547
1098 1673
1099 1293
1099 1609
1100 1629
1100 1688
1100 1894
1100 1933
1101 1460
1101 1478
1101 1567
1102 1209
1103 1147
1103 1324
1104 1131
1104 1144
1104 1247
1104 1560
1104 1978
1105 1747
1106 1824
1106 1939
1107 1422
1107 1571
1107 1772
1107 1882
1108 1767
1108 1789
1109 1402
1109 1497
1109 1598
1109 1935
1109 1998
1110 1332
1110 1393
1110 1646
1110 1710
1110 1850
1111 1215
1111 1459
1111 1532
1112 1133
1112 1193
1112 1232
1112 1730
1113 1288
1113 1896
1114 1265
1114 1669
1115 1310
1115 1442
1115 1602
1115 1747
1116 1550
1116 1621
1116 1859
1116 1945
1116 1971
1117 1232
1117 1278
1117 1338
1117 1409
1117 1547
1117 1715
1117 1772
1118 1469
1119 1594
1120 1553
1120 1581
1120 1987
1121 1339
1122 1287
1122 1397
1123 1286
1123 1461
1123 1735
1123 1808
1123 1838
1123 1949
1124 1417
1124 1580
1125 1268
1125 1369
1125 1841
1126 1287
1126 1315
1126 1518
1126 1680
1126 1758
1128 1313
1128 1344
1128 1445
1128 1869
1128 1958
1128 1982
1129 1303
1129 1533
1129 1792
1130 1605
1130 1930
1131 1267
1132 1381
1132 1383
1133 1399
1133 1439
1133 1788
1134 1429
1134 1533
1134 1575
1134 1702
1134 1918
1134 1931
1135 1206
1135 1243
1135 1665
1136 1187
1136 1266
1136 1276
1136 1315
1136 1349
1136 1365
1137 1472
1138 1269
1138 1614
1138 1785
1138 1957
1138 1995
1139 1278
1139 1698
1141 1428
1141 1587
1142 1450
1142 1799
1142 1859
1142 1959
1143 1232
1143 1617
1143 1649
1143 1656
1144 1154
1144 1290
1144 1379
1144 1449
1144 1771
1144 1876
1145 1552
1145 1917
1146 1198
1146 1258
1146 1769
1147 1215
1147 1527
1147 1664
1148 1755
1149 1172
1149 1392
1149 1535
1149 1809
1149 1849
1150 1567
1150 1578
1150 1910
1151 1583
1151 1890
1151 1973
1151 1995
1152 1743
1153 1174
1153 1256
1153 1329
1153 1580
1154 1643
1154 1770
1154 1857
1155 1510
1155 1539
1155 1565
1155 1728
1156 1191
1156 1343
1156 1901
1157 1719
1157 1943
1158 1517
1158 1589
1158 1735
1158 1817
1159 1346
1159 1445
1159 1521
1160 1562
1160 1897
1161 1618
1161 1698
1161 1742
1161 1931
1162 1287
1162 1434
1162 1826
1162 1841
1163 1690
1163 1844
1164 1568
1165 1202
1165 1565
1165 1590
1165 1789
1165 1929
1166 1596
1166 1676
1166 1900
1168 1206
1168 1443
1168 1590
1169 1592
1170 1719
1170 1992
1171 1187
1171 1491
1171 1520
1171 1545
1171 1631
1171 1655
1172 1212
1172 1218
1172 1928
1173 1359
1173 1512
1173 1812
1174 1736
1174 1871
1174 1937
1175 1370
1176 1352
1176 1527
1176 1860
1176 1949
1177 1480
1177 1584
1177 1708
1177 1985
1178 1313
1178 1314
1178 1337
1179 1212
1179 1451
1179 1459
1179 1561
1179 1855
1179 1940
1180 1349
1180 1404
1180 1566
1181 1696
1182 1274
1182 1323
1182 1366
1182 1388
1182 1630
1183 1629
1183 1658
1183 1804
1183 1830
1184 1261
1184 1551
1185 1924
1185 1970
1186 1253
1186 1302
1186 1810
1188 1261
1188 1404
1188 1437
1188 1642
1188 1724
1188 1944
1189 1811
1190 1231
1190 1882
1190 1962
1191 1280
1191 1899
1191 1918
1191 1922
1192 1377
1192 1801
1192 1977
1193 1202
1193 1341
1193 1990
1195 1300
1195 1532
1195 1579
1195 1951
1196 1300
1197 1401
1198 1478
1198 1922
1199 1671
1200 1254
1200 1688
1201 1245
1201 1258
1201 1496
1201 1531
1201 1819
1202 1315
1202 1971
1203 1666
1203 1696
1203 1739
1203 1860
1203 1873
1203 1910
1204 1954
1205 1982
1206 1484
1206 1520
1206 1545
1206 1614
1207 1480
1208 1375
1208 1439
1208 1882
1209 1763
1210 1545
1211 1378
1211 1597
1212 1367
1213 1411
1213 1659
1213 1705
1213 1775
1214 1454
1214 1840
1215 1668
1216 1603
1216 1729
1217 1229
1217 1439
1217 1738
1217 1804
1218 1279
1218 1791
1219 1240
1220 1759
1220 1776
1221 1622
1221 1628
1221 1654
1222 1232
1222 1421
1223 1961
1224 1413
1224 1433
1225 1759
1226 1372
1226 1761
1227 1551
1228 1248
1228 1404
1228 1520
1228 1560
1228 1597
1229 1243
1229 1839
1230 1962
1231 1865
1231 1909
1232 1317
1232 1435
1232 1728
1232 1826
1233 1270
1233 1901
1234 1567
1235 1298
1235 1305
1235 1336
1235 1523
1235 1793
1235 1904
1236 1516
1236 1573
1236 1626
1237 1410
1238 1543
1239 1912
1239 1940
1240 1373
1240 1466
1240 1711
1240 1745
1240 1918
1241 1714
1241 1879
1242 1500
1242 1693
1242 1727
1243 1674
1243 1686
1243 1731
1243 1759
1244 1708
1245 1387
1245 1713
1245 1790
1246 1341
1246 1388
1246 1413
1247 1851
1247 1867
1247 1959
1247 1981
1248 1266
1248 1606
1249 1986
1250 1639
1250 1755
1251 1890
1252 1257
1252 1996
1253 1512
1253 1535
1254 1379
1254 1586
1254 1958
1255 1537
1256 1721
1256 1737
1256 1992
1257 1529
1257 1716
1257 1738
1259 1307
1259 1626
1260 1715
1260 1759
1260 1949
1261 1324
1261 1892
1262 1380
1262 1484
1262 1975
1262 1986
1263 1500
1263 1539
1263 1950
1264 1337
1264 1597
1265 1625
1266 1513
1266 1961
1267 1302
1267 1568
1267 1700
1268 1366
1268 1640
1268 1674
1268 1804
1270 1716
1270 1798
1270 1853
1271 1311
1271 1526
1271 1640
1271 1787
1272 1400
1272 1898
1273 1358
1273 1461
1274 1605
1275 1614
1275 1622
1275 1667
1275 1854
1276 1365
1276 1587
1276 1604
1276 1795
1277 2000
1278 1888
1278 1955
1279 1348
1279 1627
1279 1991
1280 1512
1280 1593
1280 1896
1281 1300
1281 1676
1281 1911
1281 1984
1282 1390
1282 1682
1282 1831
1283 1498
1283 1642
1283 1757
1283 1850
1283 1892
1283 1936
1285 1390
1285 1743
1286 1298
1286 1442
1287 1483
1287 1514
1287 1562
1287 1760
1288 1453
1288 1957
1289 1941
1290 1503
1290 1810
1290 1873
1291 1710
1291 1739
1292 1926
1293 1951
1294 1473
1294 1606
1294 1914
1294 1974
1295 1329
1295 1672
1295 1799
1297 1760
1297 1947
1298 1719
1299 1550
1299 1867
1300 1626
1300 1779
1300 1800
1301 1312
1301 1357
1301 1476
1301 1487
1302 1621
1302 1648
1304 1562
1304 1719
1305 1656
1305 1845
1305 1954
1306 1492
1306 1752
1307 1917
1308 1557
1308 1636
1308 1687
1308 1855
1309 1714
1309 1969
1310 1341
1310 1432
1310 1501
1310 1517
1310 1622
1310 1693
1311 1644
1311 1680
1311 1734
1312 1540
1312 1565
1312 1717
1313 1846
1314 1575
1315 1370
1315 1870
1316 1959
1317 1435
1317 1821
1318 1707
1318 1857
1319 1593
1319 1659
1320 1632
1320 1751
1321 1608
1321 1808
1321 1947
1322 1506
1322 1972
1323 1576
1323 1881
1323 1889
1323 1928
1323 1977
1324 1644
1324 1804
1324 1834
1325 1795
1326 1672
1326 1692
1326 1975
1327 1867
1329 1367
1329 1378
1329 1616
1329 1997
1330 1606
1330 1841
1331 1335
1331 1669
1332 1354
1332 1610
1332 1685
1333 1444
1333 1720
1333 1982
1334 1344
1334 1549
1334 1560
1335 1585
1336 1403
1336 1604
1336 1903
1336 1936
1337 1423
1337 1596
1337 1661
1337 1674
1337 1746
1337 1966
1337 1979
1338 1623
1338 1946
1338 1954
1339 1689
1339 1768
1340 1416
1340 1926
1340 1938
1341 1613
1341 1712
1342 1374
1342 1399
1342 1576
1343 1400
1343 1773
1343 1940
1344 1398
1344 1594
1344 1684
1345 1452
1345 1630
1345 1688
1345 1841
1346 1583
1346 1656
1346 1841
1347 1519
1347 1780
1348 1480
1348 1655
1348 1780
1349 1743
1349 1834
1349 1984
1350 1541
1350 1689
1351 1582
1352 1388
1352 1901
1353 1494
1353 1587
1353 1642
1353 1899
1354 1909
1356 1548
1356 1958
1357 1743
1357 1750
1358 1666
1359 1406
1359 1522
1359 1553
1359 1583
1359 1584
1359 1781
1359 1908
1360 1537
1360 1753
1362 1585
1362 1827
1363 1590
1363 1624
1365 1596
1366 1622
1368 1651
1368 1813
1368 1939
1369 1697
1370 1704
1370 1744
1370 1810
1370 1871
1373 1603
1373 1744
1373 1752
1373 1756
1373 1831
1373 1951
1374 1433
1374 1462
1374 1550
1374 1584
1374 1623
1375 1490
1375 1529
1375 1567
1376 1752
1376 1824
1376 1826
1377 1472
1377 1932
1378 1516
1378 1682
1379 1652
1379 1798
1380 1402
1380 1539
1380 1617
1380 1790
1380 1828
1382 1609
1382 1778
1383 1510
1384 1596
1385 1483
1385 1723
1385 1888
1386 1795
1386 1945
1386 1949
1388 1675
1388 1836
1388 1840
1389 1653
1389 1665
1390 1391
1390 1767
1391 1557
1393 1416
1394 1401
1394 1726
1394 1968
1395 1971
1395 1980
1396 1661
1397 1540
1397 1549
1397 1782
1397 1805
1398 1451
1398 1516
1399 1463
1399 1530
1399 1782
1400 1988
1401 1411
1402 1563
1402 1661
1403 1606
1403 1790
1404 1447
1404 1575
1404 1681
1404 1684
1404 1769
1405 1616
1406 1715
1406 1768
1406 1789
1407 1968
1408 1627
1408 1735
1408 1976
1408 1988
1409 1701
1409 1927
1410 1785
1411 1511
1412 1707
1413 1946
1414 1554
1415 1752
1417 1435
1420 1864
1421 1466
1421 1973
1422 1712
1423 1923
1423 1926
1424 1730
1424 1967
1425 1434
1426 1439
1426 1493
1426 1620
1427 1851
1428 1469
1428 1541
1428 1549
1428 1559
1429 1437
1429 1439
1430 1505
1430 1633
1430 1986
1431 1772
1431 1838
1431 1977
1432 1645
1432 1954
1432 1996
1433 1855
1436 1659
1436 1954
1438 1472
1438 1995
1440 1923
1441 1590
1442 1788
1443 1690
1443 1793
1443 1882
1443 1984
1444 1915
1445 1473
1446 1465
1446 1573
1446 1677
1446 1919
1447 1786
1447 1857
1448 1621
1449 1506
1449 1571
1449 1892
1450 1825
1450 1975
1451 1467
1451 1894
1452 1630
1452 1800
1452 1880
1453 1474
1453 1805
1454 1733
1455 1780
1456 1897
1457 1488
1457 1873
1458 1806
1458 1846
1459 1603
1459 1929
1461 1511
1461 1861
1462 1863
1463 1562
1465 1658
1465 1731
1465 1794
1466 1664
1467 1716
1467 1781
1468 1472
1468 1540
1468 1589
1469 1598
1469 1847
1469 1947
1470 1852
1471 1499
1472 1657
1472 1834
1472 1965
1472 1996
1473 1846
1473 1891
1474 1689
1475 1982
1475 1990
1476 1662
1476 1769
1477 1539
1478 1681
1478 1811
1478 1957
1479 1776
1479 1819
1480 1713
1481 1758
1482 1664
1482 1825
1482 1876
1482 1897
1483 1529
1483 1680
1483 1735
1484 1518
1484 1549
1484 1625
1485 1548
1487 1715
1489 1701
1489 1760
1489 1786
1491 1732
1492 1716
1492 1917
1493 1609
1493 1616
1494 1627
1494 1734
1495 1598
1496 1535
1496 1994
1497 1504
1497 1857
1498 1575
1498 1743
1498 1819
1498 1848
1499 1571
1499 1665
1499 1803
1500 1805
1500 1816
1500 1956
1500 1959
1500 1993
1501 1551
1501 1739
1501 1940
1502 1694
1502 1866
1503 1956
1503 1981
1504 1563
1504 1594
1504 1735
1506 1802
1506 1874
1507 1616
1508 1556
1508 1593
1508 1633
1508 1675
1508 1738
1510 1764
1510 1813
1511 1594
1511 1720
1511 1724
1511 1902
1512 1654
1514 1594
1515 1673
1515 1798
1515 1938
1516 1625
1516 1657
1516 1664
1516 1998
1517 1968
1517 1995
1518 1528
1518 1545
1518 1817
1518 1944
1519 1715
1519 1807
1520 1593
1520 1832
1521 1610
1521 1673
1521 1736
1522 1560
1525 1639
1526 1637
1526 1968
1527 1927
1528 1552
1529 1557
1529 1853
1530 1574
1531 1867
1532 1548
1532 1641
1533 1608
1534 1549
1534 1670
1535 1539
1535 1550
1535 1750
1535 1765
1535 1854
1537 1893
1537 1985
1538 1624
1539 1977
1540 1852
1540 1866
1541 1597
1544 1602
1544 1890
1544 1901
1546 1615
1546 1886
1547 1821
1548 1646
1549 1923
1550 1902
1551 1885
1552 1961
1554 1868
1554 1902
1554 1999
1556 1807
1557 1685
1557 1923
1558 1650
1559 1863
1560 1678
1560 1686
1560 1753
1561 1579
1561 1711
1562 1642
1565 1572
1565 1823
1565 1825
1565 1868
1567 1854
1568 1910
1568 1998
1569 1802
1570 1610
1570 1720
1571 1572
1571 1690
1571 1691
1571 1829
1572 1856
1573 1674
1573 1731
1573 1942
1574 1599
1574 1703
1575 1709
1575 1875
1575 1974
1576 1883
1576 1947
1577 1625
1577 1822
1577 1901
1577 1963
1579 1598
1580 1627
1582 1887
1584 1748
1584 1760
1585 1817
1586 1818
1587 1596
1587 1662
1588 1694
1589 1663
1589 1870
1590 1896
1590 1931
1591 1658
1592 1995
1593 1666
1593 1783
1594 1689
1595 1822
1595 1886
1595 1981
1596 1598
1598 1649
1599 1807
1599 1836
1602 1831
1604 1908
1604 1997
1608 1743
1610 1756
1610 1807
1610 1942
1612 1747
1612 1936
1613 1701
1614 1788
1615 1729
1615 1865
1618 1783
1618 1845
1620 1807
1620 1976
1621 1845
1621 1847
1623 1948
1625 1667
1625 1672
1625 1829
1626 1768
1627 1873
1629 1697
1629 1876
1629 1942
1631 1805
1631 1835
1632 1705
1632 1711
1632 1803
1633 1856
1634 1952
1636 1978
1637 1821
1637 1981
1638 1764
1639 1654
1641 1987
1645 1793
1646 1982
1647 1812
1647 1968
1649 1741
1649 1806
1651 1766
1652 1845
1653 1778
1655 1714
1655 1750
1661 1977
1662 1728
1662 1847
1664 1809
1665 1817
1666 1667
1666 1741
1666 1763
1667 1767
1668 1981
1669 1895
1670 1928
1671 1770
1671 1879
1671 1897
1671 1974
1672 1943
1673 1814
1673 1878
1673 1966
1674 1741
1675 1732
1675 1746
1675 1777
1675 1990
1676 1833
1676 1865
1677 1930
1679 1897
1680 1991
1683 1691
1683 1784
1683 1886
1684 1685
1684 1729
1685 1747
1685 1808
1685 1839
1686 1869
1687 1936
1688 1760
1689 1997
1690 1790
1692 1958
1693 1884
1694 1834
1695 1748
1696 1864
1697 1790
1697 1795
1698 1829
1699 1957
1699 1995
1703 1810
1703 1919
1703 1999
1704 1936
1706 1725
1706 1811
1707 1975
1708 1776
1708 1852
1708 1866
1712 1888
1712 1957
1713 1912
1717 1897
1717 1982
1719 1842
1719 1851
1719 1852
1720 1797
1722 1892
1722 1943
1723 1984
1725 1787
1725 1995
1727 1978
1731 1964
1733 1748
1734 1781
1734 1789
1735 1936
1736 1768
1739 1896
1739 1939
1742 1767
1743 1905
1745 1954
1746 1948
1746 1983
1747 1988
1753 1782
1758 1781
1760 1930
1760 1978
1761 1996
1763 1911
1763 1968
1766 1767
1766 1933
1767 1812
1769 1794
1773 1979
1774 1911
1775 1919
1776 1784
1777 1970
1780 1858
1782 1918
1785 1822
1785 1961
1786 1925
1788 1993
1789 1855
1797 1865
1797 1926
1798 1872
1800 1827
1801 1915
1802 1849
1803 1816
1805 2000
1806 1825
1806 1863
1807 1987
1808 1836
1808 1858
1809 1969
1812 1933
1815 1931
1816 1882
1817 1847
1820 1952
1821 1961
1823 1836
1824 1903
1825 1829
1828 1931
1828 1932
1828 1958
1830 1910
1834 1964
1836 1861
1838 1974
1840 1892
1841 1924
1841 1977
1842 1910
1845 1899
1845 1978
1847 1991
1851 1977
1852 1942
1852 1975
1853 1937
1853 1939
1858 1956
1860 1882
1860 1891
1863 1974
1865 1923
1865 1985
1870 1928
1871 1989
1873 1980
1874 1888
1876 1998
1878 1979
1880 1980
1882 1907
1884 1961
1887 1898
1889 1894
1902 1985
1904 1944
1904 1970
1905 1935
1909 1990
1912 1989
1916 1996
1919 1935
1920 1997
1922 1998
1931 1970
1935 1966
1940 1986
1944 1966
1947 1965
1957 1987
1965 1991
1977 1993
