2000
1 28
1 1464
2 745
2 862
2 1406
3 439
3 885
3 1372
3 1694
4 355
4 750
4 1206
4 1235
4 1597
5 1015
5 1217
5 1285
5 1790
6 239
6 893
7 201
7 379
7 1006
7 1231
7 1255
7 1285
8 676
8 1140
8 1683
9 1256
9 1621
10 92
10 640
10 1703
10 1745
11 1581
11 1729
12 1239
13 444
13 719
13 1907
14 696
14 762
14 852
14 969
14 1191
14 1753
15 297
15 801
16 494
16 1771
16 1992
17 213
17 659
18 412
18 802
19 444
19 465
19 1078
20 330
20 460
20 524
20 719
20 935
20 1516
20 1537
22 373
22 480
22 1182
22 1323
23 314
23 728
23 1175
23 1358
23 1817
23 1935
24 363
24 677
25 77
25 109
25 615
25 1901
26 480
26 529
26 634
26 980
27 438
27 1195
27 1986
28 936
28 1208
28 1329
29 1042
29 1069
29 1155
30 461
30 1673
31 262
31 1210
31 1766
31 1847
32 433
32 957
32 1777
33 93
33 197
33 1301
33 1958
33 1967
34 450
34 493
35 1479
36 347
36 620
37 100
37 1230
37 1776
38 425
38 1223
38 1717
39 524
39 881
39 1346
40 700
40 1711
41 803
41 1630
42 334
42 994
42 1875
42 1876
44 612
44 843
44 1520
45 159
45 755
45 887
45 968
45 1925
46 1485
47 99
47 223
47 267
47 838
48 103
48 143
48 1306
48 1686
48 1784
49 967
50 739
50 1070
50 1193
50 1408
50 1903
51 738
51 1134
51 1615
51 1823
52 276
52 1409
53 155
53 447
53 1086
53 1635
53 1747
54 525
54 1698
54 1834
54 1848
55 101
55 1547
55 1733
56 1277
56 1669
56 1785
57 735
57 889
57 1180
58 713
58 1723
59 216
59 867
59 1045
59 1495
60 828
60 835
60 1553
61 154
61 550
61 607
62 637
62 896
62 1115
63 490
63 907
63 1244
63 1547
64 242
64 567
64 1057
64 1225
64 1399
64 1422
66 1446
66 1633
66 1671
66 1674
67 563
67 1094
68 680
68 1247
69 1001
69 1977
70 228
70 1581
70 1592
71 1497
72 335
72 757
72 863
72 1499
72 1909
73 1716
74 846
76 714
76 1266
76 1618
77 160
77 213
77 886
77 1166
77 1813
78 173
79 862
80 838
81 723
81 795
81 1421
82 417
83 480
83 551
83 1363
83 1838
84 251
84 392
84 889
85 736
86 908
86 1062
87 1818
88 1084
89 229
90 1125
90 1283
90 1309
90 1974
91 649
91 1547
92 108
92 368
92 372
94 231
94 1746
94 1834
95 1155
95 1354
95 1465
96 310
96 910
96 1141
96 1885
97 170
97 332
97 334
97 1338
97 1477
98 1703
99 826
99 836
99 972
99 1851
100 306
100 602
100 606
100 872
100 882
100 1106
101 900
101 1124
102 751
102 1411
103 515
103 529
103 625
103 1062
103 1210
103 1393
103 1846
104 1280
105 141
105 606
105 1865
105 1874
106 698
106 771
106 1826
107 1809
108 237
108 466
108 514
108 550
108 571
108 1719
109 230
109 1767
110 201
110 1057
111 650
111 1013
112 430
112 1261
113 501
113 595
113 1147
113 1249
114 266
114 559
114 748
114 914
115 708
115 1788
115 1861
116 1471
117 382
117 798
117 1327
117 1440
118 304
119 691
119 1104
119 1417
119 1676
120 1494
120 1978
121 471
121 995
121 1661
122 485
122 490
122 831
122 1128
122 1356
123 695
123 1144
123 1929
123 1973
124 723
124 1602
124 1614
124 1716
124 1772
124 1804
125 278
126 659
126 1601
127 168
127 636
127 779
127 1688
128 1929
129 580
129 621
129 1016
130 364
130 609
130 1991
131 470
131 634
131 733
131 1686
131 1740
132 967
132 1320
132 1609
133 320
133 1253
133 1771
134 337
134 391
134 532
134 588
134 1410
135 1807
136 1003
136 1712
136 1740
136 1750
137 215
137 604
137 780
137 1373
137 1381
137 1447
137 1558
138 342
138 558
138 1002
138 1064
138 1547
138 1723
138 1823
138 1888
139 181
139 316
139 404
139 1354
140 1037
140 1870
141 264
141 370
141 371
141 398
141 943
142 858
142 1093
143 879
143 1089
144 727
144 728
144 1256
144 1794
144 1991
145 727
145 788
145 929
145 934
146 389
146 435
146 502
146 623
147 537
147 978
147 1019
147 1474
147 1673
147 1911
148 663
148 1195
148 1385
148 1697
148 1709
149 213
149 856
149 1138
149 1588
149 1780
150 230
150 705
150 1688
151 525
151 584
151 1161
152 958
153 472
153 1115
153 1564
153 1594
154 748
154 929
154 1339
155 472
155 554
155 802
155 929
155 1038
155 1455
156 666
157 236
157 1193
157 1749
158 1045
158 1606
159 1806
160 1070
160 1257
160 1486
160 1837
160 1962
161 575
161 915
161 1026
161 1081
161 1145
161 1357
161 1927
162 1258
162 1288
163 957
163 1102
164 281
164 463
164 579
164 1150
165 440
165 767
165 1816
166 769
166 1429
167 178
167 326
167 550
167 1949
167 1973
168 391
168 1789
169 440
169 1393
170 724
170 1359
170 1873
171 291
171 1183
171 1681
172 427
172 1254
172 1381
173 290
173 914
174 473
175 597
175 735
175 1633
175 1907
176 535
176 1260
177 1028
177 1998
178 272
178 1051
179 281
179 516
179 547
179 1332
179 1401
179 1488
180 361
180 432
180 1174
180 1380
181 716
181 944
181 1426
182 221
182 1091
183 915
185 1085
185 1233
186 1046
186 1204
187 454
187 914
187 1478
187 1959
187 1991
188 675
188 749
188 1925
189 1111
189 1672
189 1816
189 1824
190 362
190 598
190 617
190 847
190 984
190 1226
190 1518
190 1590
191 684
191 1893
192 205
192 471
192 1585
192 1608
193 246
193 1806
194 489
194 952
194 1246
194 1269
195 668
195 1041
195 1072
195 1091
195 1226
196 393
196 506
196 675
196 738
196 847
196 1475
196 1759
196 1887
197 620
197 1791
198 831
198 849
200 215
202 218
202 770
202 1632
203 311
203 346
203 756
203 1638
204 666
205 1241
205 1822
206 820
207 1760
207 1781
208 320
208 613
208 823
208 1491
208 1494
208 1546
209 1967
210 382
210 773
210 1515
210 1694
211 270
211 741
211 1184
211 1893
212 345
212 908
212 1020
212 1403
213 342
213 600
213 1324
213 1896
214 1540
214 1596
214 1726
215 404
215 549
215 1498
216 650
216 1102
216 1204
216 1255
217 510
217 1491
217 1839
217 1981
217 1999
218 890
218 1987
219 261
219 464
220 1173
221 320
221 765
221 1018
221 1732
222 770
223 867
223 1209
223 1314
223 1838
223 1928
224 296
224 688
224 1670
225 280
225 386
225 1110
225 1222
225 1268
225 1641
226 507
226 913
227 252
227 455
227 1042
227 1451
227 1750
227 1852
228 490
228 1048
228 1641
228 1923
230 614
230 1117
230 1185
232 366
235 248
235 893
235 1234
236 833
236 1119
236 1690
236 1941
237 1197
238 538
238 863
238 1253
239 444
239 629
240 366
240 372
240 1454
240 1531
240 1762
241 1225
241 1695
241 1858
241 1945
242 1158
243 1002
243 1557
244 1693
245 761
245 951
245 1454
245 1543
246 529
246 601
246 742
246 809
246 1061
247 1677
248 1407
248 1911
249 1045
249 1205
249 1207
249 1245
249 1451
250 1221
250 1537
250 1885
250 1977
251 318
251 748
252 857
252 891
255 826
255 850
255 943
255 1147
255 1336
255 1719
255 1945
256 273
256 622
256 1189
257 1064
257 1594
258 962
258 1668
259 1237
259 1768
260 987
260 1608
261 361
261 1406
262 292
262 320
262 434
263 578
263 903
263 1727
264 942
264 1905
264 1913
265 357
265 1463
265 1668
266 687
266 813
266 1938
267 1718
268 531
268 1435
268 1649
269 1705
269 1877
270 1938
271 533
271 1901
272 408
273 822
273 1279
273 1551
274 307
274 1200
275 380
275 1508
276 1722
277 282
277 713
277 955
277 1281
277 1534
277 1751
278 627
278 653
278 1204
278 1350
278 1373
278 1965
279 1519
280 1164
280 1218
281 285
281 1056
281 1347
282 1594
283 476
283 565
283 827
284 726
285 614
285 995
285 1929
286 635
286 731
286 1874
287 381
287 910
288 1036
288 1924
289 1919
290 306
290 1017
290 1359
290 1478
290 1795
290 1863
291 690
292 463
292 1957
294 1223
294 1431
294 1696
294 1780
294 1852
295 654
295 1689
296 1251
297 1967
298 972
298 1240
298 1468
299 403
299 615
299 682
299 1090
299 1138
299 1253
299 1714
300 327
300 552
301 466
301 735
303 1060
304 403
304 1594
304 1639
304 1692
304 1710
304 1853
305 669
305 868
306 1288
306 1321
306 1535
306 1806
307 1782
307 1892
308 402
308 1413
308 1768
309 990
309 1146
309 1603
310 687
310 829
310 1067
311 636
311 1186
311 1746
311 1810
312 1023
312 1096
313 543
313 1646
314 987
315 487
315 649
315 850
315 932
315 1195
315 1386
316 1246
317 1057
317 1314
317 1451
317 1664
318 321
318 678
319 389
319 950
319 974
320 870
320 954
320 1156
321 659
321 1678
321 1848
322 621
322 954
322 1516
322 1529
323 406
323 441
323 1194
323 1942
324 358
324 633
324 776
324 1311
324 1617
324 1735
325 1635
325 1875
326 688
326 1051
326 1894
327 714
327 1279
328 439
328 980
329 785
329 1233
329 1775
330 548
330 1304
330 1581
331 591
331 867
331 869
331 1105
331 1126
331 1808
332 363
332 631
332 1376
332 1644
332 1844
333 532
333 557
334 525
334 1303
334 1552
335 1641
335 1845
335 1949
336 597
336 973
337 705
337 750
337 815
337 1402
337 1776
338 1445
338 1885
339 1117
339 1744
340 697
340 875
340 1208
340 1906
340 1913
341 446
341 766
341 891
341 1653
341 1657
343 663
343 689
343 740
343 792
343 849
343 1474
344 471
344 1289
344 1525
345 473
345 899
346 710
346 942
346 1353
346 1986
347 872
347 988
347 1098
347 1915
349 513
350 545
350 1996
351 1855
352 385
352 1106
352 1175
352 1500
352 1821
353 841
353 1785
354 410
354 1737
355 1947
356 1094
356 1550
356 1926
357 1427
357 1513
357 1953
358 1007
358 1015
358 1140
358 1201
358 1388
358 1744
359 505
359 661
359 1230
359 1670
359 1832
359 1854
360 442
360 833
360 1447
360 1580
360 1798
361 757
361 1340
361 1518
362 625
362 798
362 1412
363 846
364 1732
365 451
366 854
366 1519
367 716
367 1131
367 1910
368 808
368 974
368 1695
368 1780
369 1754
370 549
370 1301
370 1350
370 1421
371 976
371 1150
371 1639
372 395
372 1020
372 1145
373 397
373 801
373 1598
374 451
374 522
374 592
374 1749
375 680
375 875
375 1172
375 1274
375 1534
376 519
376 858
376 1080
376 1117
376 1404
377 441
377 553
378 827
378 987
378 1092
378 1239
378 1491
379 929
379 1853
380 1053
380 1063
380 1341
380 1550
381 472
381 946
381 1003
381 1948
382 1373
382 1839
383 735
383 1256
383 1283
384 653
384 799
384 1115
384 1272
384 1419
384 1441
385 1094
385 1730
386 998
386 1098
387 1561
388 790
389 616
389 1848
390 1594
391 392
391 438
391 848
391 1328
392 637
392 929
392 1578
393 1362
393 1712
394 703
394 1252
394 1881
395 1354
395 1912
396 410
396 1557
396 1787
397 709
397 1247
397 1267
397 1792
398 508
398 1106
398 1659
398 1740
398 1812
399 782
399 804
399 879
399 1113
400 433
400 1771
400 1838
401 1437
402 1384
402 1602
402 1778
403 410
403 702
403 1193
403 1495
404 543
404 803
404 891
404 1278
404 1574
405 878
405 994
405 1414
405 1430
406 1142
407 1597
408 1121
408 1414
408 1730
409 566
409 1129
410 1072
410 1363
412 1297
413 1280
413 1582
414 840
414 929
414 1485
414 1562
415 521
416 582
416 737
416 814
416 1515
416 1563
416 1809
416 1895
417 868
417 992
417 1192
418 786
418 1363
418 1778
419 799
419 1659
420 911
420 1145
421 573
421 585
422 900
422 998
423 932
423 1247
423 1608
424 914
424 1147
424 1949
425 972
425 1637
425 1707
426 500
426 959
426 1737
427 1795
428 773
428 1149
428 1215
428 1559
429 644
429 1169
430 586
430 1086
430 1265
430 1307
430 1309
430 1866
431 1024
431 1743
432 719
432 1313
433 1050
433 1967
434 774
434 950
434 987
434 1084
435 1687
436 1452
436 1610
436 1642
437 930
437 1075
438 588
438 1864
439 1034
439 1195
440 451
440 578
440 1494
441 635
441 862
441 1316
442 755
442 966
442 1026
442 1623
442 1828
442 1952
443 1260
443 1402
443 1438
446 746
446 806
446 815
446 1405
446 1410
446 1591
446 1833
447 739
447 1740
448 1027
448 1699
448 1949
448 1954
449 536
449 1458
450 1305
450 1586
451 475
451 1316
451 1356
451 1371
452 1727
453 882
454 627
454 692
454 729
454 1061
454 1418
455 1432
455 1907
456 1075
456 1608
456 1650
456 1889
456 1908
458 744
458 1007
458 1165
458 1552
458 1862
459 833
459 838
459 875
459 1638
460 474
460 1442
460 1653
461 1976
462 1097
462 1454
462 1725
463 1063
463 1088
463 1347
464 1340
464 1429
464 1648
465 793
465 1128
465 1159
465 1904
466 733
466 1597
467 692
467 1037
468 527
468 947
468 1048
468 1837
469 540
470 1778
471 527
471 830
471 1169
471 1301
472 595
472 784
473 517
473 906
473 959
473 1450
473 1687
474 650
474 1738
474 1839
476 540
476 911
477 725
477 987
477 1862
478 1700
478 1939
478 1967
478 1979
480 494
480 988
480 1133
480 1388
480 1667
480 1713
481 1443
481 1550
482 1139
482 1582
482 1615
482 1736
482 1758
483 1176
483 1584
484 1949
484 1951
485 1037
485 1650
485 1717
485 1979
486 1420
486 1880
487 634
487 1614
488 868
488 920
489 782
489 986
489 1079
489 1596
489 1602
489 1781
490 742
490 987
490 1494
490 1874
491 531
492 548
492 1208
492 1240
492 1460
492 1675
493 1105
493 1568
494 519
494 1354
495 1154
495 1782
496 771
496 1388
497 936
497 1436
497 1486
498 1437
498 1800
498 1803
499 1245
499 1352
500 829
500 1950
501 1463
501 1540
501 1703
501 1910
502 1814
502 1937
503 1541
504 1414
505 521
505 1076
505 1488
505 1756
506 597
506 738
506 1509
506 1582
507 1492
507 1648
508 789
508 969
508 970
508 1064
508 1237
508 1355
508 1370
509 1251
509 1705
511 634
511 1171
511 1487
514 676
514 1248
515 1780
516 1041
516 1249
517 1112
517 1669
518 565
518 830
518 1972
520 733
520 1303
521 853
521 937
521 1013
521 1148
522 589
522 867
523 1960
523 1978
525 1697
525 1801
525 1841
525 1878
526 1391
526 1684
527 768
527 909
527 1384
527 1431
527 1976
528 808
528 1765
529 570
529 800
529 1221
529 1303
529 1371
530 1060
530 1287
530 1528
530 1587
531 716
531 1506
531 1603
532 1052
532 1128
532 1339
533 757
533 1085
534 971
534 1508
534 1645
534 1723
534 1819
534 1855
535 1805
536 1892
537 724
537 1197
537 1367
538 1792
538 1822
539 904
539 1022
539 1879
540 897
540 1433
542 1518
543 1459
543 1862
544 1618
545 811
546 733
546 770
547 1634
547 1817
548 1841
549 623
549 687
549 922
549 1080
549 1608
550 917
550 1394
550 1582
550 1654
550 1894
551 571
551 1230
552 1249
552 1985
554 779
554 1369
554 1541
556 1247
556 1519
557 1253
558 1688
559 1997
561 1451
562 731
563 779
563 853
563 1216
563 1449
564 1370
564 1941
565 746
565 1435
565 1528
565 1729
566 1309
566 1722
567 685
568 665
568 754
568 1327
568 1527
570 1610
571 613
571 1512
572 1313
575 677
576 748
576 1422
576 1479
576 1615
576 1905
578 1475
578 1803
580 619
580 737
580 1216
580 1947
580 1990
581 1015
581 1187
581 1463
582 857
582 885
582 1258
582 1351
582 1732
583 1641
583 1885
584 1174
585 1448
585 1722
586 666
586 1887
587 700
587 746
588 1046
588 1064
588 1250
588 1308
588 1499
588 1971
589 1226
589 1901
590 609
590 1160
590 1618
590 1629
590 1831
591 1379
591 1892
592 593
592 648
592 961
592 1462
592 1703
593 1423
593 1937
594 798
594 853
594 1990
598 1382
598 1389
598 1865
599 653
599 681
599 1934
600 945
600 1074
600 1469
601 1524
602 905
602 1577
602 1627
603 1095
603 1487
605 1161
605 1348
605 1897
606 1602
607 1984
608 770
608 998
609 690
609 1352
609 1526
610 743
610 1177
610 1383
610 1444
611 646
611 941
611 1426
611 1605
612 928
612 1511
612 1789
615 801
615 1369
616 669
616 942
616 961
616 1073
616 1373
617 1441
620 828
620 837
620 991
621 731
622 776
623 1860
623 1992
624 1450
624 1643
625 745
625 1728
626 1953
627 1042
629 1602
629 1755
630 1487
630 1528
630 1574
630 1832
631 1357
631 1546
631 1639
631 1918
631 1991
632 1130
632 1367
632 1849
635 1213
635 1274
635 1407
636 776
636 1925
637 828
637 1877
638 671
638 761
640 971
640 1029
640 1162
640 1333
640 1667
640 1960
641 1264
641 1407
641 1536
641 1740
642 1034
642 1368
643 1871
643 1969
644 704
644 768
644 1339
644 1563
645 1942
647 908
647 1269
647 1353
647 1929
648 717
648 1280
651 812
651 1179
651 1238
651 1609
652 870
652 1221
652 1581
652 1752
653 1742
655 873
655 887
655 1400
655 1617
655 1822
656 1273
656 1967
657 893
657 987
657 1181
657 1298
658 1610
659 1097
659 1783
660 982
660 1514
661 904
661 1791
662 1158
662 1507
663 821
663 1153
663 1194
663 1221
663 1310
663 1877
664 990
664 1073
664 1100
664 1110
664 1479
664 1941
666 790
666 991
667 1020
667 1113
667 1310
668 1166
669 1162
669 1226
669 1703
670 850
670 1992
671 683
671 1664
671 1670
673 1137
673 1780
673 1969
674 1097
674 1574
675 774
675 1089
675 1162
675 1312
675 1517
675 1853
675 1940
676 797
676 1624
676 1725
676 1735
677 1653
677 1747
679 862
680 1153
681 1060
681 1433
682 719
682 1265
682 1670
683 845
683 893
683 1470
684 762
684 1218
684 1237
684 1594
685 800
685 971
685 1123
685 1251
686 932
686 1147
686 1929
687 1060
687 1815
688 912
688 1091
689 719
689 1639
691 1032
691 1681
692 981
692 1043
693 1143
693 1241
694 719
695 1173
695 1640
696 732
697 1229
697 1405
697 1620
698 1279
698 1453
698 1704
699 762
699 969
700 826
700 832
700 1411
700 1992
701 1110
701 1500
701 1702
702 1723
704 1577
704 1915
705 854
705 1528
706 1337
706 2000
707 857
708 788
708 860
708 1139
709 1108
709 1149
710 759
710 793
710 1302
710 1401
711 1579
712 1232
712 1271
713 1987
714 1643
714 1780
714 2000
715 954
715 1324
715 1697
716 1031
717 759
717 1022
717 1900
718 1416
719 1124
720 723
720 1324
720 1503
720 1953
721 1053
721 1977
722 998
723 1372
724 953
724 1831
726 777
726 889
726 1548
727 957
727 1985
728 930
728 1010
728 1107
728 1460
728 1804
728 1866
729 1572
730 1325
731 764
731 1025
733 1537
733 1684
733 1747
733 1976
734 1333
735 1033
736 1273
736 1572
736 1946
737 877
737 951
737 1314
737 1724
738 1468
738 1612
739 1466
739 1662
739 1801
740 1368
740 1791
741 1323
742 906
742 1204
743 1338
743 1456
743 1587
743 1593
743 1595
744 831
744 1371
746 943
746 1246
746 1765
747 1368
747 1448
747 1586
748 1236
748 1507
750 1175
750 1317
750 1386
750 1720
750 1807
750 1920
752 1602
753 1711
755 1689
756 822
756 1090
756 1314
757 1564
758 916
758 1373
758 1888
759 1026
760 853
760 1170
760 1672
761 1471
762 1233
762 1410
762 1627
762 1987
763 1785
764 1477
764 1598
764 1643
765 768
765 1692
767 1817
767 1967
768 1348
768 1692
769 856
769 1810
770 830
770 1144
770 1231
770 1863
771 1807
772 1479
772 1562
773 1773
773 1788
774 1341
775 1724
776 947
776 1346
777 1042
777 1088
777 1652
778 849
778 880
779 1415
779 1844
780 1214
780 1355
780 1551
780 1606
780 1750
781 1103
782 1202
782 1451
782 1630
782 1998
784 856
784 961
784 1601
784 1920
785 789
785 1256
785 1294
786 1170
786 1834
787 1125
787 1207
787 1469
788 1276
788 1501
788 1511
788 1993
789 879
789 1199
789 1416
789 1724
790 841
790 1052
790 1892
792 1915
794 1519
794 1604
794 1895
794 1912
794 1967
795 809
795 1172
797 963
797 1203
797 1299
797 1997
799 1101
799 1881
800 859
800 1917
801 870
802 1027
803 849
803 935
803 1920
804 1162
806 1471
806 1588
807 1736
807 1973
808 850
808 869
808 1226
808 1937
809 981
809 1973
810 1094
811 1169
811 1425
811 1469
811 1594
812 1910
814 1600
815 1401
815 1632
815 1908
816 908
816 1043
816 1434
816 1960
817 1568
817 1789
817 1859
818 867
818 1122
818 1178
819 1975
819 1985
820 971
820 1370
820 1723
820 1846
821 1321
821 1526
822 1243
822 1317
822 1800
822 1924
823 1118
823 1368
824 1436
824 1859
825 878
826 829
826 1426
826 1519
827 1009
827 1268
827 1509
827 1585
828 956
828 1217
830 964
832 1747
833 1237
833 1604
834 850
834 1105
834 1378
835 1526
837 893
837 1010
837 1093
838 1187
838 1627
839 1010
839 1311
840 891
840 899
840 1866
841 1120
841 1592
843 1700
843 1736
844 1141
844 1816
845 1385
845 1699
846 1210
848 1411
849 1478
850 1573
850 1748
850 1965
851 995
852 1345
852 1555
852 1624
853 1588
854 1255
854 1884
855 885
855 967
855 1747
856 1519
856 1738
857 1004
859 1851
860 987
861 1179
861 1881
862 1227
863 1911
865 1202
866 1472
866 1869
866 1937
866 1954
867 1204
867 1826
868 1434
868 1560
869 1385
869 1666
869 1698
869 1770
870 1871
872 1416
872 1979
874 1084
874 1097
874 1479
874 1536
874 1754
874 1790
874 1936
874 1984
875 1207
875 1231
875 1434
875 1488
875 1851
875 1994
876 1120
879 1011
879 1963
880 1910
881 1057
881 1479
882 1262
883 1532
883 1574
886 1463
887 1189
887 1656
887 1841
889 1226
889 1617
890 1666
890 1913
892 905
892 1508
893 1169
893 1845
894 1386
894 1478
894 1755
894 1849
895 1454
896 1329
897 1094
897 1428
899 1943
899 1961
900 1214
900 1417
901 1056
902 954
902 1184
902 1197
902 1458
902 1475
903 1116
903 1465
905 989
905 1371
906 1344
906 1396
906 1632
907 1061
907 1255
907 1593
907 1670
907 1910
908 1114
909 1416
909 1885
911 989
912 1845
913 1031
914 1267
914 1472
916 1214
916 1384
917 931
917 1547
919 1294
920 1978
922 1056
922 1123
922 1213
922 1488
923 1462
923 1769
923 1812
924 1320
924 1569
924 1694
924 1766
925 1034
925 1341
925 1435
925 1882
926 1106
926 1504
927 1179
928 1580
929 983
929 1400
930 1260
930 1583
930 1588
930 1992
931 1294
931 1357
932 1395
934 1379
935 1054
935 1253
935 1354
935 1498
935 1766
936 1091
937 1384
938 1747
938 1971
939 1651
939 1665
940 959
940 1921
940 1992
941 1811
942 1294
943 1242
943 1368
943 1608
945 964
945 1228
945 1298
945 1418
946 1726
947 1916
948 990
948 1659
948 1758
948 1796
948 1897
949 1169
950 1924
951 1613
952 1355
952 1377
952 1759
954 998
954 1428
955 1107
955 1198
955 1295
956 1063
956 1940
957 1495
958 1280
958 1557
958 1797
958 1915
958 1966
959 1149
959 1252
959 1339
960 1419
961 1048
961 1644
962 1391
963 1027
963 1294
964 1827
964 1918
965 1128
965 1132
965 1143
965 1361
965 1464
965 1661
966 1890
967 1558
969 1338
969 1396
970 1492
970 1927
970 1997
971 1579
972 1179
972 1453
972 1698
972 1823
975 1329
975 1332
975 1353
976 981
977 1244
977 1255
977 1487
977 1759
981 1534
982 1873
982 1976
983 1514
983 1875
983 1936
984 1006
984 1710
985 1934
986 1319
986 1403
986 1529
986 1758
986 1956
988 1061
988 1574
988 1941
989 1838
991 1035
991 1327
991 1606
992 1709
993 1216
993 1767
994 1269
994 1303
994 1977
994 1994
995 1227
995 1243
996 1025
996 1043
997 1257
997 1775
998 1504
998 1526
999 1014
999 1158
999 1897
1000 1460
1001 1204
1001 1439
1001 1494
1001 1720
1004 1940
1004 1948
1005 1397
1005 1594
1006 1197
1006 1213
1006 1874
1007 1176
1007 1260
1007 1405
1007 1657
1007 1806
1007 1855
1009 1372
1009 1385
1009 1556
1009 1758
1009 1912
1010 1808
1010 1852
1011 1265
1012 1721
1013 1733
1014 1738
1015 1591
1015 1843
1016 1083
1016 1892
1016 1988
1018 1817
1018 1847
1019 1284
1020 1480
1020 1950
1021 1408
1021 1998
1022 1782
1023 1213
1024 1152
1024 1797
1024 1956
1025 1814
1026 1317
1026 1544
1026 2000
1027 1163
1027 1410
1028 1360
1028 1484
1029 1276
1031 1394
1032 1807
1033 1543
1033 1676
1034 1269
1035 1112
1036 1725
1037 1188
1037 1381
1037 1805
1038 1665
1039 1390
1039 1546
1041 1875
1042 1726
1043 1346
1043 1536
1043 1747
1043 1903
1044 1976
1045 1293
1045 1603
1046 1087
1048 1386
1048 1458
1048 1906
1048 1971
1049 1265
1050 1212
1050 1317
1050 1954
1051 1080
1051 1422
1051 1601
1051 1715
1052 1643
1054 1738
1055 1065
1055 1107
1055 1990
1056 1443
1057 1093
1057 1408
1057 1998
1059 1125
1059 1521
1060 1185
1060 1253
1060 1419
1061 1624
1062 1334
1062 1759
1063 1139
1063 1563
1063 1751
1063 1941
1064 1702
1066 1330
1066 1333
1069 1381
1071 1290
1071 1938
1072 1154
1075 1616
1076 1710
1077 1562
1077 1604
1077 1873
1078 1629
1078 1743
1079 1298
1079 1482
1082 1856
1083 1350
1083 1726
1083 1792
1083 1977
1084 1403
1084 1844
1084 1902
1085 1179
1085 1223
1085 1845
1085 1975
1087 1148
1087 1245
1087 1351
1089 1219
1090 1419
1091 1369
1091 1717
1092 1535
1093 1738
1093 1906
1094 1624
1095 1271
1095 1433
1095 1460
1096 1777
1097 1128
1097 1165
1098 1478
1098 1639
1099 1608
1100 1197
1100 1357
1100 1419
1101 1631
1102 1894
1103 1655
1105 1733
1105 1902
1107 1597
1108 1305
1110 1111
1112 1133
1112 1635
1115 1484
1115 1560
1115 1754
1116 1186
1116 1771
1117 1291
1117 1481
1117 1597
1117 1894
1118 1369
1118 1498
1118 1719
1119 1218
1121 1813
1121 1867
1122 1709
1123 1136
1123 1357
1123 1873
1124 1784
1124 1928
1125 1174
1125 1652
1125 1903
1126 1582
1126 1633
1126 1993
1127 1143
1127 1919
1128 1344
1129 1199
1130 1221
1130 1237
1131 1271
1131 1831
1132 1495
1133 1232
1133 1502
1134 1473
1134 1673
1135 1465
1137 1956
1138 1808
1139 1360
1142 1167
1142 1371
1142 1688
1142 1730
1142 1772
1142 1775
1143 1343
1143 1480
1143 1989
1146 1724
1146 1818
1149 1442
1149 1837
1150 1887
1150 1951
1151 1616
1151 1830
1151 1875
1151 1937
1152 1320
1152 1457
1152 1960
1153 1246
1153 1627
1154 1361
1154 1642
1157 1217
1157 1836
1159 1484
1159 1941
1161 1320
1161 1717
1161 1897
1161 1959
1162 1204
1162 1971
1164 1572
1164 1831
1166 1589
1167 1541
1169 1298
1169 1685
1170 1447
1171 1696
1172 1324
1172 1470
1172 1622
1173 1358
1173 1430
1174 1431
1175 1235
1175 1406
1177 1868
1178 1357
1180 1502
1180 1581
1180 1868
1183 1824
1186 1799
1187 1257
1187 1382
1187 1745
1187 1790
1188 1715
1188 1993
1189 1482
1189 1537
1189 1959
1190 1486
1190 1662
1191 1469
1191 1661
1192 1398
1192 1653
1192 1837
1193 1483
1193 1798
1194 1586
1195 1403
1195 1893
1197 1367
1197 1649
1197 1827
1197 1934
1198 1357
1198 1388
1198 1756
1200 1568
1202 1820
1202 1901
1203 1393
1204 1363
1204 1523
1205 1388
1205 1965
1206 1224
1206 1239
1207 1318
1208 1378
1208 1552
1209 1318
1209 1904
1210 1707
1211 1573
1213 1832
1213 1891
1214 1980
1215 1753
1215 1944
1216 1622
1217 1321
1217 1994
1218 1931
1220 1351
1220 1455
1220 1628
1220 1656
1221 1694
1222 1664
1222 1708
1223 1272
1223 1404
1224 1493
1224 1635
1224 1758
1226 1636
1227 1342
1227 1593
1227 1643
1227 1869
1228 1346
1228 1430
1229 1278
1229 1314
1229 1725
1230 1311
1230 1918
1232 1937
1233 1302
1233 1600
1233 1725
1233 1756
1235 1465
1236 1330
1236 1532
1238 1636
1239 1286
1239 1291
1239 1804
1241 1794
1242 1487
1243 1478
1243 1500
1244 1422
1244 1776
1245 1986
1247 1939
1249 1292
1249 1928
1250 1255
1250 1328
1250 1602
1250 1769
1250 1783
1252 1295
1252 1430
1252 1821
1253 1319
1253 1748
1256 1558
1257 1608
1258 1812
1259 1297
1259 1372
1259 1505
1259 1560
1260 1613
1261 1282
1261 1595
1262 1377
1262 1992
1264 1966
1265 1404
1265 1852
1265 1910
1265 1965
1266 1597
1266 1816
1267 1621
1269 1676
1270 1939
1271 1745
1272 1956
1273 1606
1273 1676
1274 1722
1275 1734
1275 1833
1277 1508
1279 1314
1279 1704
1279 1783
1281 1620
1281 1778
1282 1767
1283 1436
1283 1657
1283 1718
1283 1772
1284 1595
1285 1814
1286 1431
1287 1960
1289 1599
1289 1817
1289 1891
1289 1947
1289 1952
1290 1313
1291 1985
1293 1505
1293 1517
1293 1670
1294 1302
1294 1529
1295 1506
1295 1646
1298 1682
1299 1664
1299 1992
1300 1964
1301 1573
1303 1600
1304 1429
1304 1559
1305 1959
1312 1378
1313 1874
1316 1770
1316 1951
1318 1953
1319 1425
1319 1473
1319 1523
1320 1597
1320 1667
1322 1454
1323 1708
1326 1478
1329 1372
1330 1352
1330 1859
1331 1355
1331 1498
1332 1796
1332 1833
1333 1597
1334 1393
1334 1520
1335 1823
1336 1831
1337 1483
1337 1893
1338 1494
1340 1594
1340 1771
1341 1402
1342 1417
1342 1839
1343 1772
1343 1804
1343 1916
1343 1960
1346 1947
1347 1365
1348 1352
1348 1357
1349 1704
1352 1393
1353 1737
1354 1376
1354 1609
1354 1940
1355 1775
1357 1929
1358 1651
1359 1455
1361 1655
1361 1937
1363 1601
1363 1861
1363 1988
1363 1996
1366 1472
1366 1927
1369 1416
1370 1483
1370 1611
1371 1973
1372 1611
1372 1721
1372 1861
1373 1492
1377 1388
1377 1520
1377 1739
1379 1787
1380 1482
1380 1930
1381 1581
1381 1918
1382 1592
1383 1675
1384 1482
1384 1770
1384 1838
1386 1755
1387 1954
1389 1939
1391 1881
1391 1922
1391 1997
1392 1463
1393 1600
1393 1937
1394 1766
1396 1771
1397 1640
1398 1491
1398 1707
1398 1809
1400 1493
1400 1557
1400 1660
1401 1411
1404 1636
1406 1503
1410 1498
1411 1522
1411 1553
1416 1643
1416 1794
1416 1896
1417 1517
1417 1912
1417 1962
1421 1449
1424 1503
1426 1587
1429 1836
1429 1845
1431 1461
1431 1633
1434 1888
1435 1898
1438 1753
1438 1757
1438 1980
1439 1542
1443 1712
1445 1549
1447 1663
1447 1878
1448 1866
1449 1663
1450 1811
1450 1842
1450 1857
1451 1623
1451 1826
1453 1905
1456 1824
1457 1739
1457 1871
1458 1669
1458 1738
1459 1465
1460 1667
1462 1578
1462 1629
1462 1880
1463 1724
1468 1541
1469 1590
1471 1917
1472 1710
1472 1952
1472 1958
1473 1959
1474 1496
1474 1642
1474 1706
1474 1925
1475 1778
1475 1997
1477 1752
1478 1681
1479 1648
1485 1895
1487 1534
1489 1808
1491 1670
1491 1923
1491 1963
1495 1644
1495 1944
1496 1804
1496 1955
1497 1514
1497 1592
1498 1533
1499 1684
1499 1901
1500 1735
1500 1914
1502 1619
1503 1546
1504 1713
1505 1643
1506 1929
1507 1606
1507 1903
1509 1604
1510 1554
1510 1794
1511 1754
1511 1942
1513 1796
1513 1812
1513 1815
1513 1873
1515 1605
1516 1999
1517 1953
1519 1548
1521 1614
1521 1967
1523 1748
1523 1803
1523 1923
1530 1839
1534 1599
1534 1623
1535 1877
1537 1568
1538 1925
1540 1641
1540 1748
1541 1751
1541 1857
1544 1782
1549 1624
1551 1697
1551 1840
1552 1921
1553 1583
1553 1611
1553 1750
1555 1589
1556 1781
1557 1820
1559 1925
1560 1657
1560 1913
1562 1717
1565 1739
1567 1645
1570 1724
1571 1882
1573 1643
1573 1685
1574 1989
1575 1579
1577 1895
1577 1909
1579 1772
1580 1613
1580 1620
1580 1781
1583 1753
1583 1793
1585 1716
1585 1903
1589 1924
1590 1895
1590 1983
1591 1943
1592 1877
1593 1650
1593 1783
1593 1981
1595 1701
1596 1717
1598 1617
1599 1612
1599 1889
1599 1920
1600 1811
1601 1690
1604 1736
1604 1744
1605 1823
1606 1652
1609 1722
1610 1614
1610 1633
1610 1983
1610 1996
1611 1626
1611 1918
1612 1836
1612 1856
1616 1770
1616 1827
1618 1989
1619 1633
1621 1994
1624 1816
1629 1739
1635 1669
1635 1808
1637 1670
1638 1901
1640 1809
1641 1959
1642 1971
1644 1690
1645 1775
1650 1887
1650 1933
1654 1881
1655 1784
1655 1852
1656 1810
1658 1899
1659 1912
1660 1765
1661 1683
1662 1770
1664 1830
1666 1687
1668 1983
1670 1871
1673 1827
1677 1806
1677 1846
1678 1695
1679 1733
1679 1767
1679 1997
1680 1953
1685 1727
1685 1910
1685 1967
1687 1705
1693 1699
1695 1979
1697 1937
1702 1902
1703 1985
1705 1855
1707 1790
1710 1862
1722 1806
1728 1907
1733 1955
1741 1805
1741 1926
1743 1796
1743 1842
1759 1865
1767 1888
1769 1855
1778 2000
1780 1810
1782 1805
1782 1841
1784 1901
1787 1865
1789 1816
1792 1806
1792 1854
1795 1876
1798 1805
1799 1966
1800 1811
1803 1985
1809 1832
1819 1851
1826 1840
1829 1965
1839 1846
1844 1980
1845 1976
1847 1988
1849 1853
1852 1865
1852 1972
1853 1958
1860 1956
1865 1883
1866 1980
1876 1920
1879 1983
1889 1909
1892 1913
1894 1990
1917 1933
1938 1998
1947 1956
