2000
1 286
1 287
1 374
1 507
1 598
1 707
1 1092
1 1217
1 1760
2 168
2 328
2 1382
2 1387
2 1783
2 1903
2 1978
3 134
3 206
3 991
3 998
3 1250
3 1277
3 1490
3 1507
3 1580
3 1797
3 1959
4 43
4 113
4 203
4 330
4 522
4 641
4 908
4 934
4 1174
4 1831
5 123
5 166
5 205
5 674
5 1325
5 1381
5 1835
5 1999
6 433
6 498
6 565
6 655
6 684
6 806
6 945
6 1207
6 1410
6 1490
6 1640
7 239
7 379
7 562
7 592
7 787
7 1554
7 1685
7 1745
8 71
8 223
8 360
8 390
8 463
8 466
8 629
8 725
8 748
8 1220
8 1468
8 1563
9 45
9 495
9 940
9 950
9 970
9 1205
9 1664
9 1822
10 214
10 350
10 438
10 797
10 971
10 998
10 1102
10 1416
10 1471
10 1490
10 1498
10 1758
11 363
11 597
11 682
11 823
11 1006
11 1121
11 1484
11 1506
11 1537
12 204
12 479
12 506
12 817
12 851
12 1021
12 1229
12 1413
13 92
13 271
13 864
13 1592
13 1678
13 1887
14 46
14 133
14 589
14 775
14 1164
14 1216
14 1839
14 1863
15 289
15 446
15 688
15 986
15 1205
15 1220
15 1349
15 1601
15 1977
16 498
16 532
16 577
16 710
16 713
16 917
16 1471
16 1686
17 344
17 369
17 542
17 639
17 1291
17 1349
17 1445
17 1776
17 1829
17 1970
18 27
18 138
18 440
18 1076
18 1390
18 1640
18 1688
18 1806
18 1847
19 104
19 1212
19 1286
19 1333
19 1352
19 1376
19 1395
19 1643
19 1723
19 1788
19 1858
19 1979
20 659
20 932
20 1245
20 1857
20 1933
21 422
21 651
21 960
21 1262
21 1710
21 1720
21 1794
21 1941
22 308
22 818
22 837
22 843
22 1784
23 253
23 447
23 467
23 471
23 605
23 660
23 669
23 756
23 802
23 969
23 1011
23 1256
23 1995
24 403
24 689
24 853
24 866
24 1564
24 1608
24 1615
25 146
25 483
25 918
25 1039
25 1438
25 1761
26 334
26 512
26 756
26 890
26 1176
26 1205
26 1751
27 43
27 247
27 291
27 311
27 537
27 702
27 737
27 1169
27 1377
27 1437
27 1705
27 1883
28 554
28 647
28 689
28 712
28 799
28 1172
28 1512
28 1856
28 1897
28 1952
29 100
29 375
29 504
29 836
29 1288
29 1347
29 1451
29 1478
29 1491
29 1803
30 201
30 347
30 377
30 1047
30 1201
30 1477
30 1571
30 1982
31 179
31 609
31 698
31 831
31 1210
31 1374
31 1459
31 1538
31 1974
32 253
32 945
32 1215
32 1337
32 1487
32 1546
32 1710
32 1719
33 494
33 708
33 745
33 835
33 981
33 1316
33 1444
33 1572
34 247
34 249
34 474
34 1093
34 1419
34 1522
35 233
35 566
35 804
35 893
35 1212
35 1892
35 1953
36 249
36 369
36 486
36 732
36 956
36 1466
36 1652
36 1870
37 98
37 370
37 752
37 873
37 1173
37 1356
37 1376
37 1559
37 1897
37 1947
37 1970
38 142
38 251
38 758
38 790
38 1031
38 1152
39 105
39 223
39 504
39 794
39 1238
39 1434
39 1441
39 1456
39 1647
40 407
40 848
40 896
40 1211
40 1433
40 1439
40 1878
40 1963
41 281
41 506
41 538
41 692
41 786
41 1017
41 1549
41 1552
41 1726
41 1749
42 196
42 234
42 468
42 690
42 936
42 1065
42 1133
42 1190
42 1290
42 1595
42 1738
43 160
43 341
43 365
43 414
43 506
43 519
43 672
43 752
43 1020
43 1490
43 1993
44 321
44 568
44 624
44 767
44 1309
44 1565
44 1790
45 235
45 408
45 934
45 1235
45 1431
45 1596
46 537
46 915
46 1161
46 1375
47 201
47 242
47 310
47 635
47 637
47 683
47 1107
47 1444
47 1519
48 117
48 204
48 303
48 327
48 618
48 877
48 947
48 1121
48 1177
48 1340
48 1438
48 1623
48 1768
48 1951
49 129
49 209
49 327
49 424
49 600
49 972
49 1863
49 1877
50 1049
50 1054
50 1520
50 1523
50 1538
50 1588
50 1808
50 1840
51 476
51 524
51 586
51 596
51 957
51 1062
51 1077
51 1196
51 1282
51 1353
51 1484
52 163
52 200
52 574
52 786
52 894
52 1280
52 1494
52 1506
52 1587
52 1591
52 1947
52 1985
53 198
53 394
53 1100
53 1306
53 1451
53 1904
53 1982
54 373
54 723
54 759
54 910
54 1343
54 1709
54 1856
55 531
55 566
55 850
55 1107
55 1218
55 1294
55 1482
55 1994
56 115
56 324
56 431
56 724
56 848
56 868
56 878
56 910
56 960
57 125
57 141
57 168
57 645
57 813
57 1169
57 1516
58 82
58 92
58 361
58 471
58 491
58 609
58 743
58 1096
58 1438
58 1698
58 1791
59 538
59 737
59 745
59 788
59 868
59 1005
59 1250
59 1296
59 1843
60 247
60 1014
60 1149
60 1492
60 1508
60 1555
60 1663
60 1746
60 1759
60 1966
61 219
61 255
61 295
61 329
61 452
61 504
61 522
61 598
61 710
61 738
61 1624
61 1749
61 1839
62 169
62 221
62 321
62 397
62 429
62 1105
62 1439
63 319
63 499
63 1315
63 1885
64 199
64 201
64 680
64 1097
64 1114
64 1362
64 1535
64 1920
65 353
65 545
65 639
65 640
65 673
65 676
65 825
65 861
65 1027
65 1254
65 1369
65 1373
65 1648
66 88
66 201
66 797
66 844
66 849
66 1067
66 1335
66 1677
66 1905
67 647
67 942
68 256
68 664
68 861
68 1143
68 1370
68 1540
68 1943
68 1975
69 70
69 652
69 980
69 1169
69 1341
69 1485
69 1501
69 1693
69 1990
70 451
70 637
70 676
70 836
70 844
70 1069
70 1548
70 1663
71 75
71 122
71 378
71 761
71 822
71 1019
71 1317
71 1409
71 1600
71 1759
71 1885
71 1917
71 1987
72 215
72 443
72 531
72 562
72 636
72 701
72 1142
72 1180
72 1300
72 1312
72 1445
72 1583
72 1742
73 182
73 499
73 701
73 744
73 801
73 1051
73 1572
73 1663
73 1666
73 1764
74 543
74 1233
74 1483
74 1956
75 243
75 489
75 682
75 781
75 818
75 1253
75 1271
75 1906
76 89
76 127
76 219
76 241
76 700
76 714
76 727
76 1007
76 1177
76 1397
76 1523
76 1736
76 1957
77 314
77 618
77 719
77 886
77 1059
77 1241
77 1274
77 1289
77 1325
77 1397
77 1398
77 1547
77 1578
77 1855
77 1888
77 1936
78 295
78 462
78 654
78 854
78 1310
78 1405
78 1526
79 327
79 411
79 434
79 496
79 643
79 742
79 911
79 1425
79 1858
79 1859
80 93
80 476
80 599
80 836
80 1238
81 418
81 469
81 941
81 951
81 1034
81 1110
81 1608
81 1678
81 1747
81 1816
82 236
82 425
82 1231
82 1526
83 130
83 318
83 421
83 439
83 460
83 592
83 806
83 873
83 1022
83 1166
83 1244
83 1363
83 1396
83 1903
83 1974
84 177
84 274
84 313
84 661
84 676
84 760
84 951
84 1048
84 1460
84 1482
84 1506
84 1634
84 1713
85 161
85 297
85 393
85 675
85 833
85 1091
85 1093
85 1125
85 1139
85 1430
85 1524
85 1559
86 433
86 769
86 876
86 1220
86 1548
86 1798
86 1832
87 262
87 352
87 843
87 1072
87 1135
87 1239
87 1306
87 1333
87 1493
87 1517
87 1590
88 235
88 446
88 1111
88 1133
88 1386
88 1415
88 1477
88 1537
88 1550
88 1969
89 789
89 1088
89 1206
89 1520
90 653
90 831
90 860
90 1153
90 1198
90 1385
90 1606
91 236
91 442
91 506
91 609
91 677
91 1741
91 1809
91 1987
92 323
92 427
92 998
92 1536
93 224
93 248
93 932
93 1188
93 1461
93 1654
93 1780
93 1832
93 1847
94 487
94 559
94 579
94 697
94 801
94 805
94 1221
94 1592
94 1632
94 1785
95 727
95 738
95 896
95 1176
95 1485
95 1561
95 1889
96 487
96 488
96 597
96 796
96 809
96 922
96 1093
96 1106
96 1536
96 1561
96 1589
97 195
97 473
97 578
97 612
97 635
97 780
97 916
97 1076
97 1381
97 1427
97 1436
97 1467
97 1648
97 1738
98 101
98 625
98 802
98 806
98 882
98 999
98 1492
98 1679
98 1808
99 127
99 327
99 482
99 543
99 860
99 1877
99 1902
100 284
100 481
100 487
100 707
100 1254
100 1409
100 1651
101 475
101 516
101 565
101 726
101 787
101 1119
101 1701
101 1923
102 566
102 888
102 1122
102 1329
102 1386
103 108
103 167
103 405
103 456
103 562
103 628
103 847
103 1223
103 1829
103 1978
104 106
104 119
104 285
104 312
104 541
104 553
104 771
104 927
104 1060
104 1503
104 1519
104 1531
104 1811
105 130
105 295
105 319
105 567
105 987
105 1328
105 1371
105 1935
105 1998
106 183
106 519
106 617
106 626
106 677
106 1187
106 1309
106 1588
106 1763
106 1889
107 199
107 357
107 428
107 669
107 724
107 865
107 964
107 1223
107 1387
107 1471
107 1655
107 1690
107 1699
107 1872
108 312
108 1331
108 1483
108 1763
108 1890
108 1896
108 1927
109 417
109 464
109 465
109 589
109 748
109 767
109 844
109 1158
109 1241
109 1337
109 1826
109 1923
110 559
110 675
110 726
110 1011
110 1659
110 1734
110 1920
111 138
111 335
111 694
111 956
111 1214
111 1324
111 1327
111 1515
111 1761
111 1871
111 1913
112 286
112 798
112 893
112 946
112 1757
113 132
113 145
113 370
113 451
113 749
113 1023
113 1212
113 1350
114 301
114 1120
114 1270
114 1635
114 1932
115 166
115 370
115 440
115 1002
115 1277
115 1710
115 1780
115 1994
116 460
116 735
116 1110
116 1420
116 1442
116 1752
116 1949
117 205
117 647
117 865
117 1341
117 1439
118 847
118 915
118 919
118 1369
118 1632
118 1768
119 120
119 242
119 305
119 897
119 963
119 1115
119 1328
119 1549
119 1688
119 1693
120 709
120 1391
121 295
121 368
121 616
121 1301
121 1590
121 1599
121 1661
121 1927
122 154
122 426
122 1341
122 1402
122 1515
122 1656
122 1725
122 1905
123 197
123 309
123 463
123 1572
123 1694
123 1857
124 204
124 240
124 258
124 761
124 810
124 857
124 965
124 1197
124 1314
124 1393
124 1488
124 1657
124 1691
124 1741
124 1872
125 490
125 526
125 542
125 762
125 816
125 873
125 888
125 911
125 1076
125 1080
125 1223
125 1402
125 1769
126 200
126 258
126 447
126 1092
126 1172
126 1196
126 1238
126 1396
126 1462
126 1507
126 1606
127 370
127 702
127 777
127 1166
127 1436
127 1591
127 1709
128 541
128 575
128 635
128 728
128 1026
128 1113
128 1127
128 1168
128 1356
128 1629
128 1689
128 1996
129 414
129 510
129 599
129 611
129 711
129 861
129 1007
129 1102
129 1231
129 1248
129 1604
129 1722
129 1725
130 456
130 564
130 645
130 894
130 972
130 1138
130 1564
130 1624
130 1853
131 220
131 397
131 426
131 540
131 613
131 645
131 714
131 977
131 1032
131 1033
131 1084
131 1169
131 1192
131 1331
131 1549
131 1826
131 1883
131 1966
132 349
132 755
132 869
132 1183
132 1288
132 1675
132 1976
133 489
133 860
133 1174
133 1202
133 1543
133 1887
134 357
134 417
134 879
134 1003
134 1176
134 1203
134 1246
134 1257
134 1345
134 1769
134 1934
134 1962
135 326
135 1029
135 1159
135 1179
135 1293
135 1408
135 1907
136 149
136 275
136 379
136 604
136 674
136 787
136 800
136 985
136 1292
136 1463
136 1830
136 1953
136 1978
137 184
137 511
137 689
137 1054
137 1407
137 1418
137 1491
137 1692
137 1779
138 181
138 237
138 306
138 567
138 686
138 782
138 1143
138 1597
138 1671
138 1910
139 663
139 1200
139 1298
139 1443
139 1565
139 1637
139 1644
139 1759
139 1844
139 1895
140 189
140 376
140 378
140 532
140 940
140 1141
140 1579
140 1720
141 226
141 265
141 432
141 630
141 740
141 846
141 889
141 1394
141 1553
142 158
142 342
142 705
142 881
142 903
142 907
142 1118
142 1265
142 1625
142 1740
143 399
143 626
143 723
143 904
143 998
143 1184
143 1272
143 1293
143 1658
143 1697
143 1899
144 684
144 953
144 1199
144 1394
145 147
145 352
145 428
145 514
145 560
145 944
145 1253
145 1309
146 361
146 775
146 850
146 910
147 158
147 446
147 468
147 494
147 700
147 1342
147 1374
147 1459
147 1494
147 1660
147 1776
148 376
148 416
148 798
148 994
148 1479
148 1651
149 305
149 387
149 487
149 735
149 742
149 978
149 1010
149 1457
150 413
150 443
150 450
150 650
150 1270
151 166
151 238
151 432
151 527
151 554
151 783
151 1071
151 1321
151 1420
151 1442
151 1786
151 1871
151 1994
152 425
152 642
152 724
152 1076
152 1413
152 1507
152 1908
152 1942
153 407
153 441
153 1039
153 1078
153 1112
153 1249
153 1364
153 1655
153 1808
153 1982
154 417
154 545
154 570
154 695
154 1141
154 1201
154 1380
154 1566
154 1600
154 1608
155 173
155 398
155 485
155 910
155 940
155 966
155 968
155 1165
155 1215
155 1228
155 1397
155 1622
155 1865
156 254
156 334
156 364
156 444
156 1095
156 1213
156 1985
157 816
157 900
157 1519
157 1635
158 320
158 866
158 880
158 991
158 1062
158 1136
158 1464
158 1774
159 282
159 334
159 336
159 1514
160 357
160 659
160 722
160 1160
160 1464
160 1637
160 1865
161 441
161 784
161 1002
161 1422
162 482
162 624
162 654
162 659
162 747
162 766
162 806
162 1034
162 1095
162 1360
162 1566
162 1798
163 200
163 603
163 749
163 881
163 887
163 909
163 1096
163 1173
163 1209
163 1413
163 1598
163 1844
164 179
164 810
164 1262
164 1428
164 1505
164 1873
165 430
165 432
165 622
165 1697
166 515
166 552
166 927
166 1047
166 1172
166 1499
166 1602
166 1692
166 1779
166 1798
166 1874
166 1908
167 725
167 780
167 868
167 1500
167 1660
167 1706
167 1721
167 1730
167 1807
167 1978
168 255
168 312
168 713
168 796
168 944
168 1282
168 1382
168 1389
169 215
169 407
169 536
169 597
169 904
169 1019
169 1108
169 1478
169 1558
169 1938
170 347
170 1108
170 1253
170 1432
171 714
171 762
171 824
171 1201
171 1352
171 1415
172 398
172 447
172 477
172 535
172 913
172 1089
172 1107
172 1219
172 1347
172 1678
172 1757
172 1771
172 1796
172 1810
172 1972
173 370
173 1041
173 1133
173 1169
173 1272
173 1452
173 1598
173 1748
173 1803
174 326
174 468
174 601
174 705
174 887
174 889
174 937
174 1715
174 1948
175 465
175 799
175 1182
175 1328
175 1334
175 1380
175 1465
175 1620
175 1866
175 1924
176 184
176 372
176 585
176 619
176 729
176 821
176 831
176 950
176 992
176 1031
176 1044
176 1186
176 1219
176 1544
176 1925
177 640
177 1014
177 1428
177 1563
177 1609
178 719
178 1140
178 1337
178 1422
178 1866
179 212
179 375
179 1021
179 1276
179 1300
179 1324
179 1924
180 216
180 272
180 277
180 444
180 591
180 605
180 896
180 944
180 966
180 1002
180 1271
180 1355
180 1423
181 306
181 320
181 638
181 869
181 1269
181 1611
181 1718
181 1997
182 308
182 412
182 474
182 843
182 934
182 1389
183 310
183 431
183 794
183 951
183 989
183 1278
183 1354
183 1407
184 221
184 461
184 521
184 618
184 639
184 662
184 678
184 832
184 1433
184 1506
184 1548
184 1577
184 1604
185 237
185 249
185 391
185 405
185 499
185 726
185 909
185 1084
185 1257
185 1489
185 1772
186 498
186 1006
186 1355
187 542
187 791
187 864
187 921
187 1156
187 1366
187 1371
187 1618
187 1756
187 1803
187 1881
187 1893
187 1929
188 224
188 1563
188 1741
188 1812
188 1898
189 865
189 1116
189 1570
189 1604
189 1837
190 312
190 360
190 506
190 893
190 917
190 985
190 1041
190 1486
190 1521
190 1619
190 1691
190 1780
190 1862
191 248
191 356
191 888
191 1399
191 1622
191 1945
191 1956
192 333
192 438
192 525
192 707
192 896
192 1184
192 1207
192 1987
193 528
193 612
193 729
193 734
193 775
193 1355
193 1691
193 1791
194 707
194 782
194 803
194 875
194 1089
194 1156
194 1509
194 1640
194 1867
195 599
195 671
195 718
195 1241
195 1305
195 1315
195 1422
195 1679
195 1829
195 1988
196 208
196 260
196 370
196 623
196 888
196 1255
196 1308
196 1314
196 1387
196 1497
196 1539
196 1712
196 1932
196 1941
197 307
197 635
197 1685
197 1706
197 1737
197 1964
197 1991
198 257
198 794
198 1376
198 1416
198 1451
198 1529
198 1557
198 1617
198 1697
199 238
199 912
199 916
199 1094
199 1286
199 1435
200 252
200 381
200 584
200 914
200 1340
200 1978
201 276
201 520
201 618
201 1199
201 1270
201 1339
201 1708
201 1745
201 1873
202 339
202 558
202 691
202 723
202 1187
202 1232
202 1385
202 1599
202 1655
202 1742
202 1956
202 1963
203 476
203 599
203 754
203 958
203 975
203 999
203 1097
203 1151
203 1167
203 1200
203 1226
203 1281
203 1758
204 437
204 480
204 552
204 745
204 1609
204 1613
204 1642
204 1757
204 1822
205 267
205 492
205 667
205 1167
205 1199
205 1577
205 1654
205 1796
205 1906
205 1914
206 265
206 318
206 585
206 658
206 799
206 908
206 973
206 1066
206 1331
206 1738
206 1950
207 616
207 739
207 918
207 997
207 1163
207 1243
207 1546
207 1683
207 1771
207 1960
208 713
208 812
208 846
208 1014
208 1436
208 1446
208 1867
209 337
209 607
209 980
209 1241
209 1330
209 1432
210 680
210 684
210 691
210 832
210 907
210 1277
210 1527
210 1703
211 219
211 503
211 689
211 920
211 1093
211 1141
211 1185
211 1262
211 1352
211 1830
211 1941
212 608
212 767
212 820
212 856
212 991
212 1194
212 1226
212 1451
212 1531
212 1902
213 423
213 505
213 672
213 750
213 953
213 956
213 1031
213 1112
213 1136
213 1290
213 1421
213 1550
213 1800
213 1837
214 410
214 458
214 777
214 851
214 881
214 932
214 1057
214 1166
214 1504
214 1789
214 1990
215 256
215 406
215 768
215 926
215 1338
215 1412
215 1817
216 330
216 399
216 1103
216 1581
216 1644
216 1747
216 1954
217 1848
217 1949
218 330
218 444
218 522
218 687
218 852
218 1035
218 1082
218 1182
218 1414
218 1676
219 789
219 915
219 1349
219 1430
219 1617
219 1733
219 1873
220 456
220 656
220 669
220 732
220 900
220 1355
220 1567
220 1699
220 1745
220 1785
220 1798
220 1884
220 1899
220 1957
221 850
221 999
221 1096
221 1141
221 1329
221 1643
222 348
222 597
222 1181
223 466
223 707
223 804
223 1175
223 1224
223 1672
223 1728
223 1774
224 441
224 551
224 555
224 678
224 1154
224 1166
224 1523
224 1965
224 1981
225 313
225 374
225 434
225 624
225 804
225 1023
225 1110
225 1509
225 1599
226 561
226 650
226 856
226 1058
226 1875
227 621
227 834
227 1793
227 1853
227 1903
227 1980
228 399
228 441
228 701
228 996
228 1048
228 1265
228 1482
228 1700
229 270
229 376
229 386
229 956
229 1027
229 1111
229 1175
229 1448
229 1667
229 1821
230 421
230 737
230 1332
230 1348
230 1718
230 1812
231 292
231 355
231 451
231 716
231 799
231 1341
231 1343
231 1563
231 1690
232 263
232 294
232 328
232 824
232 886
232 921
232 957
232 1206
232 1225
232 1675
233 485
233 978
233 1374
233 1997
234 297
234 330
234 771
234 859
234 1516
234 1714
234 1871
235 586
235 1069
235 1150
235 1194
235 1272
235 1390
235 1639
235 1814
235 1886
235 1900
236 256
236 310
236 680
236 719
236 867
236 957
236 1053
236 1172
236 1265
236 1491
236 1698
237 274
237 546
237 819
237 868
237 915
237 1335
237 1722
237 1914
238 252
238 298
238 464
238 511
238 905
238 964
238 977
238 1017
238 1177
238 1246
238 1522
238 1696
238 2000
239 683
239 885
239 990
239 1149
239 1244
239 1263
239 1296
239 1384
239 1472
239 1800
240 574
240 591
240 936
241 310
241 614
241 781
241 846
242 519
242 535
242 725
242 738
242 1223
242 1379
242 1482
242 1536
242 1602
242 1649
243 247
243 577
243 1165
243 1711
243 1756
244 252
244 604
244 727
244 750
244 760
244 786
244 820
244 1185
244 1512
244 1997
245 339
245 805
245 891
245 919
245 1001
245 1387
245 1392
245 1429
245 1873
246 389
246 619
246 649
246 1117
246 1378
246 1429
246 1489
246 1863
246 1872
246 1937
247 367
247 483
247 1041
247 1163
247 1218
247 1291
247 1429
248 276
248 370
248 462
248 512
248 724
248 1546
248 1802
249 338
249 470
249 476
249 746
249 863
249 1085
249 1125
249 1207
249 1271
249 1733
249 1929
249 1983
250 741
250 1127
250 1144
250 1503
251 399
251 865
251 943
251 1199
251 1221
251 1738
251 1872
251 1898
252 753
252 969
252 1081
252 1219
252 1596
252 1787
252 1818
252 1900
252 1911
252 1942
253 303
253 926
253 1470
253 1516
253 1523
253 1559
254 962
254 1044
254 1077
254 1124
254 1187
254 1294
254 1395
254 1565
254 1571
254 1579
254 1993
254 2000
255 335
255 367
255 536
255 660
255 723
255 810
255 1088
255 1818
255 1990
256 517
256 698
256 876
256 1029
256 1161
256 1198
256 1990
257 280
257 445
257 465
257 518
257 583
257 1034
257 1181
257 1313
257 1606
257 1873
258 267
258 796
258 1298
258 1329
258 1795
258 1869
259 871
259 1060
259 1173
259 1186
259 1641
259 1983
260 285
260 532
260 924
260 1130
260 1534
261 429
261 732
261 943
261 1085
261 1102
261 1194
261 1462
261 1516
261 1568
261 1646
261 1970
261 1990
262 295
262 524
262 549
262 587
262 591
262 878
262 1051
262 1172
262 1782
262 1818
262 1833
263 680
263 697
263 1114
264 679
264 700
264 705
264 729
264 752
264 1210
264 1316
264 1622
264 1630
264 1669
264 1739
264 1843
265 957
265 1014
265 1443
265 1659
266 548
266 662
266 671
266 914
266 1136
266 1242
266 1391
266 1457
266 1489
266 1666
266 1811
266 1994
266 1999
267 467
267 638
267 740
267 890
267 1092
267 1417
267 1480
267 1495
267 1627
267 1682
267 1761
268 1171
268 1227
268 1499
269 298
269 631
269 752
269 776
269 1449
269 1626
270 607
270 622
270 1167
270 1638
271 330
271 400
271 413
271 470
271 688
271 1028
271 1400
271 1427
271 1540
271 1618
271 1999
272 1101
272 1201
272 1262
272 1408
272 1624
273 664
273 1194
273 1258
273 1503
273 1584
273 1842
274 777
274 835
274 1334
274 1540
274 1805
274 1879
274 1976
274 2000
275 968
275 1032
275 1087
275 1438
275 1598
275 1607
275 1762
275 1897
276 642
276 855
276 1095
276 1689
277 567
277 919
277 1750
278 353
278 498
278 545
278 1109
278 1132
278 1160
278 1279
278 1556
278 1914
279 435
279 616
279 856
279 886
279 1356
279 1915
280 370
280 451
280 474
280 518
280 617
280 744
280 1039
280 1587
280 1836
280 1892
281 305
281 834
281 838
281 1103
281 1253
281 1414
281 1721
281 1811
281 1892
282 284
282 329
282 406
282 552
282 674
282 776
282 834
282 897
282 1134
282 1559
282 1600
282 1681
282 1863
283 398
283 686
283 820
283 876
283 899
283 935
283 1266
283 1294
283 1713
283 1767
283 1827
284 1695
284 1824
285 372
285 446
285 994
285 1138
285 1329
285 1331
285 1394
285 1476
285 1862
286 532
286 564
286 703
286 768
286 925
286 1333
286 1575
287 720
287 752
287 834
287 1078
287 1293
287 1381
287 1427
287 1537
287 1735
288 483
288 648
288 983
288 1379
288 1585
288 1612
288 1675
289 460
289 565
289 653
289 676
289 1086
289 1235
289 1461
290 294
290 302
290 352
290 551
290 699
290 773
290 821
290 863
290 897
290 1272
290 1357
290 1795
291 344
291 495
291 498
291 573
291 680
291 790
291 795
291 891
291 957
291 1187
291 1193
291 1447
291 1499
291 1649
291 1752
292 463
292 617
292 684
292 861
292 875
292 948
292 1436
292 1449
292 1574
292 1636
292 1665
292 1699
293 449
293 939
293 966
293 1115
293 1123
293 1196
293 1222
293 1322
293 1328
294 1071
294 1228
294 1256
294 1886
295 330
295 346
295 453
295 490
295 576
295 1156
295 1586
295 1678
295 1865
296 335
296 447
296 761
296 991
296 1052
296 1567
296 1691
296 1955
297 335
297 365
297 783
297 926
297 1317
297 1325
297 1496
297 1716
297 1863
297 1931
298 321
298 335
298 407
298 530
298 865
298 1017
298 1021
298 1055
298 1066
298 1138
298 1208
298 1219
298 1458
299 444
299 1078
299 1332
299 1550
299 1818
300 484
300 720
300 1022
300 1278
300 1369
300 1581
300 1664
300 1772
300 1806
300 1887
300 1983
301 321
301 464
301 649
301 802
301 1145
301 1279
301 1710
302 956
302 1111
302 1153
302 1258
302 1616
303 315
303 733
303 902
303 922
303 1477
303 1674
303 1688
304 673
304 742
304 1064
304 1067
304 1078
304 1117
304 1433
304 1986
304 1989
305 789
305 927
305 975
305 990
305 1498
305 1571
305 1654
305 1903
305 1923
306 370
306 383
306 446
306 633
306 715
306 934
306 1156
306 1824
306 1835
307 585
307 641
307 705
307 777
307 807
307 1352
307 1396
307 1790
307 1838
308 420
308 714
308 807
308 945
308 1543
308 1964
309 580
309 899
309 1215
309 1421
309 1516
309 1572
309 1721
309 1808
309 1965
310 356
310 560
310 651
310 808
310 882
310 1015
310 1342
310 1508
311 338
311 1003
311 1150
311 1219
311 1268
311 1449
311 1502
311 1710
312 534
312 1448
312 1512
312 1520
312 1696
313 388
313 651
313 797
313 1008
313 1319
313 1590
313 1628
313 1871
314 540
314 742
314 1085
314 1108
314 1469
314 1937
314 1978
315 439
315 543
315 759
315 866
315 871
315 933
315 1163
315 1176
315 1356
315 1487
316 573
316 758
316 1042
316 1197
316 1226
316 1405
317 443
317 706
317 1031
317 1075
317 1286
317 1559
317 1575
317 1641
317 1765
318 427
318 599
318 917
318 1230
318 1991
319 500
319 708
319 811
319 979
319 1151
319 1359
319 1751
319 1909
319 1959
320 385
320 1196
320 1208
320 1256
320 1312
320 1658
321 453
321 802
321 1189
321 1463
321 1560
321 1678
322 376
322 540
322 847
322 976
322 1050
322 1079
322 1112
323 1005
323 1131
323 1204
323 1319
323 1325
323 1424
324 432
324 444
324 526
324 598
324 749
324 812
324 844
324 959
324 994
324 1041
324 1063
324 1182
324 1499
324 1769
324 1930
325 402
325 409
325 634
325 894
325 1175
325 1207
325 1354
325 1713
326 401
326 457
326 542
326 624
326 686
326 800
326 1432
326 1713
326 1777
327 830
327 929
327 1192
327 1424
327 1494
327 1557
327 1593
327 1856
327 1898
328 509
328 603
328 757
328 998
328 1029
328 1232
328 1424
328 1752
329 420
329 737
329 768
329 859
329 1462
329 1511
329 1697
330 740
330 764
330 807
330 1030
330 1070
330 1294
330 1775
331 506
331 1057
331 1533
331 1725
331 1870
332 345
332 489
332 530
332 637
332 666
332 799
332 815
332 1002
332 1281
332 1352
332 1475
332 1702
332 1747
332 1803
332 1861
333 756
333 1036
333 1375
333 1427
333 1839
334 339
334 374
334 413
334 880
334 947
334 1151
334 2000
335 378
335 424
335 438
335 1463
335 1546
335 1624
335 1645
336 372
336 420
336 440
336 456
336 642
336 661
336 664
336 675
336 711
336 836
336 918
336 1013
336 1252
336 1478
336 1511
336 1883
337 455
337 641
337 884
337 896
337 956
337 1037
337 1387
337 1543
338 1033
338 1260
338 1441
338 1486
338 1522
338 1640
338 1789
339 468
339 710
339 1059
339 1238
339 1302
339 1315
339 1525
340 583
340 680
340 720
340 1089
340 1203
340 1863
340 1882
341 655
341 851
341 872
341 1135
341 1350
342 498
342 873
342 989
342 1082
342 1356
342 1446
342 1590
342 1650
342 1906
343 478
343 481
343 668
343 802
343 803
343 910
343 1395
343 1520
343 1590
343 1601
343 1771
343 1911
344 598
344 694
344 697
344 877
344 884
344 995
344 1145
344 1319
344 1850
345 493
345 653
345 907
345 1132
345 1178
345 1288
345 1398
345 1618
345 1705
345 1709
345 1870
345 1946
346 659
346 875
346 910
346 987
347 610
347 854
347 970
347 1229
347 1786
348 559
348 647
348 671
348 1163
348 1457
348 1751
349 804
349 874
349 960
349 1333
349 1542
349 1547
349 1708
349 1860
350 394
350 656
350 683
350 830
350 1208
350 1254
350 1272
350 1473
350 1527
350 1600
350 1821
351 540
351 698
351 742
351 1034
351 1233
351 1692
352 367
352 399
352 872
352 899
352 1102
352 1165
352 1191
352 1401
352 1406
352 1785
353 422
353 703
353 713
353 958
353 1141
353 1273
354 495
354 565
354 871
354 1026
354 1295
354 1543
354 1721
355 750
355 783
355 892
355 1028
355 1105
355 1729
355 1896
355 1902
356 922
356 1173
356 1190
356 1212
356 1314
356 1367
356 1424
356 1679
356 1898
356 1950
357 606
357 1205
357 1349
357 1368
357 1820
358 669
358 680
358 746
358 844
358 874
358 1026
358 1110
358 1140
358 1232
358 1658
358 1724
359 447
359 996
359 1025
359 1036
359 1064
359 1870
360 376
360 594
360 948
360 955
360 1285
361 638
361 660
361 1076
361 1829
361 1899
362 729
362 1105
362 1222
362 1266
362 1311
362 1614
362 1791
362 1953
363 441
363 771
363 1286
363 1714
363 1760
363 1867
364 803
364 1071
364 1425
364 1467
364 1656
364 1664
364 1700
364 1904
365 656
365 1373
365 1407
365 1418
365 1450
365 1731
365 1774
365 1938
366 588
366 741
366 877
366 1208
366 1385
366 1775
366 1823
367 507
367 970
367 992
367 1094
367 1343
367 1441
367 1598
368 399
368 926
368 1230
368 1688
368 1757
368 1870
369 658
369 796
369 1261
369 1309
369 1873
369 1922
369 1971
370 417
370 760
370 836
370 1464
370 1820
371 388
371 464
371 597
371 821
371 865
371 1039
371 1240
371 1254
371 1679
371 1754
371 1766
372 806
372 897
372 1008
372 1381
372 1679
372 1682
372 1947
373 835
373 902
373 1303
373 1637
373 1739
373 1778
374 707
374 903
374 1599
374 1730
375 437
375 831
375 1000
375 1033
375 1065
375 1291
375 1416
375 1710
375 1786
376 755
376 773
376 797
376 885
376 1080
376 1252
376 1445
377 380
377 595
377 660
377 685
377 872
377 1185
377 1216
377 1236
377 1469
377 1516
377 1660
378 1188
378 1755
378 1808
378 1886
378 1900
378 1929
378 1950
379 752
379 807
379 1571
379 1715
380 565
380 1305
380 1306
381 597
381 898
381 1165
381 1203
381 1323
381 1700
381 1745
382 909
382 1023
382 1182
382 1239
382 1470
382 1661
382 1720
382 1918
383 985
383 1296
383 1801
383 1891
383 1986
384 390
384 422
384 602
384 766
384 790
384 877
384 904
384 1003
384 1212
384 1279
384 1411
384 1495
384 1503
384 1653
384 1821
384 1901
385 454
385 586
385 622
385 763
385 1076
385 1555
386 770
386 1266
386 1573
386 1916
387 522
387 550
387 597
387 1492
387 1537
387 1878
388 716
388 848
388 907
388 1624
388 1773
388 1789
388 1906
389 813
389 899
389 1369
389 1408
389 1528
389 1797
390 1052
390 1068
390 1951
391 1146
391 1309
392 641
392 754
392 780
392 877
392 1171
392 1199
392 1415
392 1989
393 453
393 585
393 971
393 996
393 1706
393 1739
394 442
394 466
394 576
394 1272
394 1533
394 1609
394 1654
395 412
395 660
395 921
395 1022
395 1273
395 1601
396 1174
396 1280
396 1287
396 1923
397 1013
397 1037
397 1301
397 1393
398 1323
398 1834
398 1854
398 1941
399 943
399 1285
399 1594
399 1631
399 1652
399 1899
400 727
400 845
400 954
400 1059
400 1083
400 1106
400 1780
401 611
401 895
401 1242
401 1245
401 1376
401 1417
401 1453
401 1603
401 1831
402 758
402 798
402 830
402 849
402 1004
402 1036
402 1870
402 1922
403 575
403 909
403 965
403 1306
403 1310
403 1576
403 1745
403 1846
403 1952
403 1968
404 769
404 1246
404 1255
404 1509
404 1792
405 510
405 1278
405 1284
405 1779
405 1901
405 1938
406 407
406 550
406 1050
406 1537
407 1382
407 1585
407 1597
407 1694
408 446
408 989
408 1020
408 1101
408 1444
408 1596
408 1832
408 1887
408 1947
409 532
409 719
409 751
409 1648
409 1752
409 1859
410 567
410 632
410 829
410 1126
410 1326
410 1528
410 1662
410 1713
410 1729
410 1956
410 1972
410 1980
411 466
411 1029
411 1159
411 1225
411 1426
411 1455
411 1533
411 1661
411 1926
412 765
412 1012
412 1180
412 1232
412 1290
412 1699
412 1799
412 1859
413 644
413 824
413 1029
413 1685
413 1785
414 563
414 713
414 1291
414 1496
414 1552
414 1570
414 1887
414 1976
415 432
415 556
415 660
415 721
415 744
415 925
415 1024
415 1299
415 1384
415 1586
415 1642
415 1846
416 438
416 594
416 671
416 809
416 945
416 1119
416 1158
416 1229
416 1437
416 1541
416 1584
416 1591
416 1801
417 538
417 782
417 1173
417 1263
417 1383
417 1517
417 1674
417 1734
417 1850
418 747
418 905
418 915
418 953
418 1166
418 1203
418 1264
418 1317
418 1331
418 1367
418 1632
419 908
419 1177
419 1211
419 1223
419 1601
419 1652
419 1654
419 1775
419 1866
419 1913
420 449
420 510
420 527
420 562
420 1084
420 1221
420 1310
420 1446
420 1952
421 487
421 530
421 764
421 771
421 990
421 1354
421 1605
421 1628
422 567
422 639
422 916
422 1007
422 1032
422 1268
422 1321
422 1568
422 1585
422 1602
422 1614
423 497
423 673
423 899
423 1244
423 1409
423 1492
423 1597
423 1769
423 1850
424 493
424 556
424 659
424 690
424 1227
424 1323
424 1367
424 1808
425 1063
425 1808
425 1913
425 1981
426 879
426 1119
426 1391
426 1396
426 1492
426 1569
426 1929
427 569
427 570
427 710
427 955
427 963
427 1182
427 1209
427 1269
427 1607
427 1648
427 1717
427 1743
427 1841
427 1933
428 672
428 685
428 696
428 1102
428 1914
429 447
429 700
429 1291
429 1341
429 1517
430 718
430 726
430 798
430 923
430 1094
430 1165
430 1289
430 1502
430 1529
430 1613
431 886
431 1002
431 1317
431 1917
432 835
432 921
432 1336
432 1357
432 1791
432 1839
432 1842
432 1900
432 1920
433 446
433 695
433 1079
433 1743
434 667
434 842
434 1061
434 1656
434 1746
435 782
435 1041
435 1074
435 1081
435 1120
435 1237
435 1550
435 1558
435 1564
435 1640
435 1968
436 472
436 608
436 1181
436 1438
436 1662
436 1689
436 1960
437 1047
437 1196
437 1609
438 478
438 565
438 734
438 1185
438 1757
438 1826
438 1841
439 700
440 534
440 702
440 938
440 976
440 1001
440 1071
440 1104
440 1467
440 1571
440 1927
441 487
441 568
441 804
441 1118
441 1157
441 1406
441 1475
441 1626
441 1762
442 734
442 862
442 937
442 995
442 1528
443 648
443 668
443 1848
443 1895
444 912
444 1084
444 1213
444 1366
444 1390
444 1406
444 1595
444 1675
444 1815
444 1850
445 627
445 971
445 1103
445 1316
445 1359
445 1486
445 1728
446 466
446 640
446 678
446 838
446 903
446 999
446 1206
446 1542
446 1576
447 726
447 955
447 1089
447 1201
447 1337
448 519
448 644
448 657
448 1671
449 744
449 967
449 1130
449 1329
450 555
450 616
450 776
450 882
450 897
450 916
450 956
450 1018
450 1429
450 1461
450 1950
451 460
451 825
451 1554
451 1631
452 709
452 833
452 1034
452 1342
452 1542
452 1566
452 1600
452 1774
452 1971
453 583
453 670
453 1396
453 1427
453 1752
454 529
454 540
454 700
454 1190
454 1206
454 1403
454 1599
455 490
455 628
455 1154
455 1420
455 1760
455 1770
456 465
456 649
456 678
456 827
456 1120
456 1331
456 1372
456 1446
456 1704
456 1764
456 1939
456 1960
457 831
457 1027
457 1240
457 1290
457 1358
458 532
458 1229
458 1409
458 1467
458 1508
458 1564
458 1751
459 587
459 958
459 1219
459 1419
459 1778
460 502
460 617
460 630
460 1073
460 1279
460 1390
460 1392
460 1595
461 476
461 625
461 730
461 807
461 930
461 1037
461 1071
461 1406
461 1477
461 1577
461 1698
462 717
462 826
462 1087
462 1100
462 1188
462 1382
462 1569
462 1612
462 1633
462 1691
462 1738
462 1754
462 1755
463 468
463 926
463 1150
463 1419
463 1537
463 1758
463 1904
464 593
464 640
464 736
464 904
464 1038
464 1792
465 536
465 744
465 1412
465 1700
465 1738
465 1765
466 583
466 639
466 800
466 813
466 821
466 883
466 1093
466 1300
466 1421
466 1929
466 1989
467 516
467 602
467 766
467 779
467 1058
467 1142
467 1612
468 567
468 657
468 989
468 1005
468 1287
468 1363
468 1658
468 1789
468 1877
469 544
469 611
469 737
469 1276
469 1331
469 1533
469 1972
470 533
470 589
470 728
470 780
470 891
470 962
470 1037
470 1214
470 1251
470 1300
470 1624
470 1718
470 1797
470 1816
471 815
471 819
471 839
471 893
471 966
471 1191
471 1192
471 1387
471 1500
471 1677
472 526
472 596
472 740
472 803
472 1043
472 1060
472 1155
472 1313
472 1445
472 1447
472 1562
472 1571
472 1649
472 1703
472 1780
472 1788
473 542
473 1509
473 1736
474 533
474 545
474 638
474 740
474 772
474 1010
474 1279
474 1494
474 1502
474 1594
474 1775
475 638
475 983
475 1058
475 1127
475 1148
475 1224
475 1763
475 1845
476 653
476 786
476 1097
476 1223
476 1481
476 1511
476 1857
477 646
477 1113
477 1712
478 554
478 567
478 876
478 1016
478 1021
478 1147
478 1246
478 1617
478 1644
478 1707
478 1737
478 1847
479 824
479 1304
479 1491
480 539
480 880
480 1035
480 1329
481 544
481 870
481 1167
481 1334
481 1959
482 511
482 822
482 991
482 1185
482 1229
482 1980
483 549
483 1236
483 1271
483 1619
483 1945
484 840
484 1434
485 779
485 1103
485 1495
485 1644
485 1688
485 1877
485 1972
486 622
486 733
486 1026
486 1079
486 1418
486 1527
486 1645
486 1654
486 1680
486 1892
487 526
487 939
487 1060
487 1319
487 1975
488 736
488 936
488 992
488 1198
488 1344
488 1429
489 1238
489 1246
489 1325
489 1493
489 1666
490 742
490 1021
490 1142
490 1284
490 1345
490 1464
490 1741
490 1760
491 877
491 1101
491 1214
491 1400
492 527
492 692
492 714
492 1007
492 1079
492 1456
492 1704
493 555
493 637
493 1103
493 1143
493 1189
493 1444
493 1809
493 1824
493 1966
494 643
494 1271
494 1404
494 1535
494 1896
495 522
495 557
495 569
495 1042
495 1092
495 1095
495 1380
495 1396
495 1573
495 1716
495 1911
496 709
496 824
496 837
496 899
496 1031
496 1403
496 1633
496 1682
496 1721
496 1872
496 1896
496 1918
497 756
497 1248
497 1734
497 1748
497 1795
497 1811
497 1914
498 658
498 857
498 997
498 1021
498 1105
498 1234
498 1265
498 1463
498 1568
498 1703
498 1705
498 1828
499 1065
499 1555
499 1636
500 719
500 877
500 1170
500 1494
500 1709
500 1858
501 602
501 776
501 863
501 901
501 967
501 1098
501 1248
501 1298
501 1607
502 965
502 1056
502 1261
502 1599
502 1732
503 1165
503 1781
503 1824
503 1849
503 1947
504 1026
504 1375
505 870
505 1472
505 1485
505 1506
505 1579
505 1675
505 1692
505 1845
506 1363
506 1426
506 1470
506 1491
506 1738
506 1852
507 544
507 980
507 1404
507 1409
507 1476
507 1606
507 1953
508 670
508 746
508 928
508 1091
508 1964
509 766
509 846
509 848
509 1216
509 1338
509 1340
509 1520
509 1862
509 1867
510 1159
511 679
511 809
511 1292
511 1404
511 1847
512 741
512 754
512 1292
512 1435
512 1554
513 632
513 841
513 900
513 912
513 946
513 1050
513 1108
513 1714
513 1830
514 580
514 842
514 924
514 1190
514 1377
515 858
515 1810
516 525
516 913
516 1023
516 1031
516 1638
516 1651
516 1841
517 636
517 672
517 1008
517 1337
517 1354
517 1570
518 720
518 921
518 974
518 1841
518 1861
519 679
519 723
519 1103
519 1356
519 1596
519 1858
520 821
520 983
520 1103
520 1264
520 1378
520 1541
520 1563
520 1573
520 1748
521 527
521 800
521 817
521 924
521 1317
521 1347
521 1705
521 1714
521 1754
522 700
522 843
522 916
522 1117
522 1185
522 1629
522 1852
523 626
523 811
523 1109
523 1482
523 1533
523 1579
523 1596
524 688
524 875
524 1098
524 1189
524 1200
524 1313
524 1353
524 1391
525 654
525 1240
525 1312
525 1389
525 1465
525 1511
525 1710
526 686
526 742
526 1175
526 1278
526 1484
526 1545
526 1816
526 1904
527 591
527 797
527 890
527 913
527 919
527 1754
528 630
528 677
528 805
528 1024
528 1046
528 1164
528 1190
528 1399
528 1400
528 1428
528 1837
529 714
529 754
529 1113
529 1576
529 1692
530 1105
530 1142
530 1375
530 1601
530 1864
531 678
531 1540
531 1572
532 898
532 916
532 966
532 1050
532 1284
532 1376
532 1543
532 1561
532 1647
533 669
533 906
533 1229
533 1243
533 1340
533 1509
533 1510
533 1702
533 1984
534 649
534 848
534 878
534 944
534 1013
534 1595
535 885
535 1064
535 1093
535 1440
535 1484
535 1570
535 1794
536 696
536 864
536 909
536 1159
536 1186
536 1562
536 1725
536 1891
537 742
537 753
537 817
537 961
537 987
537 993
537 1028
537 1164
537 1280
537 1404
537 1479
537 1595
537 1901
537 1921
538 541
538 840
538 968
538 1016
538 1054
538 1226
538 1440
538 1692
538 1928
539 667
539 934
539 1103
539 1309
539 1332
539 1709
539 1828
539 1924
539 1980
540 677
540 999
540 1065
540 1412
540 1452
540 1693
541 633
541 834
541 844
541 1169
541 1590
541 1634
541 1939
542 759
542 901
542 1484
542 1675
542 1729
543 568
543 655
543 1383
543 1509
543 1657
543 1765
543 1825
544 1038
544 1252
544 1497
544 1532
544 1910
545 737
545 969
545 1402
546 619
546 639
546 862
546 934
546 979
546 1481
546 1735
546 1780
546 1788
546 1873
547 715
547 1049
547 1291
547 1397
547 1438
547 1569
547 1858
547 1880
547 1925
547 1932
547 1985
548 680
548 765
548 891
548 941
548 1314
548 1908
548 1942
549 591
549 692
549 1254
549 1276
549 1519
549 1574
549 1745
549 1867
549 1928
549 1972
550 976
550 1488
551 791
551 1000
551 1088
551 1787
551 1789
551 1863
551 1962
552 1255
552 1306
552 1339
553 872
553 920
553 1124
553 1206
553 1473
553 1492
553 1496
553 1539
554 698
554 874
554 969
554 1021
554 1061
554 1220
554 1231
554 1588
554 1761
554 1893
555 844
555 978
555 1056
555 1289
555 1520
555 1829
555 1847
556 793
556 809
556 1463
556 1616
556 1801
556 1842
556 1870
557 593
557 1023
557 1202
557 1395
558 708
558 955
558 1216
558 1238
558 1274
558 1625
558 1782
558 1796
558 1799
558 1867
559 569
559 807
559 1080
559 1222
559 1316
559 1386
559 1441
560 784
560 904
560 1285
560 1484
560 1678
561 573
561 590
561 876
561 943
561 1096
561 1399
561 1685
562 638
562 962
562 976
562 1178
562 1395
562 1483
562 1686
562 1995
563 604
563 688
563 1157
563 1393
563 1449
563 1888
564 799
564 971
564 1158
564 1240
564 1282
564 1329
564 1385
565 632
565 768
565 793
565 1024
565 1064
565 1304
565 1316
565 1331
565 1509
565 1549
565 1575
565 1694
565 1821
566 984
566 986
566 1289
566 1609
566 1897
567 789
567 790
567 817
567 921
567 992
567 1110
567 1266
567 1935
568 631
568 772
568 1561
568 1796
569 1243
569 1369
569 1713
569 1744
569 1784
569 1792
569 1846
569 1871
569 1968
570 775
570 1052
570 1171
570 1289
570 1609
570 1669
570 1808
570 1907
570 1914
570 1952
570 1986
571 970
571 1169
571 1239
571 1481
571 1806
571 1899
571 1954
572 915
572 1186
572 1379
573 586
573 1259
573 1611
574 1046
574 1330
574 1819
574 1889
575 1129
575 1510
575 1618
575 1757
576 594
576 633
576 1164
576 1207
576 1517
576 1543
576 1957
577 1393
577 1394
577 1406
577 1591
577 1741
578 815
578 989
578 1092
578 1206
578 1370
578 1620
578 1787
579 1879
579 1979
580 902
580 1345
580 1711
580 1791
580 1992
581 773
581 1149
581 1158
581 1544
581 1840
582 650
582 693
582 1380
582 1864
583 588
583 634
583 932
583 1045
583 1160
583 1214
583 1392
583 1605
583 1796
584 993
584 1200
584 1209
585 600
585 668
585 1109
585 1424
585 1524
586 639
586 1116
586 1141
586 1530
586 1677
586 1755
586 1787
586 1971
587 619
587 793
587 868
587 1220
587 1235
587 1464
587 1672
588 734
588 1151
588 1200
588 1230
588 1567
589 988
589 1042
589 1452
589 1512
589 1588
589 1743
589 1895
590 683
590 715
590 1217
590 1444
590 1509
590 1663
590 1760
590 1829
590 1922
591 638
591 926
591 1095
591 1350
591 1376
591 1408
591 1590
591 1783
591 1916
592 600
592 942
592 958
592 1337
592 1402
592 1574
592 1584
592 1587
592 1588
592 1689
592 1884
593 610
593 639
593 1520
593 1652
593 1867
593 1910
594 679
594 746
594 851
594 1042
594 1061
594 1105
594 1373
594 1683
594 1839
595 885
595 1195
595 1257
595 1607
596 800
596 1037
596 1292
596 1438
596 1697
597 852
597 1519
597 1634
597 1691
598 875
598 917
598 1149
598 1614
598 1711
598 1782
598 1853
598 1980
599 705
599 791
599 1023
599 1147
599 1656
599 1658
600 770
600 1666
600 1832
600 1855
600 1919
601 657
601 714
601 1248
601 1571
601 1618
602 618
602 833
602 903
602 1067
602 1106
602 1207
602 1708
602 1756
602 1805
602 1922
603 669
603 871
603 1250
603 1349
603 1635
603 1878
604 627
604 937
604 1268
604 1311
604 1481
604 1644
604 1876
605 689
605 1102
605 1333
605 1737
605 1914
606 659
606 975
606 1065
606 1146
606 1304
606 1350
606 1352
606 1467
606 1843
606 1950
606 1967
607 648
607 807
607 1426
607 1574
607 1670
607 1757
607 1828
608 661
608 982
608 1100
608 1193
608 1241
608 1308
608 1515
608 1576
608 1972
609 632
609 685
609 716
609 1080
609 1235
610 638
610 697
610 788
610 1080
610 1450
610 1572
610 1729
610 1760
610 1803
611 709
611 783
611 943
611 1125
612 626
612 911
612 1049
612 1831
613 696
613 753
613 854
613 894
613 920
613 1298
613 1320
613 1495
613 1542
614 660
614 734
614 871
614 1151
614 1224
614 1337
614 1513
614 1717
614 1799
614 1904
615 1106
615 1297
615 1387
615 1467
615 1521
615 1666
615 1798
615 1972
616 642
616 966
616 1898
617 628
617 865
617 962
617 1096
617 1139
617 1199
617 1218
617 1299
617 1302
617 1357
617 1926
617 1969
618 960
618 1357
618 1400
618 1412
618 1540
618 1711
618 1772
618 1820
618 1827
618 1870
618 1989
619 769
619 1218
619 1490
619 1805
620 662
620 717
620 795
620 1215
620 1239
620 1294
620 1370
621 636
621 886
621 1297
621 1514
621 1909
621 1943
621 2000
622 715
622 752
622 991
622 1085
622 1337
622 1381
622 1616
622 1732
622 1748
622 1930
622 1968
623 956
623 1076
623 1649
623 1664
623 1851
623 1917
624 689
624 742
624 1007
624 1041
624 1302
624 1549
624 1705
624 1749
624 1894
625 762
625 847
625 1028
625 1227
625 1418
625 1550
625 1657
625 1975
626 848
626 881
626 1367
626 1597
627 722
627 1195
627 1228
627 1306
627 1354
628 832
628 929
628 1304
628 1574
628 1983
629 766
629 956
629 962
629 1361
629 1775
630 869
630 910
630 913
630 963
630 1526
630 1706
630 1776
631 780
631 881
631 891
631 1356
631 1372
631 1543
632 726
632 729
632 1769
632 1976
633 740
633 841
633 1001
633 1448
633 1500
633 1544
633 1616
634 907
634 1205
634 1356
634 1506
634 1726
634 1729
634 1912
634 1961
635 903
635 1234
635 1249
635 1974
636 1017
636 1506
636 1871
637 737
637 754
637 792
637 1565
637 1785
637 1888
638 849
638 1088
638 1200
638 1333
638 1339
638 1806
639 988
639 1028
639 1139
639 1209
639 1498
639 1939
639 1969
640 785
640 1240
640 1619
640 1795
640 1882
640 1929
641 846
641 879
641 881
641 972
641 1708
641 1732
641 1873
641 1882
642 866
642 953
642 960
642 1324
642 1507
642 1631
643 859
643 1003
643 1253
643 1268
643 1315
643 1334
643 1346
643 1629
644 907
644 1438
644 1467
644 1547
644 1751
645 724
645 785
645 880
645 909
645 1124
645 1285
645 1497
645 1945
646 665
646 1482
646 1554
646 1584
646 1648
647 752
647 779
647 874
647 1204
647 1237
647 1469
647 1549
647 1811
647 1899
647 1992
648 801
648 1348
648 1570
648 1613
648 1690
648 1836
649 1553
649 1621
650 798
650 1006
650 1465
650 1523
650 1649
650 1857
650 1939
651 730
651 738
651 795
651 995
651 1009
651 1087
651 1118
651 1178
651 1596
651 1799
651 1842
651 1850
652 750
652 946
652 987
652 1408
652 1425
652 1554
652 1610
652 1864
652 1923
653 1009
653 1309
653 1527
653 1538
653 1901
654 974
654 1153
654 1257
654 1344
654 1575
654 1812
654 1958
654 1986
655 979
655 1064
655 1079
655 1096
655 1204
655 1273
655 1385
655 1601
655 1637
656 679
656 812
656 1183
656 1420
656 1459
656 1810
656 1868
657 853
657 873
657 1054
657 1244
657 1626
657 1757
657 1787
657 1926
658 907
658 1002
658 1246
658 1637
658 1719
658 1778
659 1032
659 1095
659 1102
659 1503
659 1814
659 1949
659 1968
660 691
660 697
660 879
660 1189
660 1286
660 1440
660 1834
660 1906
660 1915
661 759
661 871
661 1227
661 1254
661 1257
661 1411
662 1535
662 1684
662 1725
662 1876
663 771
663 1350
663 1364
663 1367
664 717
664 901
664 924
664 935
665 911
665 1667
666 806
666 1041
666 1056
666 1062
666 1088
667 668
667 907
667 1145
667 1157
667 1166
667 1380
667 1477
667 2000
668 1218
668 1434
668 1631
668 1779
668 1851
668 1863
668 1865
668 1874
669 700
669 1166
669 1268
669 1288
669 1360
669 1683
669 1775
669 1984
670 1161
670 1172
670 1752
671 888
671 1322
671 1417
671 1582
671 1837
671 1879
672 963
672 985
672 1310
672 1483
672 1679
673 702
673 723
673 1056
673 1535
674 861
674 1010
674 1066
674 1342
674 1421
674 1474
674 1744
674 1805
674 1956
675 1033
675 1151
675 1159
675 1165
675 1512
675 1602
675 1814
676 808
676 810
676 980
676 1069
676 1108
676 1534
676 1625
676 1801
676 1818
676 1914
677 803
677 886
677 1442
678 856
678 971
678 1046
678 1769
679 987
679 1189
679 1218
679 1781
679 1848
680 681
680 745
680 832
680 883
680 1155
680 1569
681 1022
681 1315
681 1457
681 1658
682 777
682 1397
682 1634
682 1695
682 1749
683 742
683 939
683 1104
683 1552
684 737
684 967
684 1213
684 1245
684 1347
684 1809
684 1927
685 1037
685 1106
685 1476
685 1857
685 1865
686 807
686 962
686 1083
686 1084
686 1147
686 1742
687 842
687 1007
687 1026
687 1338
687 1641
687 1671
687 1704
687 1943
688 769
688 1012
688 1804
689 1153
689 1200
689 1219
689 1304
689 1486
689 1488
689 1789
689 1900
689 1914
690 727
690 1315
690 1709
690 1775
690 1868
691 728
691 903
691 921
691 1190
691 1385
691 1538
691 1614
691 1745
692 1071
692 1363
692 1397
692 1574
692 1801
692 1840
692 1996
693 947
693 1161
693 1162
694 1104
694 1331
694 1525
694 1653
695 712
695 1583
695 1605
695 1647
695 1835
695 1848
695 1954
696 839
696 890
696 1634
696 1736
696 1847
696 1856
697 709
697 875
697 958
697 1022
697 1159
697 1595
697 1822
697 1848
698 722
698 820
698 1022
698 1110
698 1140
698 1169
698 1298
698 1428
698 1872
698 1937
699 1305
699 1401
699 1617
699 1701
699 1838
699 1955
700 756
700 1450
700 1921
701 748
701 817
701 848
701 1071
701 1319
701 1510
701 1526
701 1827
701 1957
702 798
702 844
702 1211
702 1495
702 1614
702 1618
702 1711
702 1859
702 1881
703 877
703 991
703 1009
703 1449
703 1536
703 1616
704 759
704 918
704 1085
704 1450
705 950
705 958
705 1318
705 1471
705 1631
705 1870
706 712
706 765
706 1089
706 1308
706 1596
706 1711
706 1955
707 772
707 1229
707 1270
707 1524
707 1622
707 1750
708 1039
708 1434
708 1513
708 1718
709 1145
709 1190
709 1301
709 1463
709 1960
709 1977
710 1044
710 1215
710 1606
710 1613
710 1855
711 777
711 1061
711 1089
711 1211
711 1908
712 1228
712 1443
712 1729
712 1760
712 1779
712 1880
712 1950
713 789
713 938
713 1055
713 1140
713 1236
713 1349
714 769
714 1017
714 1088
714 1383
714 1477
714 1607
714 1624
714 1709
715 867
715 1148
715 1175
715 1255
715 1623
715 1745
715 1783
715 1802
715 1858
715 1907
716 843
716 1196
716 1326
716 1460
716 1748
716 1803
716 1850
717 825
717 1005
717 1114
717 1500
717 1950
718 808
718 937
718 1034
718 1125
718 1156
718 1306
718 1356
718 1612
718 1744
719 814
719 1044
719 1120
719 1218
719 1294
719 1319
719 1451
719 1607
719 1771
719 1942
720 836
720 996
720 1331
720 1554
720 1611
720 1639
720 1739
721 771
721 1025
721 1269
721 1752
721 1978
721 1991
721 1992
722 1000
722 1349
723 1517
723 1568
723 1586
723 1760
723 1852
723 1995
724 919
724 956
724 994
724 1260
724 1881
725 885
725 1060
725 1249
725 1339
725 1671
725 1829
726 988
726 1072
726 1129
726 1205
726 1212
726 1582
726 1859
726 1998
727 909
727 1063
727 1095
727 1264
727 1363
727 1603
727 1739
727 1778
727 1921
728 818
728 837
728 1601
728 1667
728 1796
728 1970
728 1971
729 966
729 1580
729 1833
729 1861
730 868
730 926
730 985
730 1083
730 1169
730 1207
730 1343
731 1196
731 1203
731 1411
731 1507
731 1939
732 1166
732 1483
732 1521
732 1675
732 1857
733 981
733 995
733 1054
733 1737
733 1800
734 944
734 1311
734 1319
734 1453
734 1946
735 1023
735 1029
735 1317
735 1321
735 1415
735 1486
735 1488
735 1545
736 802
736 869
736 875
736 1041
736 1135
736 1196
736 1316
736 1495
736 1533
736 1649
736 1834
736 1836
736 1962
737 750
737 1896
737 1994
738 1082
738 1521
738 1530
738 1649
738 1727
738 1749
738 1758
739 815
739 1033
739 1053
739 1187
739 1481
739 1665
739 1677
740 1179
740 1360
740 1582
740 1991
741 938
741 994
741 1816
742 1054
742 2000
743 819
743 1079
743 1475
743 1851
743 1869
743 1982
744 863
744 968
744 1456
744 1681
745 751
745 888
745 1245
745 1624
745 1744
745 1967
746 923
746 1207
746 1655
746 1782
746 1821
747 1478
747 1648
748 1066
748 1880
749 1184
749 1609
749 1700
749 1749
749 1804
750 828
750 1277
750 1308
750 1331
750 1394
750 1445
751 778
751 1406
751 1529
751 1855
751 1982
752 761
752 995
752 1093
752 1678
752 1752
752 1811
752 1833
753 966
753 1876
754 1000
754 1023
754 1406
754 1564
754 1578
754 1628
754 1666
754 1898
755 1117
755 1199
755 1374
755 1404
755 1411
755 1664
755 1943
756 1296
756 1426
756 1592
757 841
757 895
757 1065
757 1214
757 1598
757 1676
758 1310
758 1560
759 800
759 838
759 1460
759 1754
759 1980
760 787
760 806
760 860
760 1154
760 1205
760 1429
760 1808
761 1643
761 1781
762 825
762 943
762 1199
762 1321
762 1551
762 1842
762 1848
762 1975
763 830
763 901
763 942
763 1027
763 1254
763 1393
763 1910
764 1063
764 1109
764 1191
764 1641
764 1912
764 1966
765 841
765 876
765 1157
765 1588
765 1690
765 1867
765 1875
765 1989
766 787
766 989
766 996
766 1080
766 1219
766 1258
766 1553
766 1995
767 1043
767 1070
767 1094
767 1123
767 1419
768 795
768 1033
768 1135
768 1140
768 1359
768 1414
768 1433
768 1460
768 1644
768 1661
768 1671
769 780
769 802
769 1016
769 1255
769 1351
769 1459
769 1557
769 1594
769 1986
770 805
770 1281
770 1299
770 1338
770 1345
770 1370
770 1606
770 1977
771 1277
772 930
772 970
772 997
772 1078
772 1525
772 1618
772 1677
772 1971
773 956
773 984
773 1012
773 1230
773 1443
773 1446
773 1805
774 849
774 1570
774 1698
775 838
775 885
775 1220
775 1404
775 1432
775 1662
775 1670
776 862
776 1036
776 1120
776 1550
776 1751
776 1847
776 1851
777 855
777 1159
777 1183
777 1297
777 1300
777 1393
777 1516
777 1710
777 1996
778 1223
778 1337
778 1793
779 870
779 948
779 1853
780 1053
780 1253
781 802
781 1389
781 1474
781 1613
782 1055
782 1310
782 1431
783 953
783 1160
783 1569
783 1682
783 1821
783 1995
783 1997
784 1017
784 1245
784 1870
785 993
785 1138
785 1263
785 1728
785 1971
786 935
786 971
786 1092
786 1138
786 1294
786 1402
786 1410
786 1701
786 1793
786 1820
786 1921
786 1990
787 1224
787 1418
788 1433
788 1458
788 1560
789 1037
789 1309
789 1462
789 1919
790 811
790 1002
790 1050
790 1369
790 1392
790 1744
790 1918
791 829
791 901
791 1165
791 1231
791 1318
791 1819
791 1865
792 1886
792 1945
793 891
793 1131
793 1303
793 1659
793 1919
794 955
794 1023
794 1246
794 1549
794 1736
794 1798
795 1121
795 1462
795 1473
795 1853
795 1975
796 832
796 892
796 970
796 1027
796 1222
796 1257
796 1676
797 1091
797 1114
797 1228
797 1584
797 1897
798 1265
798 1420
798 1559
798 1603
799 804
799 856
799 890
799 1173
799 1179
799 1452
800 1140
800 1177
800 1188
800 1257
800 1396
800 1774
801 977
801 1505
801 1608
801 1684
802 902
802 906
802 931
802 935
802 1043
802 1168
802 1221
802 1376
802 1609
802 1931
803 1029
803 1343
803 1390
803 1423
803 1455
803 1456
803 1519
804 1174
805 1367
805 1513
805 1526
806 997
806 1228
807 838
807 1583
808 1101
808 1244
808 1470
808 1602
808 1786
808 1837
808 1963
808 1965
808 1973
809 810
809 888
809 915
809 1169
809 1231
809 1547
809 1856
809 1911
809 1967
811 1287
811 1398
811 1419
811 1819
811 1849
812 853
812 1117
813 1548
813 1647
813 1819
813 1966
814 1110
814 1264
814 1397
814 1499
814 1561
814 1596
814 1628
814 1827
815 1133
815 1292
815 1892
816 820
816 1054
816 1059
816 1309
816 1390
816 1497
816 1654
816 1760
816 1767
816 1807
817 1161
817 1268
817 1997
818 890
818 998
818 1139
818 1362
819 1346
819 1508
819 1592
819 1743
820 839
820 845
820 1106
820 1166
820 1667
820 1905
821 872
821 1077
821 1382
821 1724
821 1907
822 1081
822 1324
822 1862
822 1942
823 881
823 987
823 996
823 1314
823 1390
823 1400
823 1518
823 1799
823 1988
824 1244
824 1257
824 1346
824 1517
824 1521
824 1629
824 1784
825 828
825 960
825 993
825 1006
825 1176
825 1232
825 1284
825 1686
826 1266
827 884
827 1175
827 1345
827 1743
828 866
828 940
828 1240
828 1488
829 1098
829 1299
829 1305
829 1389
829 1415
829 1441
829 1698
829 1796
829 1817
829 1870
829 1892
830 1444
830 1512
830 1696
831 1008
831 1135
831 1414
831 1790
831 1799
832 939
832 960
832 991
832 1292
832 1370
832 1715
832 1989
833 888
833 1026
833 1065
833 1458
833 1613
833 1652
833 1678
833 1861
834 1121
834 1198
834 1275
834 1743
834 1859
834 1980
835 986
835 1019
835 1217
835 1381
835 1695
835 1747
835 1852
836 911
836 1000
836 1133
836 1335
836 1578
836 1762
836 1800
836 1873
837 921
837 1212
837 1580
837 1753
837 1785
837 1795
837 1877
838 915
838 1167
838 1568
838 1680
838 1687
838 1795
838 1811
839 1309
839 1458
839 1502
839 1579
839 1580
839 1773
839 1964
840 929
840 1312
840 1480
840 1870
841 1418
841 1558
842 897
842 1062
842 1501
842 1931
843 1001
843 1681
843 1697
844 912
844 1643
844 1766
844 1778
844 1809
844 1988
844 1998
845 926
845 1003
845 1106
845 1425
845 1720
845 1840
845 1842
846 1032
846 1236
846 1424
846 1498
846 1763
846 1984
847 919
847 1149
847 1172
847 1247
847 1476
847 1525
847 1587
848 1033
848 1039
848 1067
848 1528
848 1565
848 1687
848 1743
848 1909
848 1930
849 869
849 965
849 1059
849 1183
849 1187
849 1400
849 1495
849 1524
849 1752
849 1958
849 1996
850 900
850 985
850 1383
850 1700
850 1743
850 1815
850 1951
851 1032
851 1177
851 1290
851 1292
851 1401
851 1616
851 1984
852 877
852 950
852 963
852 1012
852 1525
852 1537
852 1611
853 939
853 942
853 1319
853 1571
853 1709
853 1873
854 979
854 1096
854 1447
854 1553
854 1906
854 1933
855 937
855 1126
855 1134
855 1667
855 1737
855 1867
856 857
856 938
856 1403
856 1546
856 1724
856 1736
857 979
857 1084
857 1201
857 1732
857 1839
857 1880
858 968
858 997
858 1213
858 1297
858 1358
858 1539
858 1840
858 1965
859 907
859 1118
859 1137
859 1377
859 1423
859 1631
859 1927
860 902
860 1502
860 1509
860 1587
860 1672
860 1741
860 1812
861 945
861 1026
861 1039
861 1091
861 1410
861 1600
861 1928
862 1496
862 1523
862 1605
862 1814
863 1342
863 1848
863 1975
864 1076
864 1470
864 1512
864 1916
865 873
865 1114
865 1267
865 1961
866 1380
866 1751
866 1915
866 1927
867 895
867 1305
867 1345
867 1514
867 1635
868 1290
868 1377
868 1710
869 1054
870 1093
870 1300
870 1467
870 1680
870 1994
871 987
871 1036
871 1158
871 1280
871 1472
871 1714
871 1798
871 1802
871 1806
871 1812
871 1924
871 1966
872 895
872 961
872 1089
872 1977
873 1123
873 1183
873 1209
873 1851
873 1876
873 1972
874 976
874 1036
874 1058
874 1229
874 1391
874 1591
875 1178
875 1431
875 1513
875 1560
875 1590
875 1606
875 1814
876 972
876 1043
876 1080
876 1090
876 1148
876 1375
876 1394
876 1679
876 1690
876 1788
877 1384
877 1512
878 970
878 979
878 1051
878 1182
878 1447
878 1685
878 1834
878 1878
879 1162
879 1898
879 2000
880 1274
880 1566
880 1684
880 1693
880 1806
880 1817
880 1979
881 944
881 1046
881 1185
881 1340
881 1364
881 1379
881 1745
881 1812
881 1830
881 1967
882 1053
882 1065
882 1457
882 1722
882 1932
882 1938
882 1943
883 1176
883 1665
883 1796
884 1229
884 1629
884 1752
884 1809
885 1163
885 1384
885 1473
886 1129
886 1288
886 1504
886 1516
886 1552
886 1617
886 1676
886 1998
887 1113
887 1191
887 1362
887 1538
887 1586
888 937
888 939
888 956
888 996
888 1014
888 1581
888 1704
888 1710
888 1885
889 944
889 946
889 997
889 1236
889 1245
889 1434
889 1539
889 1746
889 1971
890 956
890 985
890 1505
890 1873
891 942
892 918
892 1044
892 1060
892 1198
892 1308
892 1955
893 966
893 1268
893 1357
893 1688
893 1767
893 1887
894 1069
894 1544
894 1814
894 1978
895 1188
895 1464
895 1701
895 1943
895 1960
896 1230
897 1032
897 1144
897 1250
898 965
899 1223
899 1319
899 1474
899 1605
899 1647
899 1835
899 1885
900 1001
900 1218
901 925
901 1197
901 1253
901 1402
901 1525
901 1625
901 1710
901 1913
902 1061
902 1144
902 1187
902 1504
902 1510
902 1879
903 1188
903 1193
903 1418
903 1461
903 1545
903 1781
904 1014
904 1018
904 1157
904 1552
904 1770
904 1978
905 1009
905 1274
905 1285
905 1599
905 1664
905 1740
905 1759
905 1843
905 1904
906 1184
906 1616
906 1758
906 1789
906 1791
907 1010
907 1207
907 1583
907 1634
907 1651
907 1704
907 1799
907 1809
907 1880
908 1010
908 1094
908 1665
908 1904
908 1941
908 1981
909 1386
909 1842
909 1903
909 1993
910 1155
910 1176
910 1884
911 962
911 972
911 1119
911 1492
911 1684
911 1842
912 953
912 1454
912 1476
912 1555
912 1883
912 1885
913 991
913 1004
913 1234
913 1568
913 1729
913 1807
914 1092
914 1881
915 1557
915 1748
915 1808
916 1337
916 1581
916 1625
916 1763
916 1854
917 1828
917 1927
918 1047
918 1311
918 1717
919 1349
919 1584
919 1742
919 1844
919 1919
920 1014
920 1333
920 1500
920 1817
921 1141
921 1150
921 1173
921 1228
921 1288
921 1394
921 1476
921 1505
922 1268
922 1827
923 1024
923 1106
923 1302
923 1639
923 1779
923 1867
923 1957
924 971
924 1351
925 1223
925 1433
925 1519
926 1307
926 1920
926 1935
926 1971
927 1055
927 1360
927 1480
928 977
928 1007
928 1117
928 1180
928 1542
928 1585
928 1912
929 1040
929 1131
929 1158
929 1334
929 1499
929 1613
929 1670
929 1722
929 1808
930 1015
930 1562
930 1635
930 1720
930 1838
931 1237
931 1258
931 1528
931 1539
931 1671
932 1046
932 1135
932 1417
932 1942
933 1145
933 1220
933 1443
933 1572
933 1923
934 1253
934 1438
934 1758
934 1785
935 1000
935 1021
935 1064
935 1147
935 1299
935 1431
935 1525
936 1206
936 1626
936 1933
937 1027
937 1400
937 1610
937 1839
937 1932
937 1994
938 1091
938 1105
938 1596
938 1627
938 1999
939 1090
939 1120
939 1258
939 1261
939 1365
939 1494
939 1687
939 1913
939 1927
940 1339
940 1543
940 1790
941 972
941 1484
941 1577
941 1785
941 1855
941 1914
942 1060
942 1100
942 1704
943 1344
943 1485
943 1498
943 1804
943 1810
944 1164
944 1201
944 1386
945 960
945 1016
945 1084
945 1298
945 1564
945 1620
945 1707
945 1890
946 1176
946 1197
946 1214
946 1319
946 1472
946 1923
947 1124
947 1196
947 1411
947 1483
947 1712
948 1112
948 1714
949 1676
949 1727
949 1903
949 1963
950 1206
950 1361
950 1375
950 1477
950 1498
950 1564
950 1617
950 1904
950 1972
950 1997
951 1328
951 1373
951 1406
951 1664
951 1675
951 1773
952 1177
952 1298
952 1611
953 1040
953 1568
953 1847
954 1317
954 1328
954 1624
954 1818
954 1823
954 1838
954 1931
954 1934
955 1204
955 1343
955 1613
956 1518
956 1888
957 1558
957 1731
957 1732
957 1939
958 1029
958 1289
958 1337
958 1464
958 1499
958 1993
959 976
959 1180
959 1196
960 1049
960 1075
960 1367
960 1436
960 1504
960 1633
960 1719
960 1942
960 1983
960 1990
961 1422
961 1447
961 1540
962 1118
962 1862
962 1927
963 984
963 1053
963 1179
963 1294
963 1397
963 1608
963 1625
963 1690
964 1077
964 1102
964 1203
964 1404
964 1847
965 1174
965 1184
965 1447
965 1474
965 1791
966 968
966 1129
966 1246
966 1404
966 1925
966 1934
967 1193
967 1341
967 1386
967 1422
967 1514
967 1612
967 1900
968 1234
968 1598
968 1966
969 1206
969 1647
969 1864
969 1998
970 1546
971 993
971 1388
971 1478
971 1498
972 1007
972 1028
972 1053
972 1064
972 1177
972 1404
972 1610
972 1685
972 1889
973 1048
973 1192
973 1353
973 1576
974 1108
974 1571
974 1809
974 1851
974 1992
974 1997
975 1002
975 1245
975 1273
975 1291
975 1662
976 1702
977 1619
977 1632
977 1787
977 1838
978 1046
978 1067
978 1141
978 1628
978 1757
978 1781
979 1213
979 1253
979 1441
979 1518
979 1544
979 1589
980 1104
980 1176
980 1343
980 1682
980 1716
980 1803
981 1066
981 1492
981 1791
981 1829
981 1849
981 1951
982 995
982 1108
982 1234
982 1775
983 1049
983 1382
983 1409
983 1444
983 1749
983 1916
984 1133
984 1469
984 1621
984 1961
985 1062
985 1138
985 1193
985 1704
985 1741
986 1570
986 1571
986 1921
987 1188
987 1570
987 1603
988 1207
988 1410
988 1477
988 1747
988 1778
989 1331
989 1406
990 1021
990 1196
990 1338
990 1469
990 1522
990 1733
990 1865
990 1995
991 1141
991 1236
991 1243
991 1434
991 1453
991 1576
991 1582
991 1595
991 1826
991 1841
992 1052
992 1654
992 1730
992 1881
992 1944
992 1978
992 1993
993 1394
993 1660
993 1706
993 1986
994 1350
994 1472
994 1603
994 1868
994 1906
995 1177
995 1810
996 1033
996 1098
996 1300
996 1361
996 1759
996 1868
997 1161
997 1642
997 1822
997 1912
998 1025
998 1074
998 1233
998 1245
998 1445
998 1613
998 1668
998 1811
999 1000
999 1153
999 1207
999 1569
999 1825
999 1988
1000 1621
1000 1763
1000 1897
1001 1038
1001 1055
1001 1134
1001 1174
1001 1498
1001 1628
1001 1878
1002 1020
1003 1388
1003 1556
1003 1569
1003 1773
1003 1797
1003 1899
1003 1946
1004 1146
1004 1267
1004 1590
1004 1604
1004 1848
1005 1112
1005 1196
1005 1749
1006 1540
1006 1673
1006 1811
1007 1215
1007 1336
1007 1674
1008 1247
1008 1272
1008 1649
1008 1748
1009 1051
1009 1105
1009 1186
1009 1985
1010 1290
1010 1794
1010 1936
1011 1286
1011 1517
1011 1600
1012 1785
1013 1071
1013 1105
1013 1231
1013 1282
1013 1306
1013 1319
1013 1607
1013 1615
1013 1734
1013 1882
1014 1155
1014 1275
1014 1497
1014 1727
1014 1754
1015 1253
1015 1411
1015 1482
1015 1606
1015 1680
1016 1180
1016 1262
1016 1691
1016 1725
1017 1183
1017 1367
1017 1380
1017 1418
1017 1632
1017 1805
1018 1059
1018 1127
1018 1153
1018 1325
1018 1447
1018 2000
1019 1300
1019 1816
1019 1821
1020 1155
1020 1346
1020 1556
1020 1580
1020 1616
1021 1157
1021 1175
1021 1383
1021 1537
1021 1628
1022 1057
1022 1282
1022 1375
1022 1486
1022 1526
1022 1788
1023 1552
1023 1626
1024 1553
1024 1558
1024 1740
1024 1927
1025 1204
1025 1375
1025 1477
1025 1863
1025 1960
1026 1148
1026 1230
1026 1248
1026 1282
1026 1427
1026 1471
1026 1810
1026 1856
1026 1963
1027 1484
1028 1065
1028 1081
1028 1213
1028 1274
1028 1382
1028 1386
1028 1635
1028 1646
1028 1792
1029 1367
1029 1369
1029 1483
1029 1515
1030 1412
1030 1681
1030 1710
1030 1964
1031 1510
1031 1555
1031 1984
1032 1217
1032 1279
1032 1307
1032 1410
1033 1134
1033 1155
1033 1413
1033 1965
1034 1243
1034 1262
1034 1542
1034 1744
1034 1994
1035 1321
1035 1740
1036 1344
1036 1395
1036 1565
1036 1638
1036 1814
1036 1878
1036 1918
1037 1114
1037 1417
1038 1149
1038 1314
1038 1349
1038 1567
1038 1589
1038 1603
1038 1663
1038 1995
1039 1139
1039 1405
1039 1415
1039 1814
1040 1460
1040 1510
1040 1789
1041 1052
1041 1201
1041 1534
1041 1866
1041 1985
1042 1063
1042 1171
1042 1243
1042 1350
1042 1436
1042 1720
1042 1793
1042 1899
1043 1096
1043 1316
1043 1429
1043 1472
1043 1871
1044 1589
1044 1968
1045 1369
1045 1441
1045 1571
1045 1622
1045 1962
1046 1236
1046 1311
1046 1606
1046 1813
1047 1809
1048 1229
1048 1314
1048 1344
1049 1096
1049 1206
1049 1345
1049 1512
1049 1517
1049 1730
1050 1385
1050 1420
1050 1583
1050 1652
1050 1939
1051 1302
1051 1407
1051 1482
1051 1553
1052 1156
1052 1281
1052 1630
1052 1915
1053 1097
1053 1140
1053 1307
1053 1333
1053 1335
1053 1652
1053 1822
1053 1836
1053 1932
1053 1956
1054 1062
1054 1087
1054 1424
1054 1510
1054 1568
1054 1845
1054 1974
1055 1138
1055 1562
1055 1677
1056 1935
1057 1418
1057 1701
1057 1856
1057 1888
1058 1067
1058 1408
1058 1437
1058 1707
1059 1066
1059 1099
1059 1170
1059 1230
1059 1286
1059 1413
1059 1489
1059 1940
1060 1225
1060 1343
1060 1971
1061 1176
1061 1301
1061 1330
1061 1408
1061 1534
1061 1604
1061 1666
1062 1248
1062 1768
1063 1122
1063 1388
1063 1487
1063 1659
1063 1801
1063 1882
1063 1891
1063 1932
1063 1941
1064 1577
1065 1111
1065 1128
1065 1722
1065 1786
1066 1163
1066 1406
1066 1408
1066 1707
1067 1072
1067 1107
1067 1202
1067 1246
1067 1811
1067 1998
1068 1267
1068 1371
1068 1615
1069 1539
1069 1746
1070 1110
1070 1138
1070 1307
1070 1425
1070 1442
1070 1860
1070 1920
1071 1332
1072 1127
1072 1131
1073 1578
1073 1611
1073 1789
1074 1120
1074 1248
1074 1414
1074 1889
1075 1354
1076 1125
1076 1487
1077 1207
1077 1527
1078 1854
1078 1948
1078 1984
1079 1184
1079 1198
1079 1289
1079 1610
1079 1634
1079 1904
1080 1297
1080 1559
1081 1165
1081 1293
1081 1604
1081 1788
1081 1877
1081 1888
1081 1931
1082 1381
1082 1619
1082 1735
1083 1129
1083 1367
1083 1432
1083 1449
1083 1596
1083 1777
1084 1132
1084 1276
1085 1239
1085 1404
1085 1655
1085 1896
1086 1158
1086 1375
1086 1473
1086 1691
1086 1815
1087 1184
1087 1353
1087 1863
1087 1932
1088 1403
1088 1449
1088 1595
1088 1637
1089 1349
1089 1372
1089 1452
1089 1981
1090 1280
1090 1652
1090 1687
1091 1142
1091 1669
1091 1682
1091 1736
1091 1832
1091 1850
1091 1869
1091 1934
1092 1647
1092 1906
1093 1211
1093 1258
1093 1501
1094 1337
1094 1989
1095 1313
1095 1478
1095 1527
1095 1542
1095 1608
1095 1906
1096 1203
1096 1231
1096 1310
1096 1616
1096 1779
1096 1955
1097 1118
1097 1367
1097 1603
1097 1681
1097 1870
1097 1971
1098 1199
1098 1545
1098 1756
1098 1786
1099 1188
1099 1432
1099 1867
1099 1935
1100 1119
1100 1168
1100 1302
1100 1351
1100 1374
1100 1414
1100 1449
1100 1621
1100 1902
1101 1238
1101 1672
1101 1950
1102 1241
1102 1360
1102 1419
1103 1188
1103 1403
1103 1972
1104 1829
1105 1154
1105 1250
1105 1363
1106 1230
1106 1281
1106 1799
1107 1135
1107 1429
1107 1452
1107 1673
1108 1205
1108 1515
1108 1800
1108 1832
1108 1939
1109 1213
1109 1444
1109 1597
1109 1629
1109 1697
1109 1737
1109 1940
1110 1455
1110 1574
1110 1687
1110 1723
1110 1866
1110 1954
1111 1219
1111 1436
1111 1764
1112 1148
1112 1492
1112 1510
1112 1586
1112 1748
1113 1277
1113 1341
1113 1390
1113 1740
1113 1744
1114 1141
1114 1701
1114 1744
1115 1206
1115 1302
1115 1341
1115 1962
1115 1973
1116 1214
1116 1273
1116 1564
1116 1602
1116 1914
1117 1187
1117 1217
1117 1433
1117 1586
1118 1406
1118 1477
1118 1973
1119 1187
1119 1459
1120 1156
1120 1691
1121 1240
1121 1626
1121 1833
1122 1127
1122 1166
1122 1190
1122 1381
1122 1559
1122 1862
1122 1884
1123 1328
1123 1336
1123 1871
1124 1488
1124 1635
1124 1803
1124 1932
1125 1652
1125 1849
1125 1897
1126 1247
1126 1333
1126 1363
1126 1746
1126 1841
1127 1989
1128 1202
1128 1414
1128 1433
1128 1785
1129 1330
1129 1671
1129 1817
1129 1934
1130 1298
1130 1504
1130 1879
1130 1882
1130 1990
1131 1197
1131 1955
1132 1285
1132 1335
1132 1566
1132 1870
1132 1957
1133 1295
1133 1332
1133 1361
1133 1628
1133 1904
1134 1376
1134 1408
1134 1638
1134 1914
1135 1415
1135 1455
1135 1500
1135 1686
1136 1188
1136 1651
1136 1686
1136 1741
1136 1789
1137 1555
1137 1650
1138 1408
1138 1496
1138 1660
1138 1710
1138 1805
1139 1210
1139 1238
1139 1369
1139 1390
1139 1473
1139 1778
1139 1830
1140 1142
1140 1188
1140 1224
1140 1646
1140 1657
1140 1914
1141 1170
1141 1999
1142 1146
1142 1185
1142 1456
1142 1572
1142 1863
1143 1215
1143 1530
1143 1628
1144 1201
1144 1511
1144 1598
1144 1606
1144 1656
1144 1663
1145 1867
1146 1150
1146 1234
1146 1598
1146 1691
1147 1405
1147 1568
1147 1795
1148 1280
1148 1693
1148 1819
1148 1835
1148 1882
1148 1920
1149 1271
1149 1494
1149 1553
1149 1659
1149 1660
1149 1916
1150 1362
1151 1158
1151 1268
1151 1558
1151 1560
1151 1818
1152 1181
1152 1208
1152 1264
1152 1280
1152 1446
1152 1536
1152 1592
1153 1308
1153 1323
1153 1413
1153 1436
1153 1732
1153 1920
1154 1163
1154 1216
1154 1292
1154 1835
1155 1637
1155 1758
1156 1189
1156 1943
1157 1232
1157 1352
1157 1389
1157 1406
1157 1632
1157 1667
1157 1937
1158 1380
1158 1562
1158 1802
1159 1181
1159 1383
1159 1388
1159 1596
1159 1688
1159 1726
1159 1740
1159 1810
1160 1233
1160 1472
1160 1523
1160 1718
1161 1335
1161 1343
1161 1394
1161 1407
1161 1426
1161 1558
1161 1603
1161 1649
1161 1718
1161 1798
1161 1901
1162 1216
1162 1365
1162 1439
1162 1465
1162 1528
1162 1746
1162 1769
1162 1804
1162 1842
1162 1881
1163 1561
1163 1938
1163 1967
1164 1268
1164 1282
1164 1543
1164 1547
1165 1398
1165 1485
1165 1797
1166 1257
1166 1425
1166 1478
1166 1639
1166 1769
1167 1734
1168 1356
1168 1372
1168 1521
1168 1584
1169 1206
1169 1244
1169 1286
1169 1850
1169 1878
1170 1215
1170 1411
1170 1566
1170 1661
1170 1673
1170 1769
1170 1952
1171 1192
1171 1323
1171 1625
1171 1727
1171 1738
1171 1966
1172 1283
1172 1863
1172 1991
1173 1265
1173 1345
1173 1431
1173 1860
1174 1209
1174 1359
1174 1745
1174 1850
1174 1915
1175 1207
1175 1247
1175 1285
1175 1535
1175 1644
1175 1703
1175 1816
1176 1228
1176 1338
1176 1453
1176 1567
1176 1854
1177 1257
1177 1657
1177 1738
1178 1484
1178 1837
1178 1899
1178 1936
1178 1986
1179 1369
1179 1834
1179 1892
1180 1679
1181 1312
1181 1608
1181 1737
1182 1456
1182 1620
1182 1688
1182 1826
1182 1890
1183 1244
1183 1353
1183 1517
1183 1664
1183 1674
1183 1814
1183 1816
1184 1515
1184 1684
1184 1704
1185 1359
1185 1402
1185 1756
1187 1363
1187 1437
1187 1756
1187 1894
1188 1356
1188 1396
1188 1428
1188 1483
1188 1485
1188 1528
1188 1564
1188 1589
1188 1794
1188 1989
1189 1663
1190 1245
1190 1739
1190 1817
1190 1856
1191 1522
1191 1822
1192 1968
1193 1405
1193 1409
1193 1572
1193 1645
1193 1798
1193 1826
1193 1990
1194 1470
1194 1873
1195 1468
1195 1477
1195 1533
1195 1729
1196 1341
1196 1378
1196 1400
1196 1413
1196 1483
1198 1358
1198 1421
1198 1769
1198 2000
1199 1261
1199 1627
1199 1724
1199 1852
1200 1265
1200 1334
1200 1339
1200 1837
1200 1847
1200 1888
1201 1436
1201 1535
1202 1422
1202 1554
1202 1841
1202 1979
1203 1376
1203 1477
1203 1746
1203 1922
1204 1516
1204 1762
1205 1298
1205 1643
1205 1918
1206 1299
1206 1633
1206 1666
1207 1301
1207 1580
1207 1595
1207 1742
1207 1770
1208 1325
1208 1350
1208 1377
1208 1417
1208 1519
1208 1937
1208 1979
1209 1387
1209 1394
1209 1662
1209 1678
1209 1709
1209 1894
1210 1782
1210 1930
1211 1242
1211 1497
1211 1550
1211 1793
1212 1385
1212 1589
1213 1342
1213 1539
1213 1633
1213 1658
1213 1830
1214 1386
1214 1471
1214 1473
1214 1510
1214 1517
1214 1557
1214 1650
1214 1746
1214 1979
1215 1454
1215 1525
1215 1665
1215 1960
1216 1398
1216 1613
1216 1880
1217 1287
1217 1551
1217 1578
1217 1826
1218 1310
1218 1836
1218 1839
1218 1910
1219 1658
1219 1878
1220 1225
1220 1333
1220 1402
1220 1492
1220 1535
1220 1784
1221 1366
1221 1444
1221 1635
1221 1699
1222 1621
1222 1933
1223 1440
1223 1548
1223 1581
1224 1286
1224 1395
1224 1665
1224 1679
1224 1858
1224 1920
1225 1586
1225 1632
1225 1740
1226 1378
1226 1839
1227 1325
1227 1511
1227 1556
1227 1565
1227 1967
1227 1972
1228 1307
1229 1659
1229 1782
1230 1350
1230 1474
1230 1766
1230 1808
1231 1237
1231 1296
1231 1476
1231 1703
1231 1710
1231 1808
1232 1297
1232 1325
1232 1475
1232 1565
1232 1640
1232 1674
1232 1784
1232 1938
1233 1453
1233 1652
1233 1718
1233 1959
1234 1292
1234 1441
1234 1531
1234 1538
1234 1894
1234 1964
1235 1695
1235 1714
1235 1749
1236 1339
1236 1445
1236 1607
1236 1825
1237 1741
1239 1246
1239 1319
1239 1367
1239 1593
1239 1614
1239 1920
1240 1328
1240 1435
1240 1495
1240 1728
1241 1246
1241 1550
1241 1717
1242 1481
1242 1604
1242 1610
1242 1978
1243 1395
1243 1471
1243 1565
1244 1259
1244 1282
1244 1453
1244 1510
1244 1998
1245 1523
1245 1559
1245 1989
1246 1556
1246 1582
1247 1366
1247 1491
1247 1739
1247 1744
1248 1688
1248 1696
1248 1777
1248 1872
1249 1432
1249 1448
1249 1453
1249 1523
1249 1757
1249 1876
1250 1408
1250 1729
1250 1785
1250 1830
1251 1467
1251 1561
1251 1611
1251 1923
1252 1385
1252 1644
1252 1645
1253 1371
1253 1708
1254 1348
1254 1524
1254 1698
1255 1429
1255 1465
1256 1535
1256 1546
1256 1694
1256 1866
1256 1959
1257 1436
1257 1498
1257 1512
1257 1766
1257 1880
1258 1379
1258 1477
1258 1935
1259 1423
1259 1508
1259 1564
1259 1603
1259 1942
1260 1331
1260 1400
1260 1755
1261 1471
1261 1537
1261 1766
1261 1861
1261 1945
1262 1822
1262 1935
1262 1974
1263 1821
1263 1972
1264 1355
1264 1393
1264 1688
1264 1791
1265 1281
1265 1336
1265 1929
1266 1274
1266 1501
1266 1660
1267 1429
1267 1767
1267 1989
1268 1366
1268 1946
1269 1670
1269 1885
1270 1284
1270 1742
1270 1868
1270 1902
1271 1363
1271 1388
1271 1443
1271 1678
1271 1681
1272 1339
1272 1743
1273 1666
1273 1890
1274 1699
1274 1968
1275 1368
1275 1734
1276 1620
1277 1717
1278 1436
1278 1635
1278 1855
1278 1861
1278 1920
1279 1438
1280 1786
1280 1871
1280 1994
1281 1828
1281 1903
1282 1403
1282 1905
1282 1924
1282 1970
1282 1976
1283 1352
1283 1464
1283 1803
1283 1929
1284 1606
1284 1763
1284 1933
1285 1357
1285 1393
1285 1921
1286 1469
1286 1527
1286 1693
1286 1775
1287 1320
1287 1790
1287 1877
1287 1931
1288 1846
1288 1886
1288 1930
1289 1313
1289 1525
1289 1608
1290 1347
1290 1434
1290 1646
1290 1768
1291 1396
1291 1441
1292 1963
1293 1476
1293 1538
1293 1691
1294 1301
1295 1380
1295 1937
1296 1599
1296 1814
1297 1494
1297 1536
1297 1588
1297 1709
1297 1767
1298 1704
1299 1544
1299 1577
1300 1327
1300 1680
1300 1868
1300 1938
1301 1498
1301 1552
1301 1825
1301 1843
1302 1553
1302 1749
1302 1774
1304 1412
1304 1607
1305 1421
1305 1424
1305 1799
1305 1884
1306 1438
1306 1650
1306 1788
1306 1927
1307 1320
1307 1338
1307 1435
1307 1447
1307 1852
1307 1895
1308 1915
1309 1374
1309 1475
1309 1895
1309 1932
1310 1385
1310 1602
1310 1632
1310 1703
1310 2000
1311 1391
1311 1546
1311 1556
1311 1693
1312 1487
1312 1530
1312 1959
1312 1965
1313 1482
1313 1563
1313 1713
1313 1754
1313 1971
1314 1371
1314 1525
1314 1611
1314 1909
1315 1570
1316 1354
1316 1385
1316 1714
1316 1950
1316 1992
1317 1331
1317 1748
1318 1445
1318 1492
1319 1402
1319 1453
1319 1470
1319 1740
1320 1906
1321 1974
1322 1403
1322 1603
1322 1656
1322 1741
1323 1332
1323 1358
1323 1686
1323 1860
1324 1636
1324 1641
1324 1825
1324 1883
1324 1943
1324 1966
1325 1457
1325 1834
1326 1401
1326 1618
1326 1717
1326 1842
1326 1868
1327 1473
1327 1488
1327 1709
1327 1718
1327 1815
1327 1900
1328 1525
1328 1528
1328 1996
1329 1534
1329 1718
1329 1730
1329 1986
1330 1802
1330 1839
1330 1867
1330 1885
1332 1333
1332 1355
1332 1389
1332 1527
1332 1628
1333 1592
1333 1909
1333 1979
1334 1506
1334 1613
1334 1848
1334 1912
1335 1788
1335 1799
1336 1765
1336 1933
1336 1971
1337 1371
1337 1422
1337 1551
1337 1921
1337 1995
1338 1440
1338 1585
1338 1810
1338 1833
1339 1715
1339 1873
1339 1943
1340 1480
1340 1587
1340 1741
1340 1783
1340 1791
1340 1881
1341 1839
1341 1877
1342 1594
1342 1704
1342 1919
1343 1478
1343 1519
1343 1589
1343 1603
1343 1618
1343 1742
1343 1776
1344 1669
1345 1490
1345 1556
1345 1731
1345 1935
1345 1997
1346 1448
1346 1620
1346 1991
1347 1481
1347 1673
1347 1752
1348 1491
1348 1888
1349 1440
1350 1434
1350 1629
1350 1708
1350 1830
1350 1909
1351 1506
1351 1553
1351 1572
1351 1644
1351 1699
1352 1708
1352 1756
1353 1520
1353 1723
1353 1731
1354 1448
1354 1592
1354 1723
1355 1777
1355 1891
1355 1909
1355 1970
1356 1571
1356 1949
1357 1930
1358 1954
1359 1422
1359 1432
1360 1683
1360 1961
1362 1369
1362 1469
1362 1640
1363 1386
1363 1450
1363 1510
1364 1386
1364 1537
1364 1886
1365 1845
1366 1825
1366 1842
1366 1995
1367 1590
1367 1690
1368 1511
1369 1405
1369 1469
1369 1965
1370 1599
1370 1692
1371 1534
1372 1424
1372 1568
1372 1821
1372 1953
1373 1682
1373 1759
1373 1793
1373 1878
1374 1385
1374 1612
1374 1626
1374 1712
1374 1938
1375 1390
1375 1972
1376 1386
1376 1522
1376 1594
1377 1436
1377 1623
1377 1722
1377 1955
1378 1532
1378 1799
1378 1838
1379 1628
1380 1569
1381 1740
1382 1596
1382 1718
1383 1402
1383 1403
1383 1584
1383 1612
1383 1651
1384 1547
1385 1417
1385 1557
1385 1656
1385 1835
1386 1434
1387 1474
1387 1716
1387 1762
1388 1731
1388 1732
1388 1993
1389 1512
1389 1622
1389 1822
1389 1976
1390 1556
1390 1756
1390 1765
1391 1767
1391 1858
1391 1889
1392 1690
1392 1837
1393 1769
1393 1928
1394 1706
1394 1797
1395 1571
1395 1896
1395 1912
1396 1872
1397 1602
1397 1912
1397 1959
1399 1465
1400 1510
1400 1625
1400 1693
1401 1431
1402 1495
1402 1739
1402 1941
1403 1562
1403 1587
1403 1866
1403 1921
1404 1512
1404 1739
1404 1810
1404 1823
1404 1852
1405 1532
1405 1634
1405 1686
1406 1626
1406 1730
1406 1928
1407 1460
1407 1573
1407 1581
1407 1675
1407 1736
1407 1937
1407 1959
1408 1771
1408 1835
1408 1991
1409 1701
1409 1865
1410 1558
1410 1956
1411 1538
1412 1742
1412 1978
1413 1533
1414 1590
1414 1714
1414 1768
1414 1821
1415 1506
1415 1784
1415 1910
1416 1587
1416 1731
1416 1820
1417 1585
1417 1854
1417 1864
1417 1928
1418 1800
1418 1984
1418 1992
1420 1434
1420 1601
1420 1837
1421 1442
1421 1460
1421 1631
1421 1776
1421 1804
1422 1573
1422 1637
1423 1806
1423 1808
1423 1827
1424 1521
1424 1812
1424 1922
1425 1461
1425 1544
1425 1552
1425 1641
1426 1582
1426 1597
1426 1701
1426 1807
1426 1974
1426 1994
1427 1578
1427 1782
1427 1824
1428 1564
1428 1653
1428 1682
1428 1854
1429 1442
1429 1606
1429 1685
1429 1823
1430 1750
1431 1718
1431 1760
1432 1458
1432 1971
1432 1978
1433 1488
1433 1783
1433 1787
1434 1460
1434 1514
1434 1907
1434 1970
1435 1655
1435 1731
1436 1441
1436 1715
1436 1756
1437 1447
1437 1588
1438 1574
1439 1524
1439 1551
1439 1654
1439 1723
1439 1887
1439 1963
1440 1740
1440 1928
1440 1985
1441 1550
1441 1888
1442 1820
1442 1918
1442 1926
1443 1579
1443 1911
1443 1973
1444 1445
1444 1447
1444 1460
1444 1523
1444 1907
1445 1457
1445 1816
1445 1858
1446 1511
1446 1855
1446 1905
1447 1908
1447 1962
1448 1500
1448 1649
1448 1725
1448 1973
1448 1976
1449 1564
1449 1741
1449 1971
1450 1676
1450 1752
1450 1895
1451 1573
1451 1611
1451 1784
1451 1803
1451 1851
1452 1608
1453 1606
1454 1458
1454 1527
1454 1585
1454 1619
1455 1631
1455 1744
1456 1596
1456 1891
1456 1945
1457 1760
1457 1809
1459 1743
1459 1909
1460 1506
1460 1689
1460 1826
1460 1868
1461 1837
1461 1884
1461 1887
1461 1932
1462 1520
1462 1631
1462 1735
1462 1804
1462 1929
1463 1561
1463 1764
1464 1744
1464 1945
1465 1652
1465 1811
1466 1819
1466 1852
1467 1521
1467 1589
1467 1653
1467 1874
1467 1952
1468 1595
1469 1523
1469 1557
1469 1869
1470 1609
1470 1764
1471 1889
1472 1517
1472 1562
1472 1943
1473 1500
1473 1805
1474 1534
1474 1628
1475 1689
1475 1762
1476 1524
1476 1767
1476 1841
1477 1973
1478 1491
1478 1605
1479 1596
1479 1685
1479 1931
1479 1949
1479 1982
1480 1561
1480 1684
1480 1888
1480 1949
1481 1723
1481 1790
1482 1649
1482 1740
1482 1984
1483 1828
1484 1540
1484 1630
1484 1833
1484 1850
1484 1962
1485 1535
1485 1652
1485 1903
1486 1649
1486 1750
1486 1876
1487 1733
1487 1798
1487 2000
1488 1768
1489 1619
1489 1957
1489 1961
1490 1767
1490 1997
1491 1572
1491 1628
1491 1642
1491 1846
1491 1876
1492 1813
1493 1905
1493 1965
1493 1987
1494 1567
1494 1783
1494 1891
1495 1581
1495 1805
1496 1854
1497 1503
1497 1548
1497 1569
1497 1774
1497 1785
1497 1965
1500 1581
1500 1800
1501 1627
1501 1781
1501 1917
1501 1977
1502 1599
1502 1717
1503 1543
1503 1690
1504 1616
1504 1698
1505 1550
1505 1646
1505 1784
1505 1952
1506 1865
1506 1952
1507 1573
1507 1712
1507 1716
1507 1760
1508 1806
1508 1854
1508 1887
1508 1929
1509 1759
1509 1873
1510 1548
1510 1760
1510 1966
1511 1581
1511 1704
1512 1524
1513 1585
1513 1600
1513 1656
1514 1559
1515 1532
1515 1912
1516 1631
1517 1977
1518 1896
1519 1693
1520 1576
1520 1696
1520 1810
1520 1828
1520 1947
1521 1533
1521 1535
1521 1852
1521 1992
1522 1754
1523 1662
1524 1841
1524 1886
1524 1987
1525 1672
1525 1700
1525 1747
1525 1911
1526 1587
1526 1621
1527 1602
1527 1712
1527 1811
1528 1877
1529 1662
1529 1679
1529 1749
1529 1988
1530 1649
1531 1646
1531 1924
1531 1941
1532 1646
1533 1612
1534 1551
1534 1620
1534 1694
1534 1850
1534 1947
1534 1979
1535 1592
1536 1765
1536 1794
1536 1857
1537 1774
1537 1836
1538 1584
1538 1781
1539 1815
1540 1554
1540 1648
1540 1824
1540 1956
1541 1837
1542 1620
1542 1797
1543 1612
1543 1652
1543 1683
1543 1946
1544 1610
1545 1958
1545 1996
1546 1841
1547 1718
1547 1878
1547 1921
1548 1908
1548 1949
1549 1656
1549 1766
1549 1785
1549 1943
1550 1682
1550 1696
1550 1967
1551 1743
1551 1941
1551 1950
1552 1824
1552 1847
1553 1655
1553 1717
1553 1850
1553 1862
1554 1965
1556 1654
1559 1636
1559 1852
1559 1895
1559 1950
1560 1595
1560 1898
1561 1753
1562 1692
1562 1874
1562 1903
1562 1989
1563 1642
1563 1824
1563 1829
1563 1937
1563 1941
1564 1605
1564 1686
1564 1749
1564 1840
1564 1856
1564 1879
1565 1902
1566 1569
1568 1856
1568 1920
1568 1998
1569 1880
1570 1581
1570 1643
1570 1717
1570 1798
1570 1938
1571 1893
1572 1614
1572 1897
1573 1731
1573 1792
1573 1823
1573 1948
1574 1656
1574 1673
1576 1858
1577 2000
1578 1819
1578 1851
1578 1877
1579 1621
1579 1635
1579 1648
1579 1764
1579 1768
1580 1982
1581 1815
1581 1840
1581 1995
1582 1611
1582 1651
1582 1821
1582 1827
1582 1935
1582 1973
1583 1613
1583 1927
1584 1764
1584 1901
1586 1723
1586 1774
1588 1616
1588 1627
1588 1909
1589 1679
1590 1726
1590 1807
1590 1834
1590 1913
1590 1988
1591 1650
1591 1890
1591 1953
1592 1918
1593 1678
1593 1726
1595 1871
1595 1889
1595 1901
1596 1655
1596 1683
1596 1708
1597 1756
1597 1782
1597 1814
1597 1989
1598 1606
1599 1896
1599 1910
1599 1994
1600 1642
1601 1779
1601 1790
1601 1833
1602 1772
1602 1834
1602 1916
1603 1711
1603 1894
1604 1667
1604 1702
1604 1864
1605 1611
1606 1769
1607 1683
1607 1728
1607 1768
1607 1778
1607 1779
1610 1884
1611 1647
1611 1897
1612 1715
1612 1938
1613 1722
1613 1769
1613 1978
1614 1859
1615 1698
1615 1926
1615 1932
1616 1689
1616 1829
1616 1929
1617 1663
1618 1620
1618 1835
1618 1879
1618 1965
1619 1715
1619 1747
1619 1858
1620 1883
1620 2000
1621 1642
1621 1754
1622 1748
1622 1836
1622 1929
1623 1636
1623 1909
1623 1988
1624 1776
1624 1784
1625 1948
1627 1677
1627 1840
1628 1873
1629 1718
1629 1808
1629 1822
1629 1908
1629 1954
1630 1669
1630 1958
1630 1965
1630 1978
1630 1988
1632 1649
1632 1662
1632 1782
1632 1875
1632 1881
1633 1804
1635 1741
1635 1885
1635 1927
1636 1771
1636 1790
1636 1869
1638 1846
1639 1660
1639 1759
1639 1788
1639 1865
1640 1723
1640 1972
1641 1654
1641 1685
1641 1944
1643 1871
1643 1920
1644 1853
1644 1861
1644 1910
1644 1990
1645 1720
1645 1891
1646 1781
1646 1886
1646 1908
1648 1914
1648 1983
1649 1666
1649 1954
1650 1899
1650 1982
1650 1997
1652 1857
1653 1838
1654 1667
1655 1711
1655 1726
1656 1717
1658 1779
1658 1800
1658 1973
1659 1972
1660 1853
1661 1791
1661 1915
1661 1916
1662 1775
1662 1791
1663 1688
1663 1719
1663 1729
1665 1779
1666 1688
1666 1857
1667 1674
1668 1684
1668 1720
1669 1826
1670 1881
1671 1692
1673 1990
1673 1996
1674 1750
1675 1694
1675 1731
1675 1749
1676 1925
1677 1868
1678 1726
1679 1744
1679 1820
1679 1921
1681 1841
1683 1736
1683 1816
1685 1709
1689 1754
1690 1910
1691 1907
1692 1797
1692 1844
1692 1889
1692 1927
1693 1696
1693 1706
1693 1787
1694 1787
1694 1789
1694 1890
1694 1904
1694 1943
1694 1955
1695 1722
1696 1951
1696 1958
1698 1790
1700 1840
1701 1930
1702 1835
1702 1914
1705 1816
1705 1893
1706 1827
1706 1903
1706 1938
1707 1888
1709 1818
1710 1735
1711 1723
1712 1723
1712 1817
1713 1960
1713 1974
1714 1921
1716 1835
1716 1959
1717 1770
1718 1915
1718 1929
1719 1785
1719 1902
1720 1760
1720 1831
1720 1889
1720 1928
1720 1984
1721 1764
1721 1912
1723 1810
1723 1879
1724 1785
1724 1789
1725 1789
1725 1861
1728 1918
1729 1732
1729 1898
1729 1942
1730 1794
1731 1819
1732 1929
1733 1897
1734 1792
1735 1757
1735 1823
1735 1948
1736 1799
1736 1931
1736 1953
1737 1764
1737 1938
1737 1988
1740 1759
1741 1841
1743 1916
1744 1954
1745 1771
1746 1798
1746 1817
1746 1955
1746 1957
1748 1886
1748 1940
1749 1794
1750 1898
1752 1903
1754 1778
1754 1807
1754 1869
1755 1819
1755 1828
1757 1764
1757 1906
1759 1787
1759 1801
1759 1837
1760 1867
1760 1950
1762 1846
1764 1945
1765 1772
1768 1791
1768 1792
1768 1832
1768 1836
1768 2000
1769 1851
1770 1967
1771 1906
1771 1945
1772 1784
1772 1919
1775 1875
1776 1798
1776 1976
1778 1833
1784 1930
1785 1835
1786 1975
1788 1886
1788 1961
1789 1831
1790 1849
1790 1964
1791 1987
1792 1927
1795 1910
1795 1919
1797 1913
1797 1951
1798 1822
1799 1859
1800 1811
1801 1864
1803 1969
1803 1984
1804 1905
1804 1964
1806 1891
1809 1904
1809 1907
1809 1927
1809 2000
1810 1928
1810 1985
1811 1850
1812 1882
1812 1907
1812 1967
1813 1834
1816 1967
1817 1946
1818 1833
1818 1841
1819 1951
1819 1978
1826 1886
1826 1968
1830 1895
1832 1887
1832 1959
1832 1999
1835 1946
1836 1886
1838 2000
1841 1925
1842 1892
1842 1955
1844 1922
1844 1947
1845 1895
1845 1918
1845 1936
1846 1953
1846 1983
1850 1958
1855 1925
1856 1960
1858 1889
1859 1872
1863 1933
1865 1918
1866 1891
1867 1986
1870 1883
1870 1911
1870 1996
1874 1936
1879 1997
1880 1963
1882 1944
1882 1967
1883 1940
1884 1890
1886 1991
1888 1897
1891 1919
1891 1961
1892 1943
1893 1895
1893 1989
1894 1928
1895 1908
1896 1921
1898 1968
1898 2000
1899 1929
1900 1936
1903 1905
1905 1906
1906 1922
1907 1925
1907 1937
1910 1912
1913 1962
1916 1958
1922 1984
1923 1940
1924 1950
1928 1964
1931 1989
1934 1963
1935 1989
1936 1954
1939 1943
1942 1954
1943 1957
1944 1961
1944 1973
1945 1971
1945 1998
1947 1968
1948 1950
1948 1996
1951 1998
1952 1979
1952 1980
1988 1993
