2000
1 689
1 1519
1 1539
2 537
2 604
2 768
2 1076
2 1400
2 1472
2 1538
2 1741
3 100
3 483
3 1508
4 164
4 755
4 955
4 1154
4 1219
5 48
5 730
5 877
5 1365
5 1384
6 449
6 897
6 1037
6 1219
6 1482
6 1775
7 454
7 1108
7 1250
8 413
8 859
8 1658
8 1994
9 456
9 924
9 1662
10 21
10 267
10 712
10 756
10 1471
10 1478
11 144
11 243
11 414
11 690
11 1376
12 817
12 898
12 1072
12 1816
12 1993
13 215
13 636
13 879
13 1001
13 1051
13 1563
14 139
14 564
14 566
14 1440
14 1500
14 1839
15 284
15 641
15 658
15 772
15 972
15 1029
15 1033
15 1345
15 1461
15 1541
15 1579
15 1848
16 1101
16 1172
17 35
17 233
17 266
17 517
18 435
18 755
18 772
18 889
18 988
18 1281
18 1771
19 57
19 104
19 1020
19 1061
19 1116
19 1503
19 1774
19 1835
20 100
20 659
20 662
20 1106
20 1131
20 1671
21 1173
21 1896
21 1925
21 1971
22 284
22 630
22 1511
22 1976
23 537
23 679
23 684
23 776
23 821
23 885
23 1131
23 1309
23 1459
23 1510
23 1779
24 951
24 1264
24 1385
24 1550
25 858
25 1693
25 1704
25 1764
26 518
26 857
26 862
26 942
26 955
26 1051
26 1161
26 1305
26 1974
27 159
27 421
27 1990
28 137
28 185
28 597
28 955
28 991
28 1706
28 1774
29 454
29 642
29 836
29 1040
29 1800
30 409
30 566
30 774
30 977
30 1302
30 1931
30 1987
31 271
31 1284
31 1333
31 1387
31 1698
31 1867
32 267
32 349
32 468
32 803
32 1540
33 114
33 369
33 381
33 984
33 1104
33 1211
33 1585
33 1815
34 666
34 859
34 940
34 1488
35 633
35 770
35 949
35 1226
35 1227
36 1331
36 1365
36 1925
37 470
37 532
37 613
37 805
37 1858
38 45
38 63
38 72
38 197
38 1068
38 1170
38 1512
38 1541
38 1690
39 444
39 508
39 730
39 1158
39 1839
39 1845
39 1883
40 62
40 510
40 593
40 1434
40 1707
40 1954
41 1371
41 1376
41 1401
41 1710
42 1865
43 296
43 528
43 959
43 1026
43 1434
43 1534
43 1559
44 105
44 668
44 678
44 1073
44 1526
44 1600
44 1937
44 1985
45 642
45 673
45 813
45 826
45 1006
45 1253
45 1360
45 1473
45 1474
45 1990
45 1999
46 119
46 315
46 368
46 570
46 805
46 926
46 1630
46 1771
46 1842
46 1968
47 108
47 308
47 406
47 1157
47 1610
47 1719
47 1785
48 453
48 574
48 1766
49 143
49 560
49 1165
49 1366
49 1605
49 1660
49 1768
49 1793
49 1910
50 159
50 494
50 1936
51 158
51 239
51 281
51 333
51 1239
51 1498
51 1604
51 1821
52 298
53 1829
53 1836
54 78
54 718
54 772
54 1784
55 973
55 1283
55 1293
55 1479
55 1666
55 1872
56 324
56 863
56 1901
57 785
57 1034
57 1248
57 1481
57 1672
58 575
58 835
58 895
58 921
59 398
59 644
59 1023
59 1323
59 1642
59 1721
60 141
60 660
60 1060
60 1578
60 1697
61 171
61 419
61 1183
61 1706
61 1946
61 1967
62 291
62 640
62 1257
63 432
63 1148
63 1586
63 1621
63 1986
64 397
64 451
64 473
64 629
64 1153
64 1630
65 268
65 1002
65 1254
65 1404
65 1534
65 1729
65 1945
66 214
66 347
66 640
66 750
66 805
66 1522
66 1726
67 108
67 189
67 317
67 368
67 588
67 771
67 1555
67 1966
67 1970
67 1984
68 259
68 965
68 1002
68 1233
68 1371
69 112
69 313
70 125
70 366
70 380
70 1141
70 1242
70 1313
70 1622
70 1925
71 467
71 1396
71 1483
71 1568
71 1805
71 1853
71 1862
72 417
72 428
72 552
72 572
72 1053
72 1374
72 1772
72 1784
72 1828
73 725
73 874
73 981
73 1324
73 1675
74 219
74 1149
74 1344
74 1405
74 1697
74 1800
75 130
75 213
75 331
75 573
75 974
75 1456
75 1564
75 1710
75 1803
75 1868
76 379
76 1320
76 1432
76 1686
77 619
77 632
77 813
77 888
77 957
77 1040
77 1573
77 1686
77 1816
78 246
78 359
78 885
78 900
78 1414
78 1828
79 248
79 321
80 314
80 403
80 639
80 735
80 1445
81 264
81 662
81 1246
81 1620
81 1720
82 101
82 266
82 295
82 1280
82 1685
83 117
83 486
83 724
83 811
83 981
83 1114
83 1933
84 913
84 1155
84 1590
84 1786
85 348
85 531
85 711
85 810
85 1187
85 1748
86 330
86 1036
86 1399
86 1936
87 124
87 304
87 308
87 958
88 217
88 865
88 1418
88 1424
88 1540
88 1561
88 1700
88 1701
89 265
89 373
89 628
89 1092
89 1623
90 228
90 398
90 420
90 757
90 1913
91 837
91 892
91 1452
91 1713
92 897
92 1356
92 1409
92 1699
92 1792
93 103
93 185
93 245
93 287
93 987
93 1170
93 1852
94 119
94 482
94 657
94 783
94 1083
94 1418
94 1639
94 1972
95 550
95 576
95 987
95 1325
95 1642
95 1696
95 1844
95 1863
95 1979
96 459
96 1314
96 1497
97 162
97 448
97 1128
97 1717
97 1813
97 1851
97 1930
98 156
98 193
98 398
98 720
98 1249
98 1506
98 1731
99 468
99 658
99 820
100 161
100 373
100 380
100 688
100 1519
100 1751
100 1804
101 166
101 620
101 800
101 999
101 1061
101 1092
101 1355
101 1594
101 1671
101 1732
102 704
102 777
102 801
102 1285
102 1502
102 1511
102 1692
102 1810
102 1903
102 1913
103 150
103 310
103 1433
103 1438
104 231
104 315
104 398
104 483
104 804
104 970
104 1023
104 1677
104 1761
104 1946
104 1972
105 611
105 745
106 511
106 819
106 926
106 1397
106 1400
106 1681
106 1810
106 1995
107 933
107 1267
107 1300
107 1638
107 1723
108 272
108 639
108 762
108 1098
108 1574
108 1858
109 337
109 495
109 1956
110 716
110 825
110 1080
110 1335
111 212
111 439
111 446
111 682
111 774
111 906
111 1342
111 1459
111 1470
112 292
112 306
112 790
112 868
112 908
112 1871
113 625
113 1254
113 1406
114 209
114 779
114 1231
114 1603
114 1996
115 589
115 664
115 770
115 827
115 835
115 989
115 1246
115 1553
115 1850
116 753
116 859
116 876
116 1427
116 1632
117 278
117 390
117 647
117 825
117 1051
117 1309
118 434
118 699
118 813
118 1082
118 1557
118 1559
118 1680
119 501
119 863
119 1489
119 1580
119 1779
120 288
120 912
120 1574
120 1814
121 680
121 1795
122 677
122 863
122 1654
122 1729
122 1893
123 653
123 975
123 1284
123 1756
124 190
124 755
124 838
124 1348
124 1875
124 1904
125 355
125 592
125 698
125 1033
125 1916
126 177
126 536
126 1732
126 1953
127 301
127 538
127 866
127 1187
127 1225
127 1385
127 1497
127 1748
127 1845
128 349
128 1008
128 1482
129 464
129 520
129 640
129 959
129 1036
129 1260
129 1395
129 1437
129 1472
129 1582
130 1107
130 1569
130 1612
130 1798
130 1887
131 287
131 373
131 490
131 1178
131 1658
131 1918
132 282
132 355
132 376
132 759
132 954
132 1114
132 1439
132 1547
132 1548
133 330
133 409
133 486
133 1043
133 1560
134 162
134 850
134 959
134 1036
134 1185
134 1636
134 1724
135 492
135 678
135 1402
135 1552
135 1830
135 1955
136 266
136 440
136 1052
136 1525
136 1552
137 213
137 818
137 1086
137 1169
137 1371
137 1373
137 1458
138 297
138 877
138 1022
138 1115
138 1856
138 1985
139 567
139 1866
140 255
140 504
140 766
140 773
140 1006
140 1274
140 1500
140 1715
141 161
141 548
141 652
141 1635
141 1636
141 1671
141 1672
141 1763
141 1931
142 442
142 609
142 763
143 308
143 544
143 1376
143 1603
144 148
144 651
144 683
144 1245
144 1287
144 1477
144 1559
145 183
145 324
145 979
145 1016
145 1268
146 410
146 851
146 894
146 1312
146 1744
147 326
147 344
147 1221
147 1960
148 485
148 961
148 978
148 1156
148 1477
148 1808
149 316
149 940
149 1004
149 1803
150 963
150 1276
150 1381
150 1666
150 1914
151 622
151 1110
151 1252
152 315
152 368
152 615
152 806
152 849
152 1195
153 1341
153 1399
153 1459
154 844
154 1494
154 1761
154 1784
154 1788
154 1809
155 240
155 439
155 546
155 628
155 810
155 851
155 1544
155 1596
155 1617
155 1647
155 1839
156 164
156 384
156 737
156 1037
156 1598
156 1973
157 512
157 553
157 581
157 1715
158 504
158 995
158 1075
158 1194
158 1288
158 1651
159 1475
159 1678
160 220
160 304
160 1215
160 1342
160 1486
160 1579
160 1589
161 555
162 743
162 1674
163 412
163 614
163 917
163 990
163 1280
163 1785
164 1120
164 1135
165 191
165 213
165 307
165 614
165 920
165 985
165 1201
165 1899
166 388
166 508
166 547
166 820
166 907
166 913
166 1508
166 1892
166 1927
166 1946
167 559
167 745
167 829
167 1140
167 1221
167 1663
167 1719
168 288
168 422
168 577
168 937
168 1011
168 1295
169 186
169 413
169 490
169 1085
169 1391
169 1452
170 836
170 959
170 1081
170 1243
170 1934
171 223
172 892
172 1762
172 1956
173 609
173 803
173 901
173 952
173 1691
173 1851
173 1904
174 680
174 903
175 634
175 1206
175 1462
175 1544
175 1831
175 1892
176 417
176 574
176 856
176 1097
176 1106
176 1778
177 1101
177 1152
178 533
178 628
178 845
178 890
178 924
178 1616
178 1873
179 275
179 1094
179 1187
179 1345
179 1403
179 1638
180 375
180 621
180 913
180 1324
181 854
181 1108
181 1683
183 402
183 628
183 734
184 283
184 373
185 470
185 479
185 583
185 844
185 1378
185 1702
185 1760
186 443
186 589
186 930
186 992
186 1510
186 1532
187 217
187 277
187 632
187 807
187 1156
187 1254
187 1886
188 210
188 664
188 771
188 810
188 1465
189 348
189 775
189 903
189 1486
189 1927
189 1949
190 770
190 1024
190 1330
191 1406
191 1540
191 1669
191 1910
192 781
192 885
192 1091
192 1307
192 1359
192 1981
192 1999
193 482
193 882
193 1005
193 1381
193 1567
193 1879
194 1091
194 1562
194 1803
194 1826
195 252
195 377
195 804
195 994
195 1552
195 1935
196 953
196 1071
196 1075
196 1174
196 1183
196 1892
196 1970
197 1195
197 1215
197 1523
197 1645
197 1837
197 1986
198 347
198 554
198 576
198 1793
199 1009
199 1488
199 1785
199 1837
200 302
200 647
200 1091
200 1181
200 1206
200 1757
201 309
201 474
201 545
201 585
201 645
201 955
201 1500
201 1692
202 275
202 514
202 625
202 880
202 1491
203 318
203 435
203 708
203 738
203 747
203 1715
204 477
205 637
205 838
205 925
205 1651
205 1734
205 1936
205 1983
206 839
206 1596
206 1792
207 235
207 329
207 1846
208 634
208 1055
208 1194
208 1470
208 1516
208 1855
209 932
209 1737
210 310
210 373
210 835
210 1327
210 1332
210 1540
210 1998
211 333
211 406
211 832
211 839
211 1005
211 1567
211 1655
211 1665
212 263
212 269
212 484
212 488
212 908
212 1035
212 1092
212 1358
212 1534
212 1702
213 304
213 573
213 755
213 796
213 977
213 1215
213 1232
213 1703
214 258
214 1769
215 252
215 587
215 681
215 853
215 1328
215 1505
215 1850
215 1953
216 706
216 744
216 780
216 1289
216 1947
217 278
217 292
217 527
217 557
217 932
217 1117
217 1153
217 1896
218 547
218 691
218 698
218 779
218 930
218 973
218 1097
218 1403
218 1515
218 1695
219 697
219 1169
219 1401
219 1784
219 1812
220 360
220 585
220 903
220 1110
220 1138
220 1246
220 1463
221 278
221 391
221 540
221 1055
221 1529
221 1596
221 1837
222 685
222 1170
222 1213
222 1722
223 903
223 1306
223 1516
223 1659
224 460
224 684
224 727
224 805
224 822
224 1747
225 956
225 1467
225 1773
226 357
226 1901
226 1999
227 532
227 663
227 847
227 997
227 1341
227 1504
227 1522
228 1419
228 1635
229 288
229 290
229 592
229 787
229 1771
230 372
230 772
230 1439
231 464
231 1008
231 1361
231 1611
232 397
232 1106
232 1202
232 1563
233 268
233 715
233 754
233 983
233 1492
233 1899
233 1931
234 407
234 495
234 626
234 877
234 1341
234 1917
235 727
235 1945
236 252
236 482
236 604
236 792
236 856
236 887
236 1103
236 1363
236 1367
236 1787
237 272
237 711
237 1393
237 1613
237 1734
237 1873
237 1985
238 434
238 638
238 693
238 705
238 710
238 831
238 986
238 1429
238 1622
238 1659
239 869
239 1483
239 1921
240 1509
241 293
241 502
241 562
241 886
241 1187
242 618
242 861
242 1085
242 1473
242 1550
242 1813
243 592
243 712
243 1373
243 1483
244 1227
244 1474
244 1901
245 427
245 1616
246 550
246 631
246 972
246 1052
246 1227
246 1237
247 1114
247 1456
247 1519
247 1630
247 1649
248 257
248 558
248 599
248 813
248 1538
248 1799
248 1976
249 629
249 1508
249 1655
249 1807
250 664
251 939
251 962
251 1102
251 1189
251 1640
251 1757
252 636
252 965
252 1162
252 1522
253 619
253 1566
253 1801
254 651
254 894
254 1100
254 1284
254 1377
254 1570
254 1778
255 658
255 767
255 1044
255 1098
255 1175
255 1399
255 1472
255 1583
256 561
256 598
256 923
256 937
256 1200
256 1258
256 1538
256 1556
257 273
257 275
257 536
257 762
257 1150
258 527
258 1007
258 1319
258 1362
258 1539
258 1750
258 1768
258 1969
259 483
259 1539
259 1659
259 1676
259 1767
260 604
260 837
260 897
260 1709
260 1985
261 914
261 1164
261 1722
261 1969
262 644
262 1174
262 1878
263 494
263 883
263 1801
264 299
264 446
264 752
264 849
264 928
264 940
264 1485
264 1708
264 1738
264 1772
264 1788
264 1828
265 269
265 456
265 1204
265 1733
266 393
266 423
266 799
266 910
267 1265
267 1705
267 1982
268 725
268 1075
268 1254
268 1504
268 1802
269 318
269 679
269 922
269 1702
269 1730
270 844
270 902
270 921
270 1333
271 305
271 836
271 856
271 1241
271 1529
271 1600
271 1834
271 1952
271 2000
272 287
272 375
272 760
272 768
272 797
272 1661
273 404
273 673
273 1509
274 362
274 585
274 623
274 628
274 659
274 1033
274 1090
274 1638
275 333
275 395
275 584
275 626
275 638
275 937
275 1317
275 1671
276 324
276 440
276 1140
276 1235
276 1556
276 1695
277 463
277 722
277 819
277 954
277 1225
277 1463
277 1869
277 1969
278 765
278 1636
278 1876
278 1887
278 1889
279 889
280 351
280 467
280 584
280 624
280 982
280 1007
281 586
281 857
281 1040
281 1526
282 342
282 371
282 450
282 557
282 650
282 865
282 1207
282 1487
283 499
283 522
283 1782
284 1323
285 322
285 494
285 666
285 896
285 1022
285 1519
285 1889
286 765
286 1453
286 1975
287 1020
287 1225
287 1857
288 568
288 1072
288 1430
289 394
289 402
289 780
289 1423
289 1960
290 590
290 768
290 929
290 1676
291 402
291 867
291 950
291 1177
291 1227
291 1710
291 1823
292 506
292 1357
292 1652
293 1307
294 1885
295 1283
296 437
296 617
296 639
296 721
296 770
296 1162
296 1330
297 348
297 722
297 888
297 948
297 966
297 1064
297 1501
297 1543
297 1582
298 557
298 749
298 786
298 1002
298 1255
298 1799
298 1963
299 698
299 763
299 972
299 1352
299 1416
300 834
300 1252
300 1261
300 1347
301 800
301 1078
301 1128
301 1588
301 1761
302 622
302 637
302 1128
302 1243
302 1399
302 1736
302 1784
303 817
303 914
303 932
303 1025
303 1227
303 1313
303 1355
303 1422
304 792
304 1381
304 1580
305 335
305 539
305 1175
305 1365
305 1800
306 360
306 385
306 1401
306 1471
307 1255
307 1309
307 1569
307 1897
307 1938
308 571
308 635
308 637
308 892
308 1013
308 1151
308 1466
308 1913
309 497
309 1004
309 1582
310 458
310 659
310 717
310 791
310 852
310 1427
310 1545
310 1615
310 1678
310 1860
311 926
311 1049
311 1443
311 1890
311 1994
312 590
312 1901
313 745
313 868
313 922
313 1261
314 502
314 778
314 814
314 875
314 1223
314 1325
314 1895
315 645
315 1757
316 573
316 1083
316 1426
316 1591
317 462
317 743
317 1407
317 1521
317 1724
318 1705
318 1895
319 450
319 621
319 1799
320 409
320 1042
320 1784
320 1817
321 400
321 583
321 689
321 741
321 1040
321 1341
321 1393
321 1484
321 1509
321 1898
322 692
322 1554
323 873
323 1506
323 1809
324 606
324 732
324 771
324 1402
324 1652
324 1738
324 1753
325 364
325 417
325 444
325 572
325 618
325 1223
326 420
326 1183
326 1363
326 1840
327 439
327 576
327 586
327 1242
327 1267
327 1675
328 607
328 681
328 1868
329 442
329 536
329 565
329 1388
329 1510
330 722
330 1606
330 1612
330 1785
331 594
331 1561
331 1958
333 645
333 730
333 810
333 1223
334 1186
334 1413
334 1607
335 480
335 1006
335 1685
335 1807
336 811
336 1161
336 1687
337 731
337 993
337 1034
337 1311
337 1464
338 1043
339 400
339 527
339 622
339 1839
340 900
340 977
340 979
340 1085
340 1900
341 558
341 652
341 1025
341 1826
342 543
342 1274
342 1345
342 1594
342 1608
342 1623
342 1754
342 1822
343 442
343 845
343 1068
343 1082
343 1088
343 1214
343 1400
343 1495
344 432
344 918
344 1415
344 1422
344 1607
344 1775
345 782
345 919
346 630
346 703
346 944
346 1028
346 1123
346 1455
346 1459
346 1987
347 655
347 797
347 960
347 1115
347 1209
347 1278
347 1639
347 1804
347 1880
347 1996
348 1236
348 1801
349 664
349 1185
349 1474
349 1631
350 1364
351 823
351 1147
351 1735
352 536
352 550
352 1157
352 1214
352 1870
353 1334
354 530
354 614
354 1280
354 1523
354 1720
354 1812
354 1918
355 1651
355 1883
356 904
356 1000
356 1141
356 1345
356 1847
356 1904
357 663
357 1089
357 1352
358 619
358 839
358 1118
358 1249
358 1464
358 1546
359 468
359 509
359 597
359 724
359 1155
359 1616
359 1621
359 1624
359 1730
359 1828
359 1884
360 492
360 680
360 793
360 1015
361 596
361 798
361 1271
361 1578
361 1592
362 561
362 770
362 1124
362 1274
363 1189
363 1418
363 1536
363 1573
364 625
364 1476
364 1616
364 1650
365 382
365 570
365 706
366 567
366 581
366 976
366 1106
367 485
367 486
367 815
367 1260
367 1472
367 1802
368 638
368 870
368 1146
368 1154
368 1453
368 1579
368 1653
369 891
369 1076
369 1197
369 1454
370 1247
370 1909
371 419
371 1081
371 1226
371 1478
371 1796
372 746
372 816
372 1226
372 1298
372 1732
373 967
373 1580
373 1616
373 1899
373 1926
373 1963
374 1070
374 1099
374 1582
375 625
375 959
375 992
375 1026
375 1440
375 1629
375 1811
376 504
376 631
376 643
376 697
376 741
376 1321
376 1430
376 1450
377 684
377 724
377 796
378 805
378 1005
378 1043
378 1208
378 1416
379 406
379 636
379 954
379 1281
379 1542
379 1683
379 1831
380 1169
380 1342
380 1503
380 1550
380 1851
381 745
381 1636
381 1933
382 1359
382 1460
382 1486
383 517
383 875
383 1646
383 1990
384 1382
384 1592
384 1892
385 626
385 990
385 1509
385 1782
385 1942
387 564
387 1038
387 1211
387 1443
387 1463
387 1501
387 1615
387 1624
388 776
388 1040
388 1167
388 1892
389 1040
389 1367
389 1633
389 1908
390 765
390 868
390 918
390 1221
390 1268
390 1436
390 1753
390 1927
390 1972
391 421
391 479
391 504
391 958
391 1220
391 1646
391 1829
392 872
392 952
392 1157
392 1233
392 1353
392 1363
392 1434
392 1922
393 455
393 689
393 1286
393 1568
393 1635
394 467
394 788
394 1055
395 1308
395 1314
395 1680
395 1707
396 531
396 877
396 943
396 948
397 481
397 833
397 857
397 1126
397 1616
397 1642
398 752
398 1242
399 530
399 1224
399 1796
400 404
400 779
400 888
400 1608
401 589
401 763
401 1173
401 1420
402 564
402 739
402 740
402 765
403 600
403 1064
403 1405
404 692
404 710
404 1028
404 1089
405 482
405 806
405 1090
405 1102
405 1562
406 755
406 1104
406 1468
406 1719
406 1909
407 1021
407 1536
408 1545
408 1726
409 458
409 592
409 615
409 701
409 710
409 1808
410 602
410 1146
410 1230
410 1253
410 1507
410 1648
410 1705
411 610
411 945
411 1491
412 1051
412 1410
412 1483
412 1838
412 1927
412 1944
413 562
413 618
413 961
413 1730
413 1742
413 1920
414 1404
414 1493
414 1733
414 1880
414 1958
415 1139
415 1209
415 1393
415 1401
415 1417
415 1740
416 582
416 1350
416 1371
417 653
417 688
417 778
418 1032
418 1499
418 1822
418 1889
418 1985
418 1988
419 582
419 1203
419 1660
420 550
420 658
420 906
420 1131
420 1473
420 1477
420 1526
420 1561
420 1596
420 1907
421 1165
421 1198
421 1826
421 1933
422 683
422 1580
422 1607
422 1992
423 458
423 1198
423 1797
424 456
424 496
424 822
424 1303
424 1410
424 1583
424 1675
424 1893
425 720
425 1744
426 440
426 944
426 1308
426 1469
426 1488
426 1587
426 1602
426 1639
427 579
427 1637
427 1921
427 1928
428 824
428 1418
428 1509
428 1679
429 726
429 942
429 1059
429 1738
430 594
430 861
430 1063
430 1209
430 1432
430 1526
430 1541
430 1967
431 776
431 1046
431 1168
431 1375
431 1784
432 1045
432 1425
433 702
433 1422
433 1841
433 1977
434 455
434 556
434 719
434 891
434 1054
434 1990
435 1794
436 959
436 1032
436 1128
436 1875
437 745
437 1213
437 1591
438 441
438 897
438 1239
439 808
439 1970
440 937
440 994
440 1013
440 1662
440 1718
441 642
441 1216
441 1509
441 1939
442 526
442 844
442 978
442 1727
442 1817
442 1831
443 1235
443 1347
443 1374
443 1409
443 1672
444 1031
444 1044
444 1281
444 1930
445 602
445 727
445 782
445 937
445 1228
445 1454
445 1663
445 1677
445 1817
446 601
446 1349
446 1666
447 732
447 842
447 1101
447 1996
448 859
448 891
448 1131
448 1677
449 463
449 626
449 1266
449 1353
449 1910
450 476
450 914
450 1745
451 1005
451 1735
451 1888
452 1469
452 1692
453 1722
454 647
454 848
454 1184
454 1262
455 630
455 918
455 1345
455 1696
456 476
456 521
456 1102
456 1106
456 1210
456 1405
456 1545
456 1641
457 672
457 757
457 1490
457 1667
457 1866
457 1956
458 645
458 931
458 1550
458 1562
459 460
459 473
459 587
459 799
459 1180
459 1266
460 465
460 824
460 1250
460 1429
460 1713
460 1814
460 1865
460 1881
461 1450
461 1455
461 1828
462 566
462 1184
462 1577
463 1130
463 1402
463 1875
464 576
464 811
464 1011
464 1431
464 1876
465 824
466 1555
466 1812
467 1049
467 1618
467 1669
467 1818
468 634
468 1118
468 1840
468 1922
468 1935
468 1984
468 1994
469 702
469 734
469 1775
469 1853
469 1906
470 483
470 488
470 1674
470 1912
470 1946
471 494
471 1147
471 1232
471 1751
472 590
472 601
472 1990
473 933
473 1107
473 1538
473 1643
473 1909
474 1058
474 1255
474 1448
474 1677
474 1711
474 1713
474 1730
474 1866
474 1909
474 1940
475 819
475 1186
475 1472
475 1695
475 1921
476 501
476 1041
476 1377
476 1629
476 1834
476 1986
477 543
477 903
477 1403
477 1536
477 1847
478 1534
479 816
479 941
479 999
479 1000
479 1270
479 1720
479 1970
480 1377
480 1816
480 1970
481 662
481 760
481 1085
481 1165
481 1693
482 648
482 808
482 1163
482 1181
482 1935
482 1942
483 1431
483 1464
483 1479
484 674
484 1994
485 539
485 986
486 965
486 1105
486 1789
487 494
487 600
487 671
487 1463
487 1621
487 1983
488 1136
489 508
489 582
489 1127
490 927
490 1177
490 1273
490 1313
491 632
491 918
491 1278
491 1302
492 752
492 1482
492 1502
492 1778
492 1886
493 1042
493 1054
493 1217
493 1595
494 764
494 914
494 934
494 985
494 1216
494 1483
495 835
495 842
495 1039
495 1802
496 1133
496 1819
497 1552
498 600
498 1107
498 1509
498 1709
499 624
499 1334
499 1371
499 1430
499 1998
500 671
500 713
501 937
501 1197
501 1517
502 742
502 760
502 1163
502 1489
502 1612
502 1937
503 667
503 692
503 783
503 984
503 1162
503 1180
503 1350
503 1751
503 1961
504 534
504 546
504 907
504 940
504 1402
504 1414
504 1728
504 1754
505 863
505 1831
506 541
506 591
506 845
506 1117
506 1118
506 1457
506 1544
506 1625
506 1962
507 741
507 1707
507 1893
508 551
508 902
508 1163
508 1167
508 1277
508 1405
508 1548
508 1762
508 1903
508 1908
509 685
509 798
509 1007
509 1319
509 1608
510 696
510 1059
510 1186
510 1724
510 1889
511 1361
511 1484
512 682
512 904
512 1308
512 1333
513 895
513 958
513 1003
513 1687
514 865
514 992
514 1434
514 1454
514 1654
514 1717
515 1161
515 1257
515 1601
515 1732
515 1758
515 1873
515 1914
515 1998
516 725
516 939
516 977
516 1320
516 1809
517 733
517 1022
517 1060
517 1339
517 1554
517 1631
517 1789
518 749
518 1228
518 1763
518 1977
519 569
519 725
519 741
519 768
519 893
519 1189
519 1677
519 1994
520 919
520 1340
520 1435
520 1458
520 1578
521 1896
522 1058
522 1548
522 1628
522 1740
523 566
523 767
523 1710
524 1530
524 1792
525 660
525 815
525 926
525 1222
525 1286
525 1435
525 1757
525 1762
526 1151
526 1526
526 1918
527 1180
527 1203
527 1615
527 1769
528 977
528 1513
528 1834
529 551
529 1226
529 1891
530 838
530 1533
530 1660
530 1919
531 627
531 784
531 999
532 555
532 659
532 751
532 1171
532 1382
533 621
533 967
533 1155
533 1272
533 1325
533 1611
533 1866
533 1886
533 1889
534 1077
534 1480
535 1755
536 897
536 1142
536 1346
536 1667
537 651
537 1185
537 1327
537 1741
537 1869
537 1915
538 1692
538 1898
538 1909
538 1963
539 740
539 1799
540 950
540 1660
540 1684
541 1431
541 1807
542 1083
542 1402
542 1508
542 1864
542 1923
543 701
543 1068
543 1157
543 1600
544 677
544 785
544 1072
544 1087
544 1655
544 1725
544 1742
545 555
545 584
545 1460
545 1687
545 1846
545 1898
546 564
546 712
546 950
546 1004
546 1729
547 1171
547 1572
547 1590
547 1865
548 576
548 654
548 1368
549 632
549 1217
549 1847
549 1862
550 862
550 1545
550 1638
551 576
551 1741
552 710
552 795
552 927
552 1134
552 1136
552 1493
552 1740
553 724
553 799
553 941
553 1033
553 1689
554 977
554 1011
554 1135
554 1453
554 1867
554 1879
554 1916
554 1991
555 593
555 607
555 631
555 761
555 1237
555 1480
555 1619
555 1632
556 880
556 1129
556 1451
556 1728
557 637
557 748
557 768
557 1127
557 1155
557 1500
557 1554
557 1798
557 1810
558 825
558 895
558 1138
558 1214
558 1346
558 1420
558 1552
559 730
559 732
559 979
559 1149
559 1744
559 1877
560 571
560 581
560 942
561 856
561 1180
561 1487
561 1934
562 1682
563 739
563 798
563 1253
564 682
564 1052
564 1229
564 1405
565 790
565 1181
565 1338
565 1503
565 1635
565 1963
566 804
566 1169
566 1221
566 1617
566 1689
566 1797
567 632
567 889
567 1255
567 1533
568 655
568 693
568 940
568 951
568 1212
568 1780
569 570
569 587
569 1332
569 1919
570 1074
570 1088
570 1605
570 1628
570 1747
571 611
571 1214
572 616
572 1388
572 1744
573 987
573 1219
573 1390
573 1626
573 1914
574 639
574 1367
574 1531
575 1017
575 1907
576 1026
577 1018
577 1027
577 1225
577 1392
577 1561
578 836
578 1544
578 1559
578 1978
579 1695
580 623
580 1111
580 1383
580 1578
580 1700
580 1906
581 758
581 1243
581 1342
581 1464
581 1550
581 1596
581 1987
582 697
582 726
582 754
582 1209
582 1219
582 1437
582 1970
583 1205
583 1307
583 1401
583 1649
584 659
584 1067
584 1731
584 1865
584 1907
585 820
585 977
585 1257
585 1321
585 1790
585 1872
585 1943
586 732
586 975
586 1107
586 1720
587 909
587 1842
588 692
588 1316
588 1535
589 758
589 789
589 875
589 1124
589 1141
589 1318
589 1484
589 1736
590 848
590 1364
590 1797
591 800
591 865
591 1306
591 1329
591 1691
591 1894
592 1048
592 1709
593 1118
593 1818
594 691
594 767
594 983
594 1250
594 1270
594 1655
594 1668
595 603
595 1155
595 1959
596 613
596 758
596 1487
596 1925
597 829
597 1649
597 1719
598 1410
599 719
599 929
599 1267
599 1489
600 947
600 1012
600 1090
600 1598
601 608
601 666
601 1068
601 1938
602 1080
602 1235
602 1472
603 637
603 709
603 1115
605 991
605 1781
606 1142
606 1914
607 892
607 971
607 1424
607 1628
607 1880
608 640
608 698
608 1031
608 1677
609 662
609 1200
609 1503
609 1520
610 957
610 1089
610 1669
610 1756
610 1770
611 933
611 1255
611 1590
611 1672
611 1789
611 1851
613 993
613 1091
613 1274
613 1312
614 669
614 789
614 1095
614 1729
614 1769
614 1847
615 793
615 990
615 1056
615 1147
615 1398
615 1479
616 845
617 826
617 1171
617 1366
618 1791
618 1879
619 856
619 977
619 1221
619 1571
620 914
620 1185
620 1267
620 1584
620 1699
620 1871
621 750
621 820
621 1057
621 1267
621 1701
622 1015
622 1268
622 1561
622 1797
622 1864
623 655
623 975
623 1420
623 1614
623 1753
624 1053
624 1192
624 1344
624 1519
624 1581
624 1748
625 810
625 837
625 1175
625 1347
625 1389
625 1875
626 793
627 1137
627 1626
628 1381
628 1597
629 633
629 1250
629 1519
630 783
630 1348
630 1838
631 1003
631 1215
631 1793
632 1231
632 1347
632 1387
633 988
633 1053
633 1781
633 1797
634 734
634 1200
634 1495
634 1561
634 1799
634 1998
635 931
635 1542
635 1590
635 1648
636 738
636 1295
636 1375
636 1597
637 667
637 696
637 866
637 1004
637 1450
638 695
638 773
638 961
638 1092
638 1136
638 1354
638 1400
639 667
640 659
640 875
640 882
640 1457
640 1537
640 1575
640 1600
641 975
641 1303
641 1355
641 1530
642 1367
642 1494
643 1097
643 1614
643 1807
644 949
644 1091
644 1290
644 1960
645 875
645 1316
645 1653
645 1769
646 804
646 896
646 1295
646 1315
646 1765
646 1918
647 821
648 780
648 1953
649 942
649 1099
649 1402
649 1405
649 1497
650 1439
650 1531
651 865
651 910
651 1287
652 889
652 1498
652 1683
652 1910
653 1140
653 1457
654 756
654 1784
654 1971
655 1049
655 1080
655 1228
655 1319
655 1394
655 1631
656 745
657 755
657 910
657 1183
657 1706
658 838
658 865
658 924
658 934
658 1334
659 834
659 958
659 1294
659 1726
660 958
661 729
661 1257
661 1627
662 1590
663 857
663 881
663 1036
663 1284
663 1285
663 1310
663 1568
664 1453
665 985
665 1277
666 1461
666 1566
668 1148
668 1349
669 678
669 930
669 1644
669 1659
670 902
670 1733
671 783
671 1120
671 1703
672 839
672 842
672 1171
672 1762
673 1285
673 1521
673 1610
673 1659
674 845
674 1040
674 1441
674 1633
674 1866
675 790
675 1086
675 1246
675 1378
675 1391
675 1858
675 1948
676 711
676 1004
676 1386
676 1589
676 1645
676 1673
677 938
677 1669
677 1774
677 1806
677 1814
678 822
678 857
678 1005
678 1021
678 1271
678 1474
678 1550
678 1776
679 1144
679 1197
679 1675
679 1755
679 1776
679 1918
680 1306
680 1898
680 1984
681 1094
681 1508
681 1511
681 1748
682 1347
682 1395
682 1559
682 1822
683 980
683 1019
683 1055
683 1135
683 1936
683 1971
684 1631
685 1259
685 1306
685 1603
685 1926
686 960
686 1020
686 1423
687 1166
687 1367
687 1988
688 814
688 824
688 918
689 789
689 970
690 726
690 847
690 1425
690 1730
691 947
691 1051
691 1263
691 1273
692 911
692 1025
692 1445
692 1766
692 1977
693 1054
693 1527
694 799
694 1034
694 1553
694 1626
694 1874
694 1901
695 874
695 877
695 1179
695 1687
696 862
696 1393
696 1435
696 1549
696 1584
696 1590
696 1758
696 1879
696 1902
697 1206
697 1342
697 1786
697 1789
697 1858
698 774
698 1171
698 1455
698 1846
699 766
699 1493
699 1610
700 1049
700 1135
700 1663
700 1675
701 882
702 893
702 1479
702 1605
703 1009
704 1895
705 1019
706 1186
706 1340
706 1384
706 1735
706 1777
706 1814
707 1531
707 1720
707 1904
707 1999
708 760
708 894
708 1260
708 1357
708 1563
708 1673
708 1753
709 1097
710 1255
710 1451
711 1378
711 1961
712 1419
712 1536
712 1624
712 1636
713 852
713 1153
713 1200
714 1741
715 1213
715 1284
715 1312
715 1881
716 1443
716 1755
716 1899
717 812
717 1460
717 1562
718 1110
718 1112
718 1178
718 1330
718 1779
719 748
719 1079
720 1263
720 1447
720 1863
721 1213
721 1466
722 950
722 1208
722 1517
723 1554
723 1856
723 1907
724 1858
724 1871
725 765
725 771
725 780
725 1095
725 1145
725 1257
725 1547
726 765
726 845
726 1086
726 1207
726 1233
726 1294
726 1488
726 1772
726 1989
727 1622
727 1929
728 1592
729 953
729 1025
729 1087
729 1243
729 1332
729 1353
729 1486
730 1349
730 1665
731 734
731 846
731 1003
731 1235
731 1452
731 1739
732 741
732 899
732 955
732 1274
732 1306
732 1367
732 1890
733 981
733 1007
733 1708
733 1736
733 1937
734 1133
734 1761
735 742
735 1090
735 1222
735 1282
735 1977
736 1007
736 1216
736 1499
736 1766
737 1483
737 1630
737 1920
737 1927
738 1256
738 1950
739 1047
739 1666
739 1810
739 1830
740 1931
740 1969
741 954
741 960
741 1041
741 1085
741 1554
741 1569
741 1715
742 882
742 903
742 1737
743 1348
743 1354
743 1402
743 1626
744 975
744 1841
745 778
745 998
745 1245
745 1397
745 1665
745 1843
746 1346
746 1517
746 1715
746 1902
747 1055
747 1195
747 1987
748 1027
748 1502
748 1986
749 1038
749 1121
749 1132
749 1277
749 1966
750 1140
750 1457
751 760
751 872
751 1168
751 1238
751 1462
751 1552
752 1368
752 1580
753 1260
753 1440
753 1829
753 1873
753 1887
754 859
754 864
754 1237
754 1273
754 1534
754 1659
754 1828
754 1885
755 1195
755 1620
756 828
756 858
756 1163
756 1743
757 1362
757 1653
757 1707
757 1779
757 1789
757 1937
758 1844
758 1963
759 864
759 959
759 1737
760 831
760 1099
760 1343
760 1495
760 1734
761 1077
761 1320
762 1237
762 1563
762 1681
763 950
763 1508
763 1981
764 1239
765 1095
765 1602
766 952
766 1460
766 1532
767 1034
767 1256
767 1276
767 1913
768 1152
768 1490
769 896
769 1365
770 1294
770 1399
770 1428
770 1441
770 1739
771 884
771 1184
771 1331
771 1467
771 1472
771 1527
772 949
772 1081
772 1253
772 1325
772 1389
772 1602
772 1985
773 1034
773 1335
773 1652
774 783
774 993
774 1237
774 1579
774 1761
774 1985
775 778
775 944
775 1356
775 1476
775 1637
775 1849
775 1862
776 877
776 925
776 1405
777 804
777 835
777 1420
777 1618
777 1685
777 1982
778 1068
778 1770
779 856
779 1440
779 1730
780 1548
780 1703
780 1867
781 1109
781 1313
781 1569
782 1034
782 1181
782 1363
782 1483
782 1529
782 1587
782 1793
783 825
783 835
783 1050
783 1213
783 1814
784 1068
784 1147
784 1784
784 1985
785 1011
785 1105
785 1379
785 1468
786 1011
787 1228
787 1334
787 1638
787 1746
788 1023
788 1431
788 1491
788 1728
789 1549
790 1127
790 1517
790 1795
790 1964
791 1925
791 1959
792 851
792 1543
793 1426
794 805
794 811
794 993
794 1120
794 1482
794 1689
794 1765
795 825
796 1627
796 1671
796 1927
797 1363
797 1692
797 1874
798 1166
798 1262
798 1270
798 1529
799 857
799 866
799 1079
799 1201
799 1865
800 908
800 910
800 1235
800 1388
800 1545
800 1915
801 1002
801 1530
801 1802
802 836
802 1021
802 1109
802 1268
802 1550
802 1643
802 1684
803 1821
803 1939
804 1685
804 1727
804 1745
804 1834
805 938
805 1179
805 1376
805 1784
806 965
806 1202
806 1740
806 1764
807 839
807 1048
807 1061
807 1376
807 1616
807 1701
808 1761
809 1031
809 1137
809 1417
809 1522
809 1659
810 858
810 1082
810 1205
810 1606
811 1043
811 1183
811 1695
811 1995
812 1172
812 1350
812 1559
813 958
813 1104
813 1337
814 1255
814 1274
814 1314
814 1537
815 855
815 908
815 1097
815 1695
816 878
816 1511
816 1533
816 1682
816 1782
816 1862
817 972
817 1061
817 1091
817 1302
817 1473
817 1580
817 1851
818 1047
818 1203
818 1257
818 1532
818 1738
818 1967
819 1123
819 1489
819 1531
820 920
820 947
820 1086
820 1121
820 1222
820 1425
820 1942
821 1200
821 1338
821 1729
821 1733
822 823
822 1314
822 1974
822 1989
823 1214
823 1434
823 1779
823 1925
824 891
824 1282
824 1464
824 1823
825 1149
825 1323
825 1407
825 1581
825 1618
825 1944
826 1162
826 1455
826 1686
826 1771
827 1102
827 1349
827 1828
827 1853
828 1411
828 1970
829 920
829 1432
829 1940
830 952
830 1284
830 1568
830 1596
831 837
831 935
831 1114
831 1248
831 1253
831 1879
832 914
832 971
832 1547
832 1687
832 1929
832 1934
833 1306
833 1376
833 1703
833 1987
834 1042
834 1054
834 1608
834 1664
835 1280
835 1574
835 1973
836 1116
836 1293
837 923
837 1523
837 1556
837 1618
838 1391
838 1413
838 1588
838 1841
839 1221
840 885
840 982
840 1088
840 1196
840 1428
840 1631
840 1657
840 1667
841 956
841 1229
841 1626
841 1647
843 943
843 1209
844 1002
844 1098
844 1227
844 1559
844 1763
844 1990
845 1509
845 1554
845 1608
846 942
846 1265
846 1528
846 1932
847 911
847 1192
848 1316
848 1868
849 1544
850 925
850 1047
850 1323
850 1358
850 1544
850 1616
850 1625
850 1729
851 1088
851 1229
852 945
852 1064
853 874
853 1155
854 1535
854 1612
854 1869
855 1065
855 1095
855 1322
855 1490
855 1563
855 1647
855 1682
855 1851
855 1916
856 1257
856 1803
856 1813
857 1843
858 963
858 1729
859 1199
859 1643
860 1046
860 1670
860 1720
860 1786
860 1882
860 1952
861 980
861 1067
861 1478
861 1825
862 1116
862 1282
862 1548
862 1722
863 1138
865 1280
865 1527
865 1593
865 1927
866 1305
866 1359
867 919
867 1175
868 1277
868 1672
868 1744
868 1966
869 1172
869 1802
870 1049
870 1346
871 1549
872 1790
873 1473
875 1305
875 1661
876 1009
876 1469
876 1587
877 1099
877 1402
878 997
878 1313
879 1061
879 1615
879 1759
879 1865
880 1763
881 1243
882 939
882 1393
882 1445
882 1666
882 1890
883 1192
883 1256
883 1368
884 1065
884 1576
884 1588
885 970
885 1055
885 1364
886 1232
886 1308
886 1545
886 1849
887 1355
887 1396
887 1529
887 1823
887 1976
888 936
888 1405
888 1422
888 1754
889 934
889 1351
889 1911
891 945
891 1234
891 1900
892 1010
892 1251
892 1445
892 1453
892 1484
893 906
893 969
893 1078
893 1390
893 1461
894 1484
895 1256
895 1267
895 1473
895 1492
895 1510
896 1007
896 1279
896 1982
897 1561
897 1796
898 1103
898 1775
899 1785
899 1850
900 1131
901 1247
901 1376
901 1443
901 1613
901 1753
902 918
902 1676
903 998
903 1198
903 1505
904 1050
904 1113
904 1648
905 1102
905 1214
906 989
906 1036
906 1063
906 1474
906 1642
907 1501
907 1621
907 1926
909 1029
909 1322
909 1482
910 1067
910 1969
911 1323
911 1350
911 1775
911 1815
912 1201
912 1313
912 1564
913 944
913 1107
914 1001
914 1084
914 1128
914 1155
914 1189
914 1351
914 1858
914 1985
915 1188
915 1350
916 917
916 925
916 1261
916 1348
916 1583
917 1045
917 1570
917 1869
918 1031
918 1677
919 1091
919 1168
919 1282
919 1363
919 1412
919 1546
919 1561
919 1644
920 944
920 1559
920 1861
920 1909
921 1002
921 1280
921 1776
921 1786
923 1400
923 1534
923 1856
924 1241
924 1418
924 1823
925 1157
925 1606
925 1839
926 1168
926 1236
926 1414
926 1676
926 1804
926 1944
926 1957
927 948
927 1410
927 1445
927 1450
927 1575
927 1616
927 1857
928 974
929 1354
930 1550
930 1662
930 1882
931 1045
931 1958
932 1514
932 1753
933 1299
933 1547
934 1100
934 1300
935 1066
935 1390
935 1586
935 1628
936 1343
936 1449
936 1611
936 1824
937 1923
938 1394
938 1469
938 1519
938 1729
939 1089
939 1128
939 1184
939 1472
939 1637
939 1683
939 1882
939 1883
940 955
940 1524
940 1977
941 1297
941 1708
942 1176
942 1533
942 1848
942 1878
942 1896
943 1654
944 1168
944 1284
944 1574
944 1597
944 1801
944 1869
946 1045
946 1450
946 1624
946 1660
947 1234
947 1351
948 1772
948 1816
948 1856
948 1903
949 1244
949 1443
950 1383
950 1647
950 1740
951 1145
951 1410
951 1797
952 1707
953 1466
953 1702
954 1057
954 1169
954 1336
955 1275
955 1738
956 1033
956 1224
956 1730
956 1869
956 1917
957 1212
957 1314
958 1514
959 1101
959 1553
959 1890
959 1902
960 1510
960 1769
960 1789
961 1414
961 1798
961 1916
962 1080
962 1313
962 1532
962 1892
963 1047
963 1549
963 1609
964 1062
964 1151
964 1261
965 1142
965 1501
965 1625
965 1728
965 1970
966 1052
966 1136
966 1620
967 1476
967 1793
967 1956
968 987
968 1195
968 1468
968 1535
969 1296
969 1485
969 1771
970 1352
970 1823
971 1269
971 1527
971 1663
972 1360
972 1786
973 1098
973 1418
973 1911
974 1153
974 1273
974 1797
975 1306
975 1429
976 988
976 1021
976 1400
976 1855
977 1267
977 1471
977 1516
977 1616
978 979
978 1779
978 1833
979 1431
979 1537
979 1791
979 1954
980 1294
980 1698
980 1751
980 1918
980 1971
981 1670
981 1819
982 1384
982 1541
982 1835
983 1253
983 1516
983 1546
984 1409
985 1194
985 1624
985 1907
986 1735
986 1945
986 1961
987 1014
987 1186
987 1452
987 1782
987 1879
987 1960
988 1076
988 1496
988 1629
988 1943
989 1108
989 1151
989 1406
989 1565
989 1868
990 1163
990 1233
990 1276
991 1180
991 1593
991 1627
991 1715
991 1796
991 1930
992 1081
992 1302
992 1564
993 1079
993 1086
993 1233
993 1323
993 1329
993 1718
993 1908
994 1423
994 1791
995 1458
996 1654
997 1643
997 1905
998 1021
998 1129
998 1518
998 1986
999 1081
999 1374
1000 1479
1000 1706
1001 1063
1001 1475
1001 1581
1002 1188
1002 1376
1002 1677
1002 1768
1002 1895
1003 1445
1003 1937
1004 1320
1004 1863
1005 1183
1005 1912
1006 1566
1006 1761
1006 1905
1007 1086
1007 1255
1007 1648
1007 1856
1007 1926
1008 1107
1008 1112
1008 1212
1008 1221
1008 1623
1008 1846
1009 1554
1010 1915
1011 1264
1011 1440
1011 1756
1011 1941
1011 1946
1011 1963
1012 1019
1012 1177
1013 1287
1013 1647
1014 1157
1014 1188
1014 1513
1015 1236
1016 1108
1016 1264
1016 1623
1017 1178
1017 1923
1018 1206
1018 1905
1019 1062
1019 1732
1019 1733
1019 1796
1020 1132
1020 1151
1020 1777
1020 1935
1021 1874
1021 1902
1022 1030
1022 1222
1022 1263
1022 1452
1022 1914
1023 1082
1023 1345
1023 1641
1024 1784
1025 1631
1026 1296
1026 1892
1027 1368
1027 1433
1027 1777
1027 1873
1028 1521
1028 1583
1028 1701
1028 1851
1029 1063
1029 1287
1029 1615
1029 1815
1030 1447
1030 1490
1030 1884
1031 1237
1031 1716
1031 1914
1032 1708
1032 1982
1033 1317
1034 1718
1036 1251
1036 1890
1037 1389
1037 1761
1037 1879
1037 1917
1038 1175
1039 1192
1039 1309
1041 1264
1041 1293
1041 1625
1042 1338
1042 1448
1042 1511
1043 1205
1043 1411
1043 1550
1043 1576
1043 1676
1043 1923
1044 1482
1045 1116
1045 1178
1045 1430
1045 1537
1046 1201
1046 1434
1046 1646
1046 1987
1048 1292
1048 1371
1048 1699
1049 1796
1049 1988
1050 1272
1050 1485
1050 1603
1051 1191
1051 1392
1051 1412
1051 1781
1051 1920
1051 1958
1052 1200
1052 1675
1052 1981
1053 1438
1053 1653
1054 1292
1054 1416
1054 1597
1056 1206
1056 1243
1056 1306
1056 1355
1056 1541
1056 1549
1056 1708
1057 1865
1058 1282
1058 1373
1058 1430
1059 1881
1060 1769
1060 1816
1061 1084
1061 1145
1061 1264
1061 1321
1061 1535
1061 1542
1061 1766
1061 1849
1062 1307
1062 1393
1062 1404
1062 1678
1062 1971
1062 1984
1063 1532
1063 1733
1064 1457
1064 1803
1065 1100
1065 1597
1065 1785
1066 1076
1066 1224
1066 1362
1066 1798
1067 1852
1067 1968
1069 1103
1069 1646
1069 1771
1069 1883
1070 1224
1070 1878
1071 1744
1071 1839
1072 1209
1072 1400
1072 1699
1072 1740
1073 1684
1073 1892
1073 1906
1074 1979
1075 1280
1075 1467
1075 1473
1075 1504
1076 1963
1076 1965
1077 1396
1077 1524
1077 1572
1077 1677
1077 1720
1078 1268
1079 1304
1079 1473
1079 1825
1080 1304
1080 1470
1080 1581
1081 1365
1081 1472
1081 1499
1081 1637
1082 1103
1083 1397
1083 1693
1083 1717
1084 1803
1085 1155
1085 1529
1085 1534
1085 1670
1086 1481
1088 1260
1088 1840
1089 1831
1091 1200
1091 1859
1092 1099
1092 1146
1092 1437
1092 1593
1092 1677
1092 1798
1093 1396
1093 1845
1094 1191
1094 1280
1094 1301
1094 1695
1095 1436
1095 1454
1095 1491
1095 1525
1095 1526
1095 1895
1096 1164
1096 1456
1096 1510
1096 1850
1096 1956
1097 1493
1097 1826
1097 1979
1098 1533
1098 1807
1099 1109
1099 1141
1099 1174
1100 1316
1100 1324
1100 1420
1100 1614
1100 1639
1100 1861
1100 1924
1101 1127
1102 1398
1102 1473
1102 1642
1102 1975
1103 1212
1103 1214
1103 1586
1104 1377
1104 1883
1104 1913
1105 1749
1106 1238
1106 1701
1106 1870
1106 1949
1107 1341
1107 1383
1107 1537
1107 1755
1107 1824
1108 1231
1108 1262
1108 1524
1108 1848
1110 1660
1110 1716
1110 1916
1110 1931
1110 1961
1111 1449
1111 1875
1112 1598
1112 1854
1113 1154
1113 1529
1113 1659
1113 1845
1114 1881
1115 1153
1116 1379
1116 1410
1116 1604
1116 1911
1117 1748
1118 1357
1118 1696
1118 1767
1120 1150
1120 1179
1120 1653
1121 1131
1121 1670
1122 1138
1123 1211
1123 1507
1123 1538
1123 1557
1123 1748
1124 1387
1125 1361
1125 1962
1126 1318
1126 1574
1126 1626
1126 1981
1126 1996
1127 1864
1128 1191
1128 1916
1129 1375
1130 1380
1130 1865
1131 1715
1132 1357
1133 1450
1133 1679
1134 1573
1134 1588
1134 1844
1135 1234
1135 1357
1135 1833
1136 1531
1137 1416
1137 1507
1138 1140
1138 1441
1138 1564
1138 1709
1138 1721
1138 1921
1139 1528
1139 1999
1140 1633
1140 1907
1141 1266
1141 1287
1141 1553
1142 1685
1142 1696
1142 1955
1143 1251
1143 1522
1143 1601
1143 1704
1145 1151
1145 1449
1146 1184
1147 1217
1147 1440
1147 1664
1147 1706
1148 1170
1148 1191
1148 1389
1148 1980
1149 1499
1149 1700
1149 1865
1149 1943
1150 1462
1150 1792
1151 1220
1151 1228
1151 1479
1151 1690
1151 1903
1151 1974
1151 1992
1152 1181
1152 1287
1152 1969
1153 1488
1154 1312
1154 1666
1154 1744
1155 1917
1156 1186
1156 1336
1156 1365
1156 1659
1156 1710
1157 1183
1157 1425
1157 1656
1157 1862
1158 1286
1158 1770
1158 1835
1158 1959
1159 1164
1159 1310
1159 1805
1159 1902
1160 1170
1160 1200
1160 1693
1160 1829
1160 1887
1161 1948
1162 1336
1162 1625
1162 1957
1163 1253
1163 1270
1163 1389
1163 1458
1163 1906
1164 1666
1165 1400
1165 1816
1166 1272
1166 1455
1166 1658
1166 1687
1166 1723
1167 1501
1167 1675
1168 1452
1168 1583
1168 1933
1169 1320
1169 1405
1169 1413
1169 1863
1169 1966
1169 1979
1170 1199
1172 1566
1172 1765
1172 1781
1173 1420
1174 1202
1174 1336
1175 1337
1175 1338
1176 1528
1176 1542
1176 1612
1176 1755
1178 1749
1178 1811
1178 1923
1179 1204
1179 1211
1179 1844
1179 1940
1180 1478
1180 1704
1181 1476
1181 1660
1181 1734
1181 1881
1181 1911
1181 1916
1182 1400
1182 1480
1182 1490
1183 1386
1183 1762
1184 1346
1184 1348
1184 1498
1184 1863
1185 1352
1185 1760
1186 1325
1186 1584
1186 1612
1186 1983
1187 1576
1187 1737
1187 1834
1191 1896
1192 1445
1192 1520
1192 1524
1192 1962
1193 1274
1193 1308
1193 1322
1193 1751
1193 1831
1194 1677
1195 1287
1195 1382
1195 1466
1196 1707
1196 1811
1196 1908
1197 1514
1197 1678
1197 1707
1199 1241
1199 1350
1200 1516
1200 1520
1201 1395
1201 1725
1202 1203
1202 1226
1202 1244
1202 1937
1203 1376
1203 1585
1203 1768
1204 1690
1204 1701
1205 1385
1205 1556
1205 1702
1206 1437
1206 1598
1206 1896
1207 1953
1208 1253
1208 1409
1210 1764
1210 1836
1211 1229
1211 1782
1211 1942
1211 1993
1212 1481
1213 1348
1213 1434
1213 1761
1213 1776
1213 1873
1214 1291
1214 1317
1214 1942
1215 1690
1216 1282
1216 1652
1216 1705
1217 1429
1218 1553
1219 1464
1219 1601
1219 1730
1221 1257
1221 1594
1222 1236
1223 1374
1224 1303
1224 1589
1225 1782
1225 1909
1226 1451
1226 1500
1226 1537
1226 1733
1227 1277
1227 1541
1228 1571
1228 1986
1229 1293
1229 1629
1229 1742
1230 1927
1231 1486
1232 1619
1232 1726
1234 1581
1234 1880
1236 1414
1236 1791
1237 1931
1237 1949
1238 1499
1239 1633
1239 1894
1241 1550
1241 1592
1241 1714
1242 1332
1242 1718
1242 1855
1243 1265
1243 1350
1243 1911
1244 1370
1245 1459
1245 1595
1245 1696
1245 1808
1246 1520
1247 1553
1247 1555
1247 1740
1247 1816
1247 1946
1248 1458
1249 1403
1249 1585
1249 1756
1249 1812
1249 1908
1250 1570
1250 1608
1250 1647
1250 1703
1251 1262
1252 1332
1252 1739
1252 1907
1253 1281
1254 1338
1254 1838
1255 1276
1256 1623
1256 1701
1257 1641
1257 1712
1258 1633
1258 1922
1259 1711
1259 1745
1259 1766
1259 1929
1261 1759
1262 1306
1262 1686
1262 1869
1262 1923
1263 1898
1264 1392
1264 1467
1264 1539
1264 1807
1265 1274
1265 1381
1265 1544
1266 1427
1266 1705
1266 1964
1267 1401
1267 1466
1267 1642
1269 1278
1269 1496
1269 1539
1270 1473
1271 1310
1271 1714
1272 1963
1273 1848
1274 1423
1274 1480
1274 1652
1274 1761
1275 1421
1275 1503
1276 1486
1277 1312
1277 1404
1278 1917
1278 1932
1278 1945
1279 1365
1280 1485
1280 1853
1280 1859
1280 1990
1282 1604
1282 1665
1282 1706
1283 1771
1285 1675
1290 1686
1291 1457
1291 1517
1292 1384
1292 1437
1292 1951
1293 1591
1293 1619
1293 1716
1293 1751
1294 1518
1296 1489
1296 1919
1297 1384
1297 1942
1298 1499
1298 1820
1299 1492
1299 1562
1299 1644
1299 1787
1300 1647
1300 1765
1300 1827
1300 1958
1301 1508
1302 1796
1302 1817
1303 1629
1303 1949
1304 1360
1304 1554
1305 1349
1305 1412
1305 1515
1305 1533
1305 1709
1305 1903
1305 1910
1305 1916
1307 1574
1308 1570
1308 1697
1308 1771
1309 1774
1309 1975
1310 1443
1310 1970
1311 1652
1311 1666
1312 1751
1312 1957
1312 1985
1313 1524
1313 1965
1314 1732
1315 1356
1315 1400
1315 1678
1315 1843
1316 1414
1316 1759
1317 1338
1317 1341
1317 1554
1317 1633
1317 1788
1317 1793
1318 1830
1318 1896
1319 1766
1320 1384
1320 1761
1320 1803
1321 1590
1322 1778
1322 1792
1323 1522
1323 1965
1324 1527
1326 1388
1326 1518
1326 1908
1327 1801
1327 1840
1328 1701
1328 1996
1329 1571
1329 1840
1329 1945
1330 1525
1330 1765
1330 1890
1331 1627
1331 1726
1332 1407
1332 1945
1333 1351
1333 1516
1333 1848
1334 1521
1335 1434
1335 1632
1335 1717
1336 1520
1336 1566
1336 1641
1336 1867
1338 1749
1339 1366
1339 1390
1340 1657
1341 1821
1341 1961
1342 1433
1343 1552
1343 1657
1343 1881
1345 1534
1345 1758
1346 1954
1347 1534
1347 1669
1347 1874
1348 1785
1349 1480
1351 1830
1351 1944
1352 1470
1352 1530
1352 1533
1353 1516
1353 1598
1354 1529
1354 1836
1355 1472
1357 1685
1358 1397
1358 1694
1358 1949
1359 1394
1359 1535
1359 1589
1359 1802
1360 1700
1360 1781
1361 1701
1361 1874
1361 1949
1361 1952
1362 1567
1363 1470
1363 1673
1363 1767
1363 1823
1364 1815
1365 1844
1365 1999
1366 1558
1366 1567
1366 1622
1366 1686
1367 1405
1367 1514
1367 1862
1367 1989
1368 1491
1368 1541
1368 1617
1369 1409
1369 1478
1370 1652
1371 1565
1371 1761
1371 1777
1372 1935
1373 1494
1373 1783
1374 1620
1375 1553
1375 1603
1375 1812
1378 1860
1379 1562
1379 1890
1379 1956
1380 1678
1381 1382
1381 1454
1381 1634
1381 1892
1381 1923
1382 1964
1384 1419
1384 1491
1384 1695
1384 1940
1385 1584
1386 1602
1386 1670
1387 1617
1387 1702
1387 1912
1388 1444
1388 1748
1389 1410
1389 1854
1391 1816
1391 1865
1391 1894
1391 1941
1393 1612
1395 1550
1395 1877
1395 1937
1396 1400
1396 1512
1396 1643
1396 1694
1397 1508
1397 1704
1398 1400
1398 1895
1399 1615
1399 1623
1401 1462
1401 1804
1401 1834
1402 1558
1402 1597
1402 1627
1402 1688
1403 1467
1403 1814
1404 1578
1404 1642
1404 1950
1405 1497
1405 1556
1407 1799
1407 1949
1408 1596
1408 1608
1408 1614
1408 1891
1408 1905
1409 1456
1409 1605
1409 1954
1410 1521
1411 1464
1411 1614
1412 1745
1412 1824
1412 1956
1413 1796
1413 1863
1414 1466
1415 1891
1415 1947
1416 1547
1417 1446
1417 1479
1417 1590
1417 1949
1418 1973
1419 1527
1419 1762
1420 1432
1420 1508
1420 1548
1420 1956
1422 1493
1424 1516
1424 1935
1425 1669
1425 1771
1425 1783
1426 1591
1427 1483
1427 1723
1427 1991
1428 1681
1428 1730
1428 1772
1431 1865
1436 1440
1436 1571
1438 1526
1438 1667
1438 1732
1439 1573
1440 1580
1441 1525
1441 1829
1442 1707
1442 1710
1442 1956
1445 1958
1445 1993
1447 1637
1447 1724
1448 1813
1448 1842
1449 1981
1450 1632
1450 1731
1450 1828
1451 1547
1451 1948
1452 1492
1452 1815
1453 1471
1453 1817
1453 1912
1455 1580
1455 1747
1455 1869
1456 1610
1456 1662
1456 1761
1457 1565
1457 1730
1458 1798
1462 1970
1463 1905
1463 1929
1464 1494
1464 1566
1464 1902
1464 1909
1465 1524
1465 1716
1465 1768
1465 1952
1466 1596
1466 1622
1466 1646
1466 1686
1467 1755
1467 1957
1468 1854
1469 1615
1471 1498
1471 1906
1472 1772
1473 1474
1473 1586
1473 1732
1473 1983
1474 1777
1475 1661
1475 1711
1475 1778
1475 1839
1475 1871
1476 1599
1476 1853
1476 1946
1477 1713
1477 1818
1478 1881
1479 1642
1479 1759
1479 1906
1480 1691
1480 1725
1481 1762
1482 1596
1485 1499
1485 1680
1485 1788
1485 1853
1488 1638
1488 1761
1490 1492
1490 1539
1491 1572
1491 1665
1491 1717
1491 1853
1491 1996
1492 1629
1492 1728
1492 1775
1493 1516
1493 1815
1494 1805
1495 1966
1496 1844
1497 1564
1497 1632
1497 1698
1497 1715
1497 1806
1498 1545
1498 1579
1499 1867
1501 1503
1501 1624
1501 1841
1502 1896
1504 1898
1505 1814
1506 1573
1506 1607
1507 1603
1507 1827
1508 1855
1508 1983
1509 1518
1509 1971
1510 1638
1510 1874
1511 1860
1511 1916
1512 1657
1514 1677
1516 1598
1516 1700
1516 1959
1519 1982
1520 1712
1520 1759
1520 1904
1521 1836
1521 1901
1523 1934
1525 1947
1525 1991
1526 1969
1527 1836
1529 1762
1529 1879
1529 1936
1530 1559
1530 1975
1530 1977
1530 1988
1531 1643
1531 1774
1532 1803
1535 1558
1535 1619
1535 1953
1536 1853
1537 1927
1538 1580
1538 1635
1539 1748
1539 1872
1540 1622
1540 1733
1540 1923
1542 1739
1543 1714
1543 1832
1544 1596
1544 1799
1544 1990
1545 1602
1545 1784
1546 1736
1548 1985
1550 1843
1550 1924
1550 1953
1551 1666
1551 1964
1552 1820
1553 1595
1555 1629
1555 1878
1555 1884
1556 1972
1560 1820
1561 1954
1562 1855
1562 1863
1566 1717
1566 1905
1566 1969
1567 1791
1567 1831
1567 1854
1567 1991
1569 1820
1570 1666
1570 1801
1572 1766
1574 1920
1577 1679
1579 1852
1580 1623
1580 1876
1582 1893
1582 1906
1583 1825
1583 1938
1584 1815
1584 1900
1585 1608
1587 1792
1589 1618
1589 1660
1589 1869
1589 1889
1591 1617
1592 1768
1594 1630
1595 1944
1596 1630
1597 1608
1597 1611
1597 1967
1599 1733
1599 1773
1599 1897
1600 1825
1600 1827
1600 1984
1601 1683
1602 1610
1602 1613
1603 1990
1604 1705
1604 1762
1604 1930
1605 1751
1605 1767
1605 1806
1605 1807
1607 1986
1608 1815
1609 1691
1609 1870
1609 1873
1610 1941
1611 1696
1611 1999
1612 1632
1612 1634
1613 1624
1613 1737
1613 1738
1615 1853
1616 1802
1617 1818
1617 1952
1618 1698
1619 1786
1620 1687
1620 1793
1621 1952
1621 1989
1622 1734
1623 1858
1623 1898
1623 1996
1624 1637
1624 1691
1625 1918
1627 1811
1629 1821
1629 1963
1632 1999
1634 1831
1634 1926
1635 1698
1635 1948
1635 1997
1637 1731
1637 1823
1639 1748
1639 1928
1639 1966
1640 1806
1641 1829
1642 1673
1643 1661
1644 1697
1645 1961
1646 1736
1647 1850
1647 1853
1647 1879
1647 1964
1648 1933
1648 1940
1649 1896
1650 1885
1653 1665
1657 1730
1657 1918
1661 1714
1661 1715
1663 1734
1666 1766
1666 1999
1669 1687
1670 1874
1673 1755
1673 1767
1673 1976
1674 1838
1674 1940
1678 1740
1678 1939
1678 1957
1679 1945
1680 1739
1681 1859
1686 1752
1689 1750
1690 1725
1690 1808
1690 1830
1691 1765
1692 1943
1693 1923
1693 1975
1694 1774
1694 1860
1695 1712
1697 1835
1699 1898
1700 1882
1702 1914
1704 1840
1704 1986
1705 1748
1705 1831
1706 1901
1710 1882
1710 1933
1712 1942
1713 1776
1713 1822
1716 1770
1716 1803
1716 1980
1717 1796
1718 1754
1718 1826
1718 1983
1719 1871
1719 1920
1719 1991
1720 1888
1721 1986
1722 1743
1722 1762
1723 1764
1723 1818
1723 1865
1727 1778
1727 1951
1730 1903
1731 1823
1731 1957
1732 1820
1732 1893
1732 1910
1733 1773
1735 1751
1737 1897
1740 1927
1740 1937
1741 1750
1741 1751
1742 1843
1743 1785
1743 1831
1744 1871
1745 1791
1747 1766
1749 1877
1754 1919
1756 1827
1758 1853
1758 1923
1759 1895
1763 1912
1763 1950
1765 1820
1765 1856
1768 1951
1773 1887
1773 1986
1774 1994
1776 1858
1779 1827
1780 1907
1781 1900
1784 1890
1786 1935
1788 1984
1797 1898
1797 1939
1799 1882
1801 1959
1802 1872
1802 1885
1802 1948
1810 1829
1810 1869
1811 1942
1813 1911
1814 1821
1821 1994
1823 1946
1824 1854
1824 1929
1826 1914
1827 1937
1830 1916
1831 1972
1835 1954
1837 1910
1839 1939
1842 1998
1843 1904
1846 1887
1848 1955
1851 1880
1853 1924
1854 1995
1855 1962
1855 1994
1856 1968
1861 1890
1862 1941
1865 1943
1868 1994
1872 1903
1872 1969
1874 1997
1878 1986
1881 1952
1885 1949
1885 1957
1886 1965
1888 1967
1889 1967
1890 1969
1892 1924
1893 1972
1895 1961
1905 1955
1906 1926
1907 1965
1909 1971
1914 1957
1921 1979
1928 1947
1930 1987
1932 1947
1937 1989
1944 1954
1946 1958
1949 1996
1955 1975
1968 1999
1970 1982
