2000
1 9
1 443
1 490
1 811
1 967
1 1046
1 1588
1 1624
2 31
2 52
2 92
2 387
2 1086
2 1148
2 1444
2 1609
2 1850
2 1915
2 1980
3 164
3 392
3 913
3 964
3 1099
3 1170
3 1189
3 1261
3 1652
3 1676
4 125
4 735
4 953
4 973
4 992
4 1261
4 1359
4 1455
4 1562
4 1870
5 37
5 636
5 942
5 986
5 1184
5 1498
5 1507
5 1809
6 540
6 660
6 689
6 777
6 849
6 1379
6 1461
6 1502
6 1821
7 127
7 353
7 383
7 464
7 653
7 975
7 1438
7 1465
7 1518
7 1794
8 320
8 418
8 1025
8 1391
8 1435
8 1628
8 1648
9 28
9 129
9 387
9 467
9 474
9 571
9 949
9 1053
9 1329
10 327
10 468
10 708
10 990
10 1168
10 1170
10 1521
10 1847
10 1965
11 100
11 485
11 1171
11 1327
11 1465
11 1827
12 516
12 815
12 984
12 1791
12 1860
12 1937
13 205
13 665
13 1136
13 1679
13 1935
14 284
14 342
14 343
14 454
14 1269
14 1452
14 1901
14 1977
15 34
15 626
15 631
15 681
15 1399
15 1704
15 1710
15 1880
15 1987
16 158
16 585
16 1228
16 1698
17 98
17 489
17 642
17 922
17 1557
17 1887
17 1929
17 1982
18 21
18 141
18 277
18 289
18 381
18 787
18 823
18 1174
19 48
19 302
19 611
19 711
19 814
19 1357
19 1784
20 120
20 419
20 1092
20 1739
20 1875
21 271
21 305
21 518
21 924
21 1033
21 1528
21 1574
21 1584
22 447
22 685
22 914
22 943
22 1247
22 1252
22 1253
22 1545
22 1628
22 1735
22 1750
22 1803
22 1870
22 1943
23 105
23 172
23 320
23 481
23 594
23 999
24 83
24 423
24 501
24 733
24 799
24 1171
24 1375
24 1571
25 238
25 377
25 701
25 886
25 977
25 1266
25 1603
25 1621
25 1662
25 1747
25 1773
25 1849
26 616
26 796
26 908
26 1016
26 1022
26 1453
27 179
27 340
27 1046
27 1151
27 1837
27 1947
27 1968
28 288
28 677
28 1684
28 1878
29 64
29 268
29 279
29 439
29 499
29 1335
29 1451
29 1625
29 1639
29 1710
29 1889
30 34
30 293
30 324
30 465
30 809
30 1136
30 1470
30 1660
31 43
31 198
31 354
31 742
31 1542
31 1586
31 1806
31 1989
32 356
32 375
32 491
32 741
32 1412
33 77
33 260
33 639
33 669
33 1490
33 1529
33 1628
33 1784
34 519
34 741
34 1059
34 1469
34 1642
34 1786
34 1857
34 1880
35 344
35 484
35 599
35 1007
35 1299
36 41
36 255
36 1025
36 1499
36 1522
36 1817
37 69
37 97
37 190
37 494
37 923
37 1157
37 1192
37 1645
37 1887
37 1904
38 109
38 193
38 471
38 690
38 940
39 423
39 848
39 872
39 1152
39 1388
39 1970
40 422
40 503
40 889
40 1384
40 1665
40 1888
41 304
41 438
41 848
41 1029
41 1448
41 1582
41 1649
41 1860
41 1910
41 1957
42 107
42 576
42 647
42 897
42 1001
42 1209
42 1430
42 1522
42 1578
42 1601
43 282
43 580
43 585
43 588
43 763
43 864
43 1103
43 1641
44 111
44 437
44 504
44 632
44 1127
44 1194
44 1491
44 1502
44 1838
45 103
45 642
45 645
45 655
45 1139
45 1310
45 1541
45 1603
45 1790
46 132
46 262
46 307
46 397
46 489
46 520
46 539
46 1047
46 1455
46 1500
46 1785
47 550
47 814
47 1110
47 1171
47 1359
47 1373
47 1657
47 1795
47 1991
48 216
48 284
48 1061
49 201
49 527
49 728
49 875
49 1636
49 1738
50 656
50 657
50 937
50 1038
50 1151
50 1161
50 1550
50 1623
50 1871
51 89
51 1745
51 1821
52 578
52 664
52 904
52 1185
52 1381
52 1729
53 82
53 589
53 635
53 870
53 1086
53 1499
53 1521
53 1773
54 766
54 1183
54 1307
54 1470
54 1486
54 1525
55 100
55 231
55 698
55 1436
55 1439
55 1736
55 1798
56 418
56 1681
56 1793
57 270
57 327
57 475
57 664
57 678
57 746
57 1062
57 1421
57 1521
57 1970
58 315
58 771
58 841
58 1047
59 166
59 682
59 723
59 1488
59 1727
59 1776
59 1792
60 250
60 580
60 1252
60 1599
60 1954
61 133
61 591
61 808
61 1177
61 1502
62 150
62 329
62 526
62 1741
63 167
63 751
63 1092
63 1362
64 357
64 524
64 557
64 621
64 1464
64 1554
64 1928
65 164
65 176
65 258
65 331
65 1146
65 1962
66 210
66 496
66 1003
66 1072
66 1274
66 1848
67 106
67 349
67 1196
67 1580
67 1804
68 74
68 112
68 558
68 617
68 658
68 1402
68 1769
68 1803
69 76
69 409
69 440
69 530
69 980
69 1841
69 1938
70 196
70 338
70 456
70 711
70 1148
70 1166
71 755
71 1040
71 1104
71 1783
72 335
72 614
72 777
72 837
72 1045
72 1299
72 1448
72 1783
72 1824
72 1887
72 1907
73 210
73 267
73 296
73 1139
73 1244
73 1730
73 1763
73 1805
74 231
74 720
74 931
74 1582
74 1599
74 1840
74 1919
75 278
75 428
75 624
75 890
75 934
75 1535
75 1636
75 1759
76 503
76 800
76 1510
76 1795
76 1848
77 160
77 184
77 1293
77 1546
77 1592
77 1936
77 1969
78 464
78 494
78 1023
78 1079
78 1117
78 1130
78 1816
79 97
79 787
79 956
79 1758
79 1812
80 480
80 1085
80 1090
80 1487
80 1702
81 190
81 814
81 1063
81 1138
81 1235
81 1347
81 1576
81 1922
82 394
82 474
82 944
82 1358
82 1687
83 132
83 236
83 263
83 276
83 913
83 1130
83 1236
83 1401
83 1584
83 1776
84 273
84 368
84 528
84 750
84 772
84 950
84 1309
84 1361
84 1419
84 1565
84 1684
84 1899
85 139
85 954
85 989
85 1107
85 1648
86 170
86 713
86 861
86 1327
87 253
87 392
87 400
87 1024
87 1322
87 1635
87 1851
87 1974
88 187
88 382
88 1456
88 1464
88 1741
89 411
89 460
89 1264
89 1607
89 1711
89 1841
90 449
90 639
90 722
90 869
90 1494
90 1657
90 1966
90 1975
91 378
91 708
91 734
91 790
91 812
91 1252
91 1253
91 1273
91 1293
91 1358
91 1387
91 1740
91 1761
91 1873
92 151
92 209
92 218
92 225
92 384
92 828
92 992
92 1490
92 1694
92 1744
93 797
93 1002
93 1478
93 1780
94 918
94 970
94 1982
94 1990
95 247
95 693
95 733
95 1304
95 1508
95 1563
95 1623
95 1642
95 1940
95 1966
96 387
96 582
96 1006
96 1436
96 1638
96 1666
97 270
97 864
97 1079
97 1155
97 1267
97 1550
97 1760
98 390
98 1304
98 1513
98 1949
99 123
99 312
99 452
99 1692
99 1779
99 1895
100 357
100 362
100 392
100 862
100 1003
100 1143
100 1240
100 1542
100 1807
100 1858
101 261
101 271
101 351
101 1156
101 1242
101 1861
102 696
102 943
102 1247
102 1257
102 1920
103 288
103 451
103 737
103 772
103 959
103 1149
103 1217
103 1271
103 1381
103 1406
103 1715
103 1786
104 218
104 253
104 670
104 767
104 808
104 1255
104 1637
104 1714
104 1799
105 984
105 1049
105 1828
106 205
106 206
106 260
106 286
106 949
106 1121
106 1720
106 1769
106 1923
107 1099
107 1104
107 1547
107 1754
108 119
108 339
108 532
108 575
108 591
108 1321
108 1381
109 195
109 210
109 265
109 1393
109 1504
109 1599
109 1721
109 1753
109 1789
110 123
110 186
110 637
110 798
110 855
110 1322
110 1333
110 1411
110 1445
110 1818
111 1625
111 1803
111 1876
112 307
112 570
112 626
112 687
112 731
112 1507
112 1541
112 1659
113 466
113 804
113 1551
113 1687
114 255
114 1016
114 1694
115 407
115 489
115 534
115 1139
115 1677
115 1807
116 237
116 485
116 490
116 1415
116 1522
116 1917
116 1957
117 1282
117 1420
117 1570
117 1682
118 196
118 264
118 371
118 515
118 874
118 1376
118 1418
118 1608
118 1729
119 308
119 489
119 598
119 1058
119 1066
119 1217
119 1406
119 1566
119 1622
119 1977
120 402
120 1026
120 1366
120 1429
120 1830
121 188
121 241
121 1445
121 1717
122 432
122 469
122 643
122 703
122 771
122 1013
122 1748
122 1765
122 1995
123 227
123 306
123 568
123 879
123 982
123 1319
123 1352
123 1709
124 229
124 745
124 825
124 1601
124 1975
124 2000
125 353
125 600
125 672
125 679
125 847
125 878
125 1150
125 1186
125 1256
125 1374
125 1799
126 143
126 830
126 1246
126 1339
126 1477
126 1557
126 1748
126 1982
127 282
127 523
127 1146
127 1462
128 729
128 992
128 1361
128 1547
128 1919
129 306
129 477
129 552
129 813
129 941
129 1021
129 1499
130 191
130 201
130 931
130 1244
130 1386
130 1448
130 1911
130 1992
131 176
131 933
131 966
131 1256
131 1455
131 1637
132 380
132 1043
132 1159
132 1160
132 1174
132 1317
132 1370
133 234
133 729
133 1768
133 1859
134 290
134 337
134 603
134 792
134 1044
134 1172
134 1332
134 1464
134 1737
135 418
135 525
135 711
135 840
136 168
136 268
136 973
136 1732
137 280
137 283
137 535
137 592
137 800
137 814
137 1408
137 1752
138 250
138 322
138 881
138 922
138 1041
138 1407
138 1878
138 1922
139 224
139 355
139 650
139 965
139 1014
139 1027
139 1352
139 1574
139 1597
140 556
140 881
140 912
140 1003
140 1007
140 1300
140 1604
140 1625
140 1647
141 364
141 584
141 781
141 851
141 1273
141 1307
141 1334
141 1433
142 214
142 577
142 1041
142 1072
142 1085
142 1662
142 1949
142 1961
143 288
143 324
143 565
143 1109
143 1323
143 1522
143 1634
143 1766
144 364
144 688
144 1312
144 1327
145 173
145 303
145 593
145 637
146 233
146 665
146 743
146 1055
146 1101
146 1530
146 1718
146 1896
146 1940
147 374
147 1132
147 1260
147 1424
147 1735
148 222
148 1151
148 1206
148 1564
149 368
149 463
149 611
149 669
149 872
149 1214
149 1298
149 1477
149 1785
149 1795
150 155
150 246
150 265
150 492
150 753
150 841
150 1147
150 1436
150 1831
150 1889
150 1999
150 2000
151 405
151 542
151 829
151 1099
151 1908
152 488
152 568
152 614
152 822
152 1210
152 1769
152 1957
153 354
153 503
153 1820
153 1908
153 1970
154 307
154 764
154 787
154 1037
154 1438
154 1743
154 1893
155 318
155 493
155 627
155 747
155 1045
155 1340
155 1694
155 1916
156 536
156 1069
156 1127
156 1409
156 1595
156 1816
157 504
157 985
157 1510
157 1661
158 666
158 802
158 943
158 1215
158 1278
158 1342
158 1554
159 1672
159 1863
159 1983
160 169
160 377
160 638
160 878
160 1105
160 1195
160 1547
160 1555
160 1671
162 262
162 397
162 524
162 581
162 624
162 945
162 968
162 1173
162 1428
162 1583
162 1827
162 1896
162 1976
163 764
163 1048
163 1071
163 1163
163 1309
163 1347
163 1847
164 707
164 1109
164 1212
164 1575
164 1652
164 1750
164 1771
165 531
165 593
165 990
165 1815
166 224
166 398
166 729
166 903
166 1136
166 1385
166 1572
166 1802
166 1960
167 361
167 367
167 370
167 400
167 443
167 623
167 879
167 1551
167 1589
167 1646
167 1705
167 1792
167 1837
168 228
168 373
168 434
168 775
168 848
168 1106
168 1283
168 1590
169 346
169 809
169 898
169 1453
169 1648
169 1695
170 366
170 520
170 691
170 855
170 905
170 1147
170 1171
170 1436
170 1791
170 1818
170 1926
171 429
171 463
171 605
171 901
171 1509
172 789
172 1534
172 1540
172 1790
172 1875
172 2000
173 249
173 645
173 831
173 1059
173 1431
173 1800
174 243
174 342
174 739
174 1082
174 1117
174 1551
174 1554
174 1828
175 490
175 822
175 1090
175 1235
175 1258
175 1601
175 1708
175 1776
175 1999
176 858
176 962
176 1427
176 1493
176 1857
176 1977
177 322
177 459
177 1100
177 1248
177 1346
177 1588
177 1594
177 1754
177 1936
178 377
178 407
178 535
178 640
178 678
178 800
178 905
178 1163
178 1299
178 1991
179 620
179 627
179 684
179 738
179 1017
179 1174
179 1338
179 1385
179 1661
179 1702
180 585
180 633
180 677
180 1763
180 1789
180 1883
180 1894
180 1922
181 213
181 561
181 690
181 1314
181 1403
182 223
182 584
182 691
182 710
182 942
182 1564
182 1632
182 1683
182 1877
183 639
183 747
183 1743
184 418
184 1115
184 1234
184 1255
184 1445
184 1481
185 414
186 616
186 692
186 1009
186 1026
186 1248
186 1418
186 1547
186 1976
187 333
187 738
187 1381
187 1605
187 1646
187 1670
188 207
188 559
188 794
188 1009
188 1476
188 1638
189 240
189 769
189 967
189 1157
189 1556
189 1630
189 1846
190 297
190 975
190 994
191 877
191 978
191 1193
191 1329
191 1618
191 1926
192 737
192 982
192 1039
192 1167
192 1408
192 1685
192 1979
193 529
193 1014
193 1091
193 1511
193 1750
193 1775
193 1820
194 223
194 540
194 554
194 683
194 1044
194 1915
195 540
195 1515
195 1633
195 1638
195 1955
196 434
196 511
196 606
196 751
196 903
196 1394
196 1429
197 265
197 300
197 480
197 1989
198 956
198 974
198 1038
198 1895
199 219
199 274
199 500
199 956
199 1292
199 1391
199 1496
199 1541
199 1762
199 1809
200 367
200 972
200 1037
200 1174
200 1285
200 1543
200 1896
201 222
201 231
201 234
201 576
201 632
201 761
201 1287
201 1369
201 1401
201 1564
201 1613
201 1629
201 1647
201 1769
202 689
202 1348
202 1468
202 1650
203 221
203 734
203 782
203 823
203 957
203 1494
203 1499
203 1902
204 207
204 416
204 570
204 733
204 881
204 1427
204 1520
204 1924
204 1973
205 311
205 312
205 580
205 1741
205 1858
205 1954
206 721
206 1087
206 1603
206 1828
207 667
207 1097
207 1562
208 476
208 1072
208 1195
208 1661
208 1736
209 313
209 430
209 819
209 1788
209 1926
210 337
210 554
210 568
210 1166
210 1566
211 460
211 570
211 647
211 1137
211 1566
211 1845
212 262
212 266
212 392
212 393
212 675
212 1702
212 1770
212 1863
213 1781
214 234
214 470
214 474
214 504
214 602
214 859
214 900
214 1180
214 1397
214 1400
214 1599
215 250
215 500
215 1673
216 463
216 604
216 1831
216 1984
217 277
217 481
217 573
217 1127
217 1500
217 1703
217 1771
217 1807
218 233
218 316
218 713
218 884
218 1169
218 1427
218 1446
218 1504
218 1743
219 324
219 408
219 811
219 1328
219 1505
219 1822
220 699
220 828
220 959
221 640
221 864
221 1208
221 1261
221 1415
221 1988
222 803
222 1100
222 1448
222 1549
222 1665
223 273
223 768
223 945
223 1392
223 1484
224 370
224 957
224 1081
224 1211
224 1255
224 1287
224 1369
224 1777
225 254
225 374
225 534
225 1521
225 1536
225 1730
226 349
226 393
226 595
226 1022
226 1214
226 1651
226 1892
227 260
227 839
227 841
227 955
227 1318
227 1724
227 1869
228 454
228 501
228 788
228 871
228 1051
228 1182
228 1252
229 255
230 442
230 855
230 1105
230 1390
230 1614
230 1810
230 1924
230 1975
230 1987
231 336
231 548
231 1382
231 1571
231 1947
232 314
232 496
232 854
232 883
232 963
232 1255
232 1355
232 1829
233 392
233 527
233 636
233 918
233 1430
233 1583
234 469
234 536
234 841
234 1073
234 1352
234 1448
234 1877
234 1998
235 357
235 510
236 645
236 978
236 1107
236 1160
236 1644
236 1717
236 1924
236 1989
237 252
237 445
237 500
237 990
237 1335
237 1441
237 1457
237 1929
238 849
238 1440
238 1476
238 1542
238 1685
238 1842
239 291
239 488
239 867
239 1129
239 1133
239 1139
239 1243
239 1291
239 1510
239 1872
240 271
240 766
240 853
240 1218
240 1925
241 302
241 508
241 1506
241 1787
241 1997
242 535
242 662
242 1203
242 1709
243 489
243 623
243 1115
243 1522
243 1976
244 806
244 820
244 997
244 1081
244 1144
244 1224
244 1328
244 1441
244 1685
245 612
245 629
245 687
245 747
245 925
245 1096
245 1387
245 1470
246 371
246 390
246 558
246 682
246 1274
247 1479
247 1913
248 317
248 355
248 863
249 694
249 927
249 1083
249 1450
249 1486
249 1907
249 1921
249 1945
249 1953
249 1972
250 691
250 862
250 883
250 1128
250 1479
250 1697
250 1763
251 324
251 885
251 1613
252 482
252 738
252 763
252 1182
252 1196
252 1212
252 1385
252 1393
252 1414
252 1453
252 1480
252 1935
252 1994
253 288
253 475
253 480
253 604
253 984
253 1115
253 1302
253 1351
253 1405
254 427
254 604
254 853
254 1806
255 668
255 670
255 792
255 875
255 1206
255 1891
256 584
256 720
256 819
256 860
256 1129
258 266
258 815
258 843
258 1407
259 399
259 707
259 922
259 929
259 1812
259 1860
260 901
260 1230
260 1266
260 1443
260 1510
260 1618
261 276
261 584
261 655
261 871
261 935
261 1808
262 509
262 791
262 1333
262 1619
262 1631
263 294
263 399
263 462
263 798
263 966
263 968
263 1276
263 1332
263 1960
264 549
264 696
264 792
264 918
264 1440
265 891
265 1569
265 1707
266 280
266 372
266 393
266 1058
266 1138
266 1422
266 1589
267 405
267 513
267 582
267 619
267 904
267 960
267 1097
267 1311
267 1506
267 1736
268 449
268 494
268 794
268 982
268 1772
269 329
269 516
269 607
269 696
269 1056
270 361
270 808
270 1151
270 1296
270 1461
270 1608
270 1713
270 1771
270 1977
271 422
271 610
271 625
271 839
271 1357
271 1486
271 1561
271 1610
271 1714
271 1836
272 572
272 878
272 1174
272 1232
272 1425
272 1995
273 524
273 663
273 923
273 1154
273 1518
273 1614
273 1854
273 1870
273 1943
273 1965
274 487
274 1680
274 1713
274 1814
275 565
275 1219
275 1391
275 1755
275 1909
276 343
276 1026
276 1151
276 1749
276 1869
277 1086
277 1309
277 1329
277 1344
277 1417
277 1876
277 1946
278 406
278 489
278 585
278 921
278 943
278 981
278 1042
278 1141
278 1443
278 1577
278 1785
278 1809
279 739
279 1070
279 1389
279 1689
279 1780
279 1782
279 1949
279 1955
280 359
280 420
280 958
280 1122
280 1342
280 1472
280 1972
281 824
281 1054
281 1076
281 1354
281 1430
281 1524
281 1642
281 1762
282 360
282 396
282 507
282 879
282 1761
282 1860
282 1916
282 1924
283 401
283 575
283 1051
283 1622
283 1635
283 1889
284 725
284 1338
284 1495
284 1965
285 498
285 797
285 848
285 944
285 1182
285 1336
286 429
286 881
286 936
286 1003
286 1200
286 1357
286 1898
287 866
287 870
287 902
287 925
287 1199
287 1535
287 1536
287 1853
287 1924
287 1961
287 1993
288 375
288 833
288 1384
288 1658
288 1755
289 364
289 436
289 1379
290 344
290 371
290 505
290 1074
290 1177
290 1370
291 413
291 686
291 851
291 1654
291 1655
292 519
292 609
292 843
292 1122
292 1253
292 1415
292 1736
293 864
293 1738
293 1807
294 482
294 865
294 1532
294 1822
294 1981
294 1986
295 298
295 547
295 701
295 703
295 785
295 1115
295 1152
295 1350
295 1696
295 1771
295 1808
296 822
296 1320
296 1428
296 1713
296 1896
297 329
297 435
297 791
297 948
297 1613
297 1687
297 1773
298 304
298 350
298 465
298 900
298 1453
298 1733
298 1821
299 304
299 545
299 884
299 989
299 1246
299 1257
299 1560
299 1685
299 1807
300 457
300 646
300 1050
301 379
301 528
301 1181
301 1668
301 1699
301 1810
302 565
302 1179
302 1898
302 1967
303 791
303 1401
303 1426
303 1587
303 1763
303 1764
303 1891
303 1901
304 397
304 606
304 817
304 1145
304 1267
304 1502
304 1512
305 336
305 390
305 686
305 697
305 773
305 1139
305 1229
305 1425
306 742
306 781
306 868
306 1204
306 1766
306 1811
306 1855
306 1960
307 797
307 846
307 1139
307 1144
308 348
308 495
308 670
308 1000
308 1041
308 1245
308 1330
308 1486
308 1613
308 1700
309 354
309 359
309 419
309 1569
310 410
310 573
310 1288
310 1471
310 1486
310 1642
311 334
311 416
311 515
311 626
311 1063
311 1117
311 1207
311 1653
311 1656
311 1982
312 654
312 1556
312 1703
312 1955
313 324
313 704
313 714
313 1027
313 1042
313 1279
313 1286
313 1397
314 454
314 811
314 947
314 1195
314 1263
314 1396
314 1796
314 1810
315 363
315 373
315 557
315 792
315 814
315 1049
315 1219
315 1342
315 1544
315 1767
315 1957
316 395
316 628
316 1701
316 1770
316 1784
316 1848
316 1974
317 873
317 973
317 1015
317 1831
318 636
318 711
318 713
318 1100
318 1667
318 1888
319 703
319 1257
319 1595
319 1813
319 1837
319 1912
320 396
320 409
320 544
320 713
320 1254
320 1314
320 1736
320 1862
320 1953
321 471
321 511
321 741
321 756
321 862
321 1460
321 1588
321 1790
322 1350
322 1900
323 967
323 1003
323 1146
323 1581
323 1651
323 1798
324 607
324 889
324 1669
324 1742
324 1873
325 664
325 1164
325 1548
326 396
326 477
326 528
326 563
326 581
326 895
326 1384
326 1864
327 420
327 1504
327 1807
327 1896
327 1981
328 452
328 701
328 923
329 520
329 674
329 767
329 1065
329 1197
329 1312
329 1368
329 1808
329 1826
329 1830
329 1891
330 524
330 830
330 1397
330 1740
330 1753
330 1829
330 1857
331 588
331 983
331 1071
331 1150
331 1436
331 1812
332 403
332 431
332 559
332 585
332 1002
332 1005
332 1193
332 1659
332 1987
333 507
333 803
333 1664
333 1935
334 818
334 1159
334 1291
334 1300
335 362
335 606
335 872
335 1113
335 1131
335 1326
335 1908
335 1926
336 859
336 880
336 908
336 1312
336 1444
336 1588
336 1590
337 487
337 901
337 924
337 1151
337 1356
337 1555
337 1660
337 1724
337 1756
338 423
338 569
338 996
338 1036
338 1685
339 384
339 1090
339 1252
339 1718
339 1759
339 1778
339 1957
340 826
340 876
340 916
340 956
340 1787
341 490
341 766
341 1083
341 1271
342 459
342 610
342 671
342 789
342 886
342 909
342 1013
342 1496
342 1608
342 1725
343 648
343 751
343 770
343 947
343 1427
343 1855
344 467
344 1298
344 1701
344 1765
344 1973
345 394
345 663
345 1038
345 1047
345 1288
345 1306
345 1362
345 1658
345 1729
345 1763
345 1829
345 1894
345 1969
346 389
346 490
346 491
346 680
346 853
346 1228
346 1611
346 1820
347 584
347 684
347 738
347 1171
347 1860
348 1217
348 1296
348 1621
348 1690
349 567
349 772
349 1327
349 1373
350 443
350 570
350 628
350 833
350 1243
350 1266
351 393
351 533
351 591
351 785
351 952
352 501
352 865
352 1733
352 1740
352 1951
352 1970
352 1973
352 1989
353 511
353 552
353 687
353 848
353 1023
353 1218
353 1813
353 1991
354 412
354 718
354 1266
354 1317
354 1395
354 1796
355 581
355 627
355 646
355 942
355 1296
355 1310
355 1379
355 1492
356 601
356 698
356 725
356 744
356 758
356 850
356 925
356 1452
356 1505
356 1813
357 1151
357 1178
357 1241
357 1268
357 1281
357 1505
357 1540
357 1595
357 1634
357 1948
358 587
358 1090
358 1165
358 1389
358 1417
359 579
359 1065
359 1766
360 454
360 676
360 828
360 1135
360 1319
360 1757
360 1961
360 1984
361 718
361 745
361 1006
361 1063
361 1235
361 1689
362 526
362 731
362 774
362 1020
362 1027
362 1252
362 1348
362 1473
362 1580
363 815
363 1066
363 1196
363 1248
363 1679
364 585
364 1084
364 1122
364 1199
364 1317
364 1345
364 1740
364 1846
365 919
365 1578
365 1853
365 1951
366 1153
366 1216
366 1341
367 1360
367 1595
367 1990
368 1632
369 542
369 698
369 748
369 1069
369 1208
369 1328
370 518
370 1078
370 1179
370 1527
370 1766
371 405
371 1075
371 1129
371 1733
371 1769
371 1812
372 564
372 658
372 1051
372 1112
372 1211
372 1386
373 451
373 487
373 564
373 843
373 1314
373 1336
373 1342
373 1468
373 1723
373 1756
373 1822
374 502
374 767
374 831
374 1131
374 1433
374 1520
374 1928
374 1975
375 422
375 1166
375 1307
375 1324
375 1449
375 1936
376 545
376 884
376 970
376 1582
377 1034
377 1044
377 1490
377 1625
377 1850
378 608
378 637
378 730
378 835
378 1094
378 1340
378 1692
378 1751
378 1964
378 1969
379 501
379 1156
379 1583
379 1910
379 1966
380 602
380 697
380 711
380 1844
381 556
381 712
381 1230
381 1619
382 480
382 589
382 594
382 610
382 1121
382 1123
382 1572
383 811
383 823
383 853
383 1285
383 1445
383 1450
383 1766
383 1883
383 1996
384 392
384 740
384 852
384 1030
384 1095
384 1124
384 1466
384 1743
385 404
385 685
385 767
385 864
385 1426
386 574
386 813
386 1092
386 1537
386 1832
387 482
387 578
387 696
387 805
387 1529
387 1719
387 1781
388 394
388 1245
388 1315
388 1759
388 1892
389 620
389 806
389 1106
389 1142
389 1471
389 1775
390 429
390 1018
390 1179
391 609
391 1134
391 1278
391 1665
391 1839
392 535
392 1080
392 1292
392 1299
392 1516
392 1728
392 1848
393 665
393 996
393 1007
393 1212
393 1347
393 1915
394 531
394 760
394 833
394 837
394 1041
394 1174
394 1354
394 1941
395 626
395 1097
395 1548
396 1230
396 1361
396 1469
396 1813
397 581
397 645
397 723
397 860
397 1036
397 1061
397 1225
397 1737
397 1925
397 1960
398 1076
398 1112
398 1309
398 1511
398 1684
399 410
399 858
399 1223
399 1301
399 1537
399 1948
399 1990
400 507
400 1239
400 1326
400 1610
400 1613
400 1664
400 1801
400 1835
400 1899
401 443
401 612
401 613
401 668
401 974
401 1067
401 1275
401 1371
401 1386
402 473
402 554
402 811
402 1322
402 1436
402 1538
402 1595
402 1622
402 1807
403 497
403 695
403 1011
403 1261
403 1318
403 1677
403 1945
403 1992
404 607
404 965
404 1314
405 1004
405 1297
405 1734
405 1974
406 961
406 1095
406 1102
406 1124
406 1501
406 1608
407 649
407 766
407 963
407 1069
407 1577
407 1784
407 1850
408 553
408 1086
408 1158
408 1280
408 1928
408 1945
409 1049
409 1436
409 1734
409 1764
410 436
410 458
410 595
410 677
410 763
410 1334
410 1362
410 1487
410 1923
411 539
411 941
411 1583
411 1665
411 1786
411 1863
412 1038
412 1274
412 1534
413 571
413 795
413 813
413 1168
413 1175
413 1346
413 1600
413 1738
413 1758
414 535
414 803
414 952
414 1087
414 1175
414 1462
414 1607
414 1921
414 1977
415 444
415 452
415 1661
416 464
416 1335
416 1567
416 1885
417 641
417 764
417 847
417 875
417 906
417 975
417 1773
418 427
418 580
418 1424
418 1533
418 1553
418 1692
419 433
419 800
419 950
419 1059
419 1687
419 1876
420 1809
421 559
421 1328
421 1542
421 1918
421 1948
421 1995
422 520
422 584
422 736
422 774
422 1336
422 1799
422 1842
422 1922
422 1925
423 749
423 1408
423 1551
423 1888
424 808
424 851
424 862
424 943
424 1154
424 1449
424 1968
425 571
425 879
425 930
425 980
425 1062
425 1088
425 1178
425 1511
425 1786
426 483
426 530
426 615
426 1443
427 632
427 850
427 881
427 908
427 1486
427 1590
428 755
428 1191
428 1949
430 857
430 1138
430 1164
430 1654
430 1729
430 1759
430 1884
431 534
431 669
431 673
431 805
431 1057
431 1218
431 1219
431 1261
431 1301
431 1911
432 514
432 621
432 911
432 1988
433 541
433 570
433 920
433 1142
433 1185
433 1302
433 1508
433 1653
433 1817
434 457
434 968
434 1196
434 1792
434 1997
435 478
435 910
435 988
436 832
436 924
436 1191
436 1283
436 1320
436 1351
436 1479
436 1746
436 1768
436 1864
437 493
438 565
438 609
438 932
438 1049
439 480
439 524
439 894
439 1285
439 1389
439 1447
439 1459
439 1697
440 1016
440 1083
440 1235
440 1281
440 1367
441 643
441 791
441 1295
441 1665
441 1763
442 571
442 624
442 983
442 1688
442 1755
443 491
443 653
443 921
443 1484
443 1566
443 1747
443 1981
444 1185
444 1203
444 1329
445 450
445 1264
445 1268
445 1434
445 1678
445 1988
446 628
446 949
446 1202
446 1225
446 1231
446 1383
446 1557
446 1658
446 1779
447 905
447 1216
447 1402
447 1855
448 1362
448 1369
448 1399
448 1683
448 1799
448 1895
449 1107
449 1252
449 1442
449 1625
449 1697
449 1711
450 1044
450 1436
450 1964
451 508
451 536
451 685
451 740
451 1680
452 578
452 791
452 820
452 854
452 1173
452 1461
452 1759
453 663
453 891
453 1329
453 1681
453 1721
453 1759
454 744
454 1235
454 1527
454 1540
454 1588
455 493
455 955
455 1503
455 1924
456 700
456 1271
456 1663
456 1683
457 1016
457 1356
457 1723
458 511
458 635
458 691
458 1050
458 1141
458 1933
459 539
459 687
459 878
459 1954
460 496
460 1121
460 1685
460 1877
461 500
461 762
461 1000
461 1067
461 1957
462 483
462 676
462 999
462 1581
463 469
463 840
463 967
463 1039
463 1756
464 704
464 1220
464 1331
464 1368
464 1630
465 1387
465 1657
466 469
466 887
466 1341
466 1587
466 1903
466 1958
467 942
467 1208
467 1411
467 1574
467 1848
467 1952
468 733
468 1643
468 1758
468 1900
468 1975
469 571
469 1121
469 1256
469 1902
469 1920
470 597
470 858
470 1007
470 1874
471 650
471 865
471 996
471 1034
471 1254
471 1719
471 1737
471 1920
472 614
472 683
472 783
472 1381
472 1773
472 1956
472 1992
473 480
473 595
473 804
473 994
473 1274
473 1428
473 1527
474 527
474 1136
474 1470
474 1588
474 1633
474 1725
475 544
475 753
475 1232
475 1598
475 1767
476 645
476 823
476 1114
476 1884
477 743
477 814
477 991
477 1095
477 1238
477 1520
477 1654
478 580
478 692
478 796
478 948
478 1012
478 1104
478 1394
478 1446
478 1656
479 520
479 523
479 1888
480 1114
480 1403
480 1498
480 1831
481 760
481 766
481 1178
481 1375
481 1382
481 1607
482 484
482 920
482 932
482 972
482 1039
482 1460
482 1854
482 1866
483 525
483 1243
483 1331
483 1536
483 1843
483 1934
484 662
484 1185
484 1832
484 1845
485 543
485 590
485 594
485 734
485 796
485 948
485 1492
485 1563
485 1668
485 1832
486 710
486 847
486 1219
486 1309
486 1406
486 1649
486 1691
487 523
487 681
487 699
487 762
487 852
487 944
487 1106
487 1358
487 1703
487 1755
487 1956
488 743
488 782
488 936
488 1427
488 1716
489 792
489 851
489 986
489 1213
489 1528
489 1569
489 1737
490 817
490 1810
490 1963
491 523
491 546
491 569
491 728
491 773
491 1268
491 1471
491 1572
491 1601
491 1886
492 586
492 1824
492 1837
493 628
493 871
493 892
493 1151
493 1607
493 1730
494 521
494 1067
494 1640
494 1953
495 540
495 852
495 1117
495 1228
495 1492
495 1569
495 1740
496 1149
496 1228
496 1260
496 1626
497 672
497 793
497 867
497 1062
497 1541
497 1625
497 1716
498 1005
498 1038
498 1730
499 929
499 1121
499 1357
499 1374
499 1478
499 1513
499 1741
499 1872
499 1908
500 715
500 1500
500 1692
500 1783
500 1923
501 503
501 651
501 779
501 913
501 1028
501 1280
501 1572
501 1626
501 1651
501 1790
502 563
502 710
502 1060
502 1263
502 1354
502 1466
502 1510
502 1624
502 1954
503 1118
503 1188
503 1208
503 1557
503 1689
503 1737
503 1958
504 580
504 636
504 714
504 772
504 1270
504 1874
505 535
505 581
505 605
505 1002
505 1007
505 1653
506 689
506 774
506 903
506 1866
507 719
507 904
507 931
507 1429
507 1807
507 1934
507 1981
508 1086
508 1255
509 1019
509 1204
509 1229
509 1658
509 1681
509 1771
510 751
510 775
510 1101
510 1192
510 1634
510 1786
511 576
511 603
511 649
511 675
511 1280
511 1433
512 591
512 592
512 891
512 946
512 1017
512 1648
512 1803
513 1046
513 1376
513 1621
513 1638
513 1742
514 659
514 1677
514 1942
515 613
515 845
515 1506
515 1626
515 1686
515 1993
516 740
516 1719
516 1891
516 1924
517 1031
517 1417
517 1433
517 1496
517 1532
518 759
518 964
518 1161
518 1414
519 595
519 1040
519 1949
520 547
520 691
520 743
520 940
520 1446
520 1758
520 1843
520 1858
521 686
521 1758
521 1831
522 593
522 935
522 988
522 1513
522 1631
522 1726
522 1950
523 599
523 1437
523 1470
523 1748
524 730
524 1188
524 1602
524 1757
525 576
525 985
525 1213
525 1737
525 1929
526 1417
526 1891
527 1231
527 1326
527 1444
527 1556
527 1574
527 1871
528 1084
528 1204
528 1269
528 1408
528 1614
528 1806
529 621
529 625
529 856
529 1086
529 1213
529 1270
529 1292
529 1597
529 1852
529 1952
530 787
530 1352
530 1365
531 560
531 757
531 770
531 1284
531 1928
531 1968
532 1105
532 1178
532 1633
532 1645
532 1756
533 705
533 867
534 839
534 972
534 1036
534 1182
534 1237
534 1350
534 1532
534 1725
534 1981
534 1990
535 642
535 860
535 1714
535 1753
535 1838
536 1050
536 1137
536 1626
537 581
537 642
537 686
537 704
537 945
537 1176
537 1980
538 1484
538 1721
539 1060
539 1287
539 1766
539 1927
540 809
540 931
540 1288
540 1434
540 1735
540 1908
541 567
541 887
541 1210
541 1653
542 1472
542 1504
543 715
543 973
543 1305
543 1501
543 1547
543 1813
544 629
544 772
544 1260
544 1661
544 1747
544 1788
545 571
545 652
545 871
545 1449
545 1650
545 1945
546 876
546 995
546 1037
546 1217
546 1316
546 1739
547 655
547 1147
547 1213
547 1337
547 1573
547 1876
548 647
548 704
548 789
548 1266
548 1362
548 1467
548 1495
549 696
549 730
549 1438
549 1476
549 1552
549 1597
550 935
550 1330
550 1710
550 1744
550 1759
550 1922
550 1969
551 609
551 793
551 1251
551 1269
551 1288
551 1677
551 1892
552 583
552 673
552 765
552 889
552 1325
552 1336
552 1578
553 868
553 899
553 1083
553 1165
553 1709
553 1774
553 1886
554 600
554 957
554 1363
554 1637
555 814
555 868
555 1012
555 1138
555 1379
555 1442
556 1035
557 825
557 883
557 1484
557 1555
557 1736
558 862
558 1309
558 1327
558 1897
559 830
559 895
559 1053
559 1157
559 1326
560 625
560 718
560 1200
560 1246
560 1468
560 1541
560 1812
561 622
562 679
562 689
562 873
562 1146
562 1245
562 1536
562 1760
563 598
563 622
563 817
563 1448
563 1737
564 1515
564 1587
565 817
565 1167
565 1439
565 1590
565 1907
566 1097
566 1143
566 1167
566 1746
566 1902
566 1911
567 633
567 664
567 778
567 1304
567 1346
567 1432
567 1483
568 728
569 615
569 1260
569 1323
569 1406
569 1833
569 1870
570 721
570 927
570 1180
570 1236
570 1312
570 1569
570 1764
571 843
571 1124
571 1398
571 1427
572 585
572 667
572 848
572 986
572 1610
572 1817
573 586
573 1277
573 1762
574 1059
574 1421
574 1556
574 1803
574 1892
575 1099
575 1440
575 1615
575 1946
575 1982
576 589
576 607
576 619
576 631
576 809
576 992
576 1016
576 1048
576 1358
576 1704
576 1762
576 1823
577 695
577 1719
578 784
578 1716
579 975
579 1032
579 1052
579 1115
579 1534
579 1697
580 596
580 1692
580 1787
581 925
581 1004
581 1445
581 1490
582 889
582 964
582 1506
582 1634
582 1818
583 1010
583 1189
583 1318
583 1489
583 1538
583 1659
583 1751
583 1841
583 1986
584 876
584 934
584 945
584 986
584 1106
584 1230
584 1475
584 1701
584 1718
585 981
585 1078
585 1626
585 1682
585 1920
585 1978
586 783
586 999
586 1779
587 655
587 934
587 1243
587 1575
588 821
588 838
588 1181
588 1216
588 1358
588 1509
588 1653
589 776
589 1043
589 1285
589 1485
589 1733
589 1768
589 1809
589 1943
590 912
590 1222
590 1526
590 1742
590 1906
590 1996
591 949
591 1650
591 1662
592 1152
592 1554
592 1648
592 1958
593 597
593 611
593 616
593 1034
593 1041
593 1601
594 1419
594 1526
594 1706
594 1869
595 640
595 915
595 916
595 1022
595 1109
595 1223
595 1295
595 1664
595 1761
595 1829
595 1867
595 1910
595 1953
596 1472
596 1626
596 1669
596 1678
597 662
597 753
597 755
597 1432
597 1741
597 1824
597 1877
598 761
598 893
598 1029
598 1251
598 1355
598 1555
598 1934
599 969
599 1164
599 1743
599 1986
600 735
600 1007
600 1029
601 957
601 968
601 1089
601 1293
601 1944
602 948
602 1178
602 1362
602 1429
602 1589
602 1614
602 1698
602 1748
602 1810
603 965
603 1331
603 1469
603 1603
603 1644
603 1825
603 1920
604 854
604 937
604 1146
604 1334
604 1357
604 1466
604 1988
605 691
606 1770
606 1874
607 716
607 1057
607 1326
607 1893
608 1262
608 1964
608 1993
609 711
609 872
609 949
609 1075
609 1155
609 1674
609 1712
609 1803
610 954
610 1626
610 1643
610 1701
610 1722
610 1789
611 1347
611 1505
611 1608
611 1821
611 1949
612 683
612 1034
612 1327
612 1590
613 972
613 1122
613 1161
613 1500
613 1752
613 1963
613 1996
614 773
614 828
614 957
614 1053
614 1309
614 1494
614 1918
615 712
615 1271
615 1367
615 1801
615 1944
616 912
616 1148
616 1360
616 1476
617 689
617 707
617 848
617 928
617 1397
617 1437
617 1742
617 1984
618 867
618 1058
618 1373
618 1415
618 2000
619 683
619 806
619 1318
619 1385
619 1402
619 1524
620 709
620 1239
620 1480
620 1625
620 1807
620 1810
620 1980
621 773
621 874
621 971
621 1178
621 1310
621 1588
621 1591
621 1987
622 799
622 853
622 1245
622 1440
622 1690
622 1776
623 1269
623 1671
623 1690
623 1974
624 707
624 738
624 1315
624 1917
624 1939
625 1093
625 1355
625 1808
626 1039
626 1093
626 1223
626 1624
626 1756
627 1093
627 1132
627 1390
627 1724
627 1845
627 1858
628 1054
628 1578
628 1941
629 700
629 728
629 832
629 1413
629 1459
629 1985
630 993
630 1106
630 1206
630 1219
630 1244
630 1534
630 1604
630 1679
630 1973
631 634
631 928
631 1564
631 1707
631 1851
632 877
632 917
632 1165
632 1783
633 1322
633 1475
633 1826
633 1995
634 993
634 1585
634 1610
634 1710
635 915
635 916
635 930
635 1883
636 700
636 971
636 1267
636 1335
636 1450
636 1526
636 1630
637 947
637 1758
638 770
638 849
638 1427
638 1792
639 1154
639 1345
639 1816
640 1417
640 1463
640 1549
640 1613
640 1743
640 1835
641 712
641 904
641 1204
641 1493
641 1680
641 1794
642 698
642 749
642 1107
642 1603
642 1739
642 1905
643 762
643 984
643 1043
643 1418
643 1801
643 1868
644 790
644 799
644 1297
644 1512
644 1752
644 1784
644 1828
645 795
645 894
645 1146
645 1360
645 1804
646 1051
646 1113
646 1304
646 1404
646 1408
646 1544
646 1642
647 974
647 1067
647 1184
648 699
648 988
648 1367
648 1734
649 1876
650 1131
650 1216
650 1481
650 1582
651 847
651 1011
651 1425
652 854
652 1336
652 1868
653 996
653 1065
653 1312
653 1566
653 1647
653 1733
653 1857
653 1885
654 678
654 950
654 1402
654 1759
655 1068
655 1128
656 680
656 733
656 747
656 867
656 920
656 931
656 1004
656 1088
656 1240
656 1571
656 1829
657 1185
657 1593
657 1726
658 1013
658 1300
658 1451
658 1481
658 1586
658 1774
659 717
659 834
659 914
659 1382
659 1393
660 1164
660 1199
660 1292
660 1433
660 1670
660 1684
661 676
661 947
661 964
661 1709
662 862
662 1069
662 1583
663 1121
663 1313
663 1701
663 1765
663 1995
664 925
664 959
664 1081
664 1130
664 1488
664 1526
664 1758
664 1937
665 787
665 825
665 835
665 1348
665 1577
666 679
666 848
666 1079
666 1147
666 1464
666 1485
667 805
667 879
667 1235
668 793
668 967
668 1061
668 1088
668 1110
668 1641
668 1687
668 1727
668 1893
669 771
669 773
669 793
669 1164
669 1256
669 1508
669 1573
669 1597
669 1929
670 966
670 1193
670 1764
671 868
671 1296
671 1332
671 1610
671 1733
671 1934
672 1056
672 1173
672 1466
672 1492
672 1848
673 933
673 1134
673 1187
673 1784
673 1947
673 1977
674 1467
674 1619
674 1669
674 1722
674 1783
674 1869
675 759
675 793
675 856
675 898
675 1007
675 1177
675 1863
676 828
676 1228
676 1540
677 832
677 926
677 1236
677 1257
677 1354
677 1483
677 1842
678 727
678 1011
678 1014
678 1229
678 1384
678 1710
679 716
679 992
679 1830
680 885
680 1004
680 1131
680 1157
680 1279
680 1621
680 1881
680 1955
681 884
681 894
681 1177
681 1284
681 1428
681 1465
681 1721
681 1861
681 1885
682 1020
682 1134
682 1343
682 1720
682 1799
682 1957
683 868
683 1782
684 946
684 997
685 1055
685 1133
685 1143
685 1506
685 1572
685 1628
685 1717
686 1055
686 1417
686 1469
686 1811
686 1900
687 700
687 930
687 1267
687 1942
688 792
688 1003
688 1452
688 1537
688 1850
689 783
689 846
689 1124
689 1333
689 1469
689 1877
690 1201
690 1230
690 1697
690 1821
691 1692
691 1712
691 1769
692 802
692 851
692 875
692 1375
692 1848
692 1936
692 1959
693 1305
693 1417
694 1387
694 1603
694 1662
694 1970
695 1008
695 1153
695 1225
695 1441
695 1642
695 1733
696 856
696 878
696 957
696 970
696 1019
696 1378
696 1449
696 1505
696 1762
696 1771
696 1892
697 1006
697 1051
697 1116
697 1457
697 1620
697 1836
697 1897
698 707
698 1088
699 1128
699 1732
700 781
700 806
700 861
700 1003
700 1560
700 1777
701 1235
701 1399
701 1876
702 1093
702 1435
702 1560
702 1687
703 887
703 1347
703 1411
703 1670
704 912
704 1102
704 1292
704 1464
704 1492
704 1653
705 723
705 1195
705 1216
705 1238
705 1829
706 858
706 868
706 875
706 891
706 975
706 1630
706 1854
707 1145
707 1465
707 1579
707 1897
708 762
708 1346
708 1732
709 731
709 946
709 1122
709 1179
709 1452
709 1491
709 1851
709 1946
709 1959
710 766
710 1124
710 1184
710 1256
710 1943
711 1399
711 1555
711 1564
711 1632
711 1721
711 1765
711 1872
711 1903
711 1920
712 995
712 1224
712 1279
712 1291
712 1443
712 1507
712 1608
712 1612
713 1039
713 1296
713 1327
713 1752
713 1999
714 1123
714 1935
714 1968
715 1454
715 1498
715 1559
715 1768
715 1800
715 1877
715 1892
716 915
717 1008
717 1619
717 1874
718 1185
718 1276
718 1289
718 1674
719 770
719 888
719 941
719 951
719 1529
720 814
720 929
720 1096
720 1491
721 1177
721 1342
721 1572
721 1642
721 1973
721 1992
722 1409
722 1892
723 1036
723 1344
723 1555
723 1810
724 751
724 908
724 920
724 1169
724 1185
724 1547
724 1550
724 1642
725 803
725 1093
725 1102
725 1210
725 1432
726 734
726 980
726 1439
726 1723
726 1872
727 1846
728 1823
728 1995
729 743
729 856
729 1049
729 1066
729 1453
729 1509
729 1719
729 1811
730 949
730 966
730 1262
730 1326
730 1332
730 1774
730 1906
731 1147
731 1646
731 1690
731 1767
731 1856
732 1043
732 1835
732 1924
733 734
733 1830
734 1004
734 1032
734 1124
734 1393
734 1499
734 1575
735 888
735 948
735 1346
735 1510
735 1700
735 1746
735 1893
735 1957
736 1032
737 783
737 1294
737 1967
738 804
738 897
738 1094
738 1537
738 1810
739 1045
739 1093
739 1149
740 1092
740 1632
740 1896
740 1926
741 1103
741 1148
741 1185
741 1791
742 854
742 1103
742 1376
742 1573
742 1842
742 1845
743 932
743 1078
743 1711
743 1768
744 947
744 1227
744 1277
744 1475
745 799
745 1637
745 1791
746 1004
746 1015
746 1316
747 864
747 1240
747 1332
747 1375
747 1928
748 867
748 910
748 1020
748 1267
748 1272
748 1475
748 1673
748 1713
748 1802
748 1804
749 826
749 841
749 907
749 1187
749 1237
750 1130
750 1230
750 1336
750 1782
750 1867
751 1036
751 1792
751 1807
752 908
752 1237
752 1689
753 1206
753 1797
753 1933
753 1973
754 1155
754 1266
754 1403
754 1543
755 1105
755 1183
755 1221
755 1319
755 1570
755 1638
756 905
756 957
756 1011
756 1055
756 1358
756 1519
756 1562
756 1754
756 1761
757 847
757 1341
757 1381
757 1700
758 852
758 915
758 1807
759 862
760 767
760 783
760 820
760 857
760 1580
760 1855
761 953
761 1012
761 1015
761 1581
761 1801
761 1989
762 805
762 1325
763 1258
763 1406
763 1620
763 1881
764 929
764 1387
764 1395
764 1465
764 1569
766 887
766 1232
766 1566
766 1712
766 1904
767 834
767 1048
767 1663
767 1965
768 1119
768 1217
769 1067
769 1488
769 1623
769 1776
770 779
770 999
770 1074
770 1401
770 1475
770 1571
770 1619
770 1725
770 1748
770 1762
770 1885
771 1290
771 1451
771 1672
772 1174
772 1285
772 1420
772 1590
772 1911
772 1999
773 1093
773 1263
773 1351
773 1437
773 1441
773 1565
773 1686
773 1820
774 1108
774 1121
774 1248
774 1859
775 932
775 1332
775 1430
775 1595
776 803
776 990
776 1108
776 1144
776 1167
776 1184
776 1608
776 1630
776 1854
776 1925
776 1937
777 945
777 1263
777 1655
777 1716
778 885
778 899
778 904
778 987
778 1300
778 1414
778 1609
779 952
779 1394
779 1520
779 1875
780 924
780 931
780 1030
780 1330
780 1473
780 1924
781 1488
781 1992
782 797
782 822
782 866
782 976
782 997
782 1361
782 1415
782 1554
782 1831
782 1967
783 786
783 842
783 990
783 1877
784 1044
784 1104
784 1344
784 1456
784 1558
784 1734
784 1761
784 1945
784 1971
785 816
785 1108
785 1312
785 1422
785 1443
785 1523
785 1645
786 980
786 1238
786 1343
787 925
787 926
787 962
787 1233
787 1259
787 1672
787 1691
787 1868
788 924
788 982
788 1105
788 1267
788 1367
788 1490
788 1921
789 1216
789 1354
789 1439
789 1589
789 1621
790 947
791 1053
791 1241
791 1270
791 1341
791 1743
792 967
792 1019
792 1137
793 1507
793 1569
793 1853
794 882
794 1403
794 1557
794 1654
794 1745
795 1078
795 1154
795 1466
796 1002
796 1278
796 1864
796 1946
797 908
797 1232
797 1562
797 1571
797 1575
798 1166
798 1409
798 1550
798 1690
798 1705
798 1849
799 1244
799 1249
799 1472
799 1576
799 1633
799 1973
800 990
800 1701
801 833
801 1216
801 1607
801 1987
802 803
802 816
802 1138
802 1150
802 1425
802 1606
802 1806
802 1857
802 1915
802 1941
803 938
803 953
803 955
803 1291
803 1701
803 1744
804 867
804 1117
804 1945
805 890
805 1359
805 1535
805 1541
805 1543
805 1844
805 1917
806 816
806 1171
806 1557
807 909
807 1137
807 1180
807 1281
808 1167
808 1189
808 1222
808 1833
808 1837
809 1098
809 1270
809 1947
810 994
810 1185
810 1693
810 1801
811 830
811 897
811 1245
811 1983
812 859
812 1097
812 1537
812 1766
813 1201
813 1591
813 1874
813 1947
814 1245
814 1456
814 1484
814 1629
814 1859
815 972
815 1126
815 1366
815 1492
815 1716
816 1222
816 1380
816 1858
817 910
817 1099
817 1467
817 1639
817 1779
818 1072
818 1156
818 1262
818 1438
818 1513
818 1668
818 1889
818 1896
819 1237
819 1284
819 1546
819 1681
820 1054
820 1082
820 1118
820 1170
820 1468
821 923
821 1650
822 1026
822 1373
822 1657
822 1830
823 894
823 1022
823 1675
824 964
824 1077
824 1284
824 1730
824 1998
825 837
825 950
825 1208
825 1530
825 1731
825 1786
826 1746
826 1797
826 1994
827 847
827 888
827 1046
827 1193
827 1981
828 843
828 862
828 996
828 1002
828 1207
828 1378
828 1405
828 1630
828 1980
829 1499
829 1703
829 1706
829 1916
830 1335
830 1481
830 1484
830 1709
830 1729
830 1743
831 954
831 1033
831 1150
831 1760
831 1765
832 969
832 1096
832 1382
832 1486
832 1515
832 1775
833 963
833 1109
833 1180
833 1702
833 1992
834 893
834 1148
834 1714
835 1033
835 1244
835 1724
835 1768
835 1839
835 1883
836 1254
836 1628
837 1122
837 1176
837 1453
837 1558
838 975
838 1547
838 1818
839 1125
839 1155
839 1286
839 1561
839 1748
839 1902
840 1173
840 1343
840 1477
841 874
841 1161
841 1778
841 1929
841 1981
842 862
842 1242
842 1432
842 1465
842 1757
842 1956
843 864
843 1066
843 1336
843 1958
844 1387
844 1631
844 1646
844 1878
845 979
845 1320
845 1509
845 1745
845 1772
846 1063
846 1099
846 1491
846 1934
846 1957
847 1101
847 1259
847 1524
847 1526
847 1601
847 1970
848 1350
848 1403
848 1454
848 1491
848 1884
849 1509
849 1888
849 1972
850 871
850 1191
850 1361
850 1395
850 1889
850 1931
851 1242
851 1393
851 1830
851 1858
852 876
852 881
852 1029
852 1402
852 1736
853 1027
853 1273
853 1532
853 1790
853 1967
854 1195
854 1591
854 1625
854 1717
854 1766
855 894
855 1006
855 1327
855 1775
855 1780
856 1264
856 1278
856 1601
857 1087
857 1094
857 1250
857 1633
857 1977
858 1606
858 1665
858 1697
858 1772
859 1179
859 1484
859 1492
859 1783
860 1191
860 1247
860 1857
861 1543
861 1696
861 1711
861 1867
862 967
862 992
862 1362
862 1394
862 1444
862 1486
862 1847
862 1980
863 934
863 1505
864 898
864 932
865 892
865 1163
865 1242
865 1622
865 1664
865 1864
866 942
866 991
866 1594
866 1626
867 996
867 1054
867 1122
867 1163
867 1290
867 1599
867 1930
868 1651
868 1690
869 1245
869 1381
869 1427
869 1809
869 1953
870 1087
870 1335
870 1808
870 1927
871 892
871 1957
872 1015
872 1556
872 1749
873 981
873 1128
873 1489
873 1722
873 1940
874 1716
874 1752
875 1454
875 1555
876 1130
876 1395
876 1495
876 1597
877 938
877 950
877 1165
877 1672
877 1697
878 921
878 1584
878 1784
878 1872
878 1936
879 942
879 1277
879 1578
879 1922
879 1983
880 1555
880 1884
880 1886
880 1961
881 964
881 1013
881 1371
881 1468
881 1865
882 897
882 965
882 1171
882 1811
883 967
883 1220
883 1308
883 1336
883 1377
883 1397
883 1475
883 1976
884 1032
884 1619
884 1703
884 1862
884 1968
885 1026
885 1263
886 1020
886 1033
886 1218
886 1327
886 1582
886 1594
886 1640
886 1776
887 999
887 1188
887 1535
887 1595
887 1994
888 937
888 1019
888 1122
888 1771
888 1806
888 1807
889 910
889 920
889 1028
889 1057
889 1395
889 1502
889 1518
889 1551
890 1191
890 1672
890 1695
891 1031
891 1352
891 1502
891 1900
891 1960
891 1984
892 1073
892 1338
892 1362
892 1422
892 1872
893 1294
893 1854
893 1987
894 1301
894 1537
894 1570
894 1796
895 1494
895 1508
895 1660
897 946
897 1480
897 1583
897 1889
897 1965
898 921
898 1146
898 1223
898 1292
898 1642
899 1390
899 1656
900 1313
900 1325
900 1684
900 1997
901 1166
901 1324
902 1402
902 1514
902 1975
903 921
903 1302
903 1367
903 1585
904 1040
904 1083
904 1358
904 1433
904 1780
905 916
905 1147
905 1651
905 1933
906 1270
906 1329
906 1454
906 1547
906 1612
907 916
907 1055
907 1425
907 1577
907 1931
908 1268
908 1663
908 1769
908 1969
909 980
909 1542
909 1630
910 954
910 1055
910 1235
911 968
911 1040
911 1257
911 1475
912 1158
913 1175
913 1373
913 1421
913 1580
913 1941
913 1982
913 1990
914 1074
914 1128
914 1284
914 1547
914 1601
914 1704
915 1790
915 1940
915 1971
916 1494
916 1640
917 1145
917 1352
919 1052
919 1708
919 1709
919 1967
920 1154
920 1291
920 1606
920 1874
921 1017
921 1345
921 1520
921 1899
922 1037
922 1647
922 1660
922 1919
923 1087
923 1496
923 1974
924 1659
924 1987
925 1236
925 1501
925 1714
926 1218
926 1251
926 1327
926 1343
926 1529
926 1984
927 1365
927 1781
928 1249
928 1497
928 1540
928 1650
928 1769
928 1848
929 1005
929 1028
929 1051
929 1064
929 1232
929 1371
930 1293
930 1443
930 1556
930 1661
931 966
931 1216
931 1586
931 1922
932 1081
932 1121
932 1453
932 1487
932 1628
933 951
933 979
933 1172
933 1800
934 992
934 1528
934 1598
934 1738
934 1888
935 974
935 1349
935 1699
936 1532
936 1690
936 1991
937 1048
937 1304
937 1399
937 1610
938 1240
938 1325
938 1427
938 1529
938 1588
938 1622
938 1680
939 1743
939 1897
940 1040
940 1572
940 1804
941 1319
941 1610
941 1623
941 1706
942 1433
942 1444
942 1793
942 1971
943 978
943 1030
943 1273
943 1631
943 1751
943 1880
943 1966
943 1974
944 983
944 994
944 1014
944 1110
944 1364
944 1408
945 1599
945 1923
946 960
946 1181
946 1245
946 1264
946 1594
946 1795
946 1913
946 1978
947 1117
947 1377
947 1395
947 1424
947 1617
948 1067
948 1381
948 1657
948 1734
949 1299
949 1920
950 1254
950 1306
950 1320
950 1532
950 1854
950 1980
951 1009
951 1036
951 1242
951 1329
951 1409
951 1747
952 1007
952 1157
952 1383
953 1124
953 1308
953 1502
953 1542
953 1639
953 1689
953 1762
953 1768
954 973
954 1006
954 1191
954 1373
954 1399
954 1482
954 1632
954 1781
955 1345
955 1462
955 1473
955 1534
955 1681
956 1995
957 973
957 1079
957 1306
957 1427
957 1532
957 1563
958 1558
958 1633
958 1719
958 1939
958 1992
959 1585
959 1769
959 1830
959 1863
960 1190
960 1265
960 1487
960 1579
961 1394
961 1662
961 1901
961 1932
962 1041
962 1176
962 1252
962 1286
962 1315
963 1086
964 1097
964 1248
964 1251
964 1379
964 1436
964 1892
965 992
965 1005
965 1158
965 1399
965 1744
966 1099
967 1357
967 1391
967 1422
967 1457
968 1283
968 1602
968 1781
968 1859
968 1878
969 1194
969 1315
969 1613
969 1661
969 1963
970 1300
970 1505
970 1749
971 1700
971 1793
971 1885
971 1971
972 991
972 1097
972 1329
972 1378
972 1885
973 991
973 1115
973 1478
973 1872
973 1917
974 988
974 1616
975 1823
976 1018
976 1414
976 1766
977 1075
977 1310
977 1808
978 1425
978 1910
979 1081
980 1168
980 1439
981 1429
981 1602
981 1632
981 1994
983 1081
983 1153
983 1545
983 1910
983 1925
985 1037
985 1135
985 1366
985 1496
985 1719
986 987
986 1508
986 1569
986 1674
987 1161
987 1385
987 1476
987 1510
988 1510
988 1715
988 1790
989 1148
989 1367
989 1720
989 1991
990 1077
990 1720
990 1728
991 1003
991 1358
991 1495
991 1502
991 1592
991 1627
991 1629
991 1764
991 1821
991 1859
992 1260
992 1469
992 1473
992 1565
992 1696
994 1235
994 1405
994 1485
994 1873
994 1954
995 1088
995 1099
995 1109
995 1266
995 1441
995 1972
996 1054
996 1490
996 1859
997 1033
997 1213
997 1280
997 1711
998 1119
998 1263
998 1499
998 1630
998 1831
999 1081
999 1234
999 1398
999 1742
1000 1160
1000 1299
1000 1326
1000 1411
1000 1894
1001 1416
1001 1465
1002 1005
1002 1043
1002 1105
1002 1547
1002 1835
1003 1472
1003 1959
1004 1044
1004 1431
1004 1473
1004 1569
1004 1627
1005 1718
1005 1746
1005 1868
1005 1955
1006 1174
1006 1313
1006 1540
1006 1819
1006 1935
1007 1217
1007 1295
1007 1444
1007 1686
1007 1880
1008 1821
1009 1394
1009 1652
1009 1797
1009 1902
1010 1433
1010 1656
1010 1661
1010 1928
1011 1418
1012 1017
1012 1335
1012 1411
1012 1817
1013 1343
1013 1357
1014 1282
1014 1342
1014 1550
1015 1333
1015 1447
1015 1487
1015 1740
1016 1058
1016 1471
1016 1608
1017 1021
1017 1167
1017 1208
1017 1483
1017 1760
1017 1800
1017 1870
1017 1900
1017 1979
1018 1089
1018 1907
1019 1092
1019 1160
1019 1252
1019 1522
1019 1673
1019 1729
1019 1810
1019 1817
1019 1887
1020 1033
1020 1090
1020 1322
1020 1422
1020 1683
1020 1989
1021 1052
1021 1321
1021 1990
1022 1371
1022 1747
1022 1843
1023 1379
1023 1904
1024 1507
1024 1855
1025 1161
1025 1290
1025 1442
1025 1617
1025 1628
1025 1651
1025 1815
1026 1197
1026 1261
1026 1509
1026 1902
1027 1720
1027 1777
1027 1817
1027 1826
1028 1095
1028 1462
1028 1580
1029 1123
1029 1379
1029 1494
1029 1540
1029 1794
1030 1224
1030 1226
1030 1378
1030 1562
1030 1830
1031 1509
1031 1873
1031 1964
1032 1075
1032 1210
1032 1606
1032 1772
1032 1794
1033 1114
1033 1163
1033 1615
1033 1861
1034 1371
1034 1563
1035 1039
1035 1266
1035 1294
1035 1341
1035 1459
1035 1534
1035 1577
1035 1605
1035 1819
1035 1938
1036 1213
1036 1594
1037 1193
1037 1217
1037 1356
1037 1498
1037 1704
1037 1804
1038 1055
1038 1163
1038 1205
1038 1648
1038 1747
1038 1962
1039 1161
1039 1209
1039 1374
1039 1998
1040 1202
1040 1732
1040 1763
1042 1738
1043 1359
1043 1497
1043 1857
1044 1060
1044 1429
1045 1046
1045 1288
1045 1487
1046 1304
1046 1902
1047 1064
1047 1290
1047 1439
1047 1684
1048 1049
1048 1163
1048 1597
1048 1700
1048 1727
1049 1625
1049 1918
1050 1220
1050 1241
1050 1803
1050 1815
1051 1411
1052 1218
1052 1229
1052 1239
1052 1966
1053 1491
1053 1600
1053 1666
1054 1604
1054 1745
1054 1749
1055 1414
1055 1420
1055 1461
1055 1539
1055 1679
1055 1706
1055 1805
1056 1221
1056 1459
1057 1115
1057 1172
1057 1237
1057 1816
1057 1960
1058 1240
1058 1303
1058 1432
1058 1509
1058 1534
1059 1162
1059 1336
1059 1482
1059 1648
1059 1870
1059 1954
1060 1231
1060 1271
1060 1411
1060 1618
1060 1628
1061 1086
1061 1471
1061 1490
1061 1636
1062 1244
1062 1768
1062 1793
1063 1297
1064 1223
1064 1256
1064 1969
1065 1121
1065 1557
1065 1698
1065 1753
1065 1804
1065 1892
1066 1174
1066 1267
1066 1282
1066 1330
1066 1680
1066 1858
1066 1994
1067 1075
1067 1418
1067 1435
1067 1938
1068 1256
1068 1301
1068 1305
1068 1684
1068 1701
1068 1875
1069 1199
1069 1540
1069 1556
1069 1708
1069 1758
1069 1864
1069 1920
1069 1974
1070 1119
1070 1519
1070 1553
1070 1676
1070 1717
1070 1774
1070 1920
1071 1100
1071 1272
1071 1330
1071 1576
1071 1615
1071 1722
1071 1923
1072 1727
1073 1126
1073 1135
1073 1393
1073 1548
1074 1289
1075 1882
1076 1557
1077 1149
1077 1211
1077 1235
1077 1500
1077 1853
1077 1930
1078 1686
1079 1669
1080 1401
1080 1866
1080 1904
1081 1565
1081 1596
1081 1626
1081 1736
1081 1765
1081 1959
1082 1087
1082 1147
1082 1566
1082 1810
1083 1107
1083 1298
1083 1424
1083 1523
1083 1696
1084 1268
1084 1749
1084 1789
1084 1802
1084 1931
1085 1199
1085 1431
1085 1881
1085 1972
1086 1227
1086 1240
1086 1319
1086 1471
1086 1488
1087 1091
1087 1172
1087 1597
1087 1609
1087 1922
1087 1977
1088 1185
1088 1212
1088 1454
1088 1785
1089 1181
1089 1855
1089 1908
1090 1237
1090 1395
1090 1784
1091 1567
1091 1753
1091 1973
1092 1111
1092 1735
1092 1861
1093 1235
1093 1354
1093 1394
1093 1423
1093 1552
1093 1918
1094 1222
1094 1355
1094 1359
1094 1488
1094 1617
1094 1940
1095 1273
1095 1337
1095 1594
1095 1774
1096 1358
1096 1408
1096 1543
1096 1863
1097 1172
1097 1262
1097 1619
1097 1688
1097 1980
1098 1418
1099 1379
1099 1385
1099 1576
1099 1872
1100 1115
1100 1175
1100 1198
1100 1281
1100 1407
1100 1518
1100 1679
1100 1710
1100 1834
1101 1272
1101 1365
1101 1397
1101 1403
1101 1409
1101 1433
1101 1444
1101 1540
1101 1846
1102 1582
1102 1776
1102 1840
1103 1161
1103 1187
1103 1615
1103 1808
1103 1993
1104 1667
1104 1768
1104 1861
1104 1925
1105 1165
1105 1282
1105 1344
1105 1385
1105 1441
1105 1517
1105 1528
1105 1727
1106 1231
1106 1318
1106 1579
1106 1824
1106 1864
1107 1404
1107 1649
1108 1321
1108 1354
1108 1705
1108 1935
1109 1150
1109 1383
1109 1727
1109 1743
1109 1968
1110 1431
1110 1835
1111 1113
1111 1277
1111 1825
1112 1122
1113 1136
1113 1164
1113 1485
1114 1424
1114 1461
1114 1545
1114 1698
1114 1972
1115 1274
1115 1293
1116 1162
1116 1651
1116 1679
1117 1206
1117 1282
1118 1214
1118 1478
1118 1498
1118 1717
1118 1890
1118 1990
1119 1149
1119 1321
1119 1456
1119 1620
1119 1961
1120 1299
1120 1437
1120 1780
1121 1461
1121 1898
1121 1965
1122 1169
1122 1203
1122 1236
1122 1787
1122 1970
1123 1539
1123 1731
1124 1139
1124 1276
1124 1382
1124 1766
1124 1820
1125 1298
1125 1420
1125 1918
1125 1962
1125 1999
1126 1247
1126 1552
1126 1939
1127 1128
1127 1316
1127 1498
1127 1513
1127 1658
1127 1685
1128 1201
1128 1474
1128 1692
1128 1760
1128 1954
1128 1977
1128 1987
1129 1194
1129 1215
1129 1257
1129 1644
1129 1651
1129 1726
1129 1914
1130 1575
1130 1674
1130 1893
1131 1327
1131 1409
1131 1509
1131 1542
1131 1812
1131 1893
1132 1353
1132 1667
1132 1715
1132 1894
1133 1171
1133 1396
1133 1416
1133 1739
1133 1911
1134 1250
1134 1295
1134 1478
1134 1582
1134 1599
1134 1665
1134 1684
1134 1875
1136 1368
1136 1403
1136 1464
1137 1312
1137 1936
1138 1182
1138 1184
1138 1331
1138 1350
1138 1608
1138 1671
1139 1243
1139 1424
1139 1600
1139 1662
1139 1725
1140 1363
1140 1659
1141 1234
1141 1505
1141 1782
1141 1822
1142 1153
1142 1266
1142 1388
1142 1881
1143 1437
1143 1849
1143 1973
1144 1368
1144 1674
1145 1382
1145 1958
1146 1194
1146 1479
1146 1653
1146 1715
1146 1795
1147 1596
1148 1301
1149 1402
1149 1904
1150 1903
1151 1460
1151 1476
1151 1499
1151 1593
1151 1755
1151 1780
1152 1478
1152 1701
1152 1780
1153 1309
1154 1207
1154 1337
1154 1342
1154 1380
1154 1561
1154 1605
1154 1908
1155 1181
1155 1620
1155 1643
1155 1682
1155 1923
1156 1241
1156 1692
1157 1309
1157 1618
1157 1656
1158 1824
1158 1908
1160 1494
1160 1564
1160 1727
1160 1994
1161 1703
1161 1922
1162 1479
1163 1468
1163 1474
1163 1825
1163 1938
1163 1949
1164 1470
1164 1521
1165 1329
1165 1823
1165 1979
1166 1275
1166 1383
1166 1501
1166 1876
1167 1852
1168 1563
1168 1600
1168 1637
1169 1188
1169 1791
1170 1802
1170 1980
1170 1984
1171 1470
1171 1795
1172 1483
1173 1214
1173 1347
1174 1778
1174 2000
1175 1627
1175 1816
1176 1516
1176 1658
1176 1812
1177 1443
1178 1265
1178 1309
1178 1420
1179 1316
1180 1205
1180 1388
1180 1656
1180 1873
1180 1912
1181 1874
1182 1333
1182 1531
1182 1838
1183 1752
1183 1979
1184 1257
1184 1377
1184 1516
1184 1529
1184 1648
1185 1382
1185 1391
1185 1489
1186 1403
1186 1421
1187 1388
1187 1417
1187 1610
1188 1201
1188 1303
1188 1352
1189 1378
1189 1394
1189 1820
1190 1910
1190 1947
1191 1681
1192 1378
1192 1395
1192 1648
1192 1768
1193 1620
1193 1637
1193 1935
1194 1305
1194 1880
1195 1227
1195 1362
1195 1442
1195 1598
1195 1612
1195 1908
1195 1979
1195 1998
1196 1286
1196 1419
1196 1625
1196 1782
1196 1793
1197 1458
1197 1624
1197 1794
1198 1532
1198 1553
1198 1683
1198 1702
1198 1942
1199 1290
1199 1321
1199 1346
1199 1363
1199 1451
1199 1587
1199 1970
1200 1279
1200 1501
1200 1782
1201 1296
1201 1303
1201 1805
1202 1247
1202 1357
1202 1372
1202 1728
1202 1775
1202 1844
1202 1926
1203 1305
1203 1362
1203 1407
1203 1527
1203 1741
1204 1277
1204 1664
1204 1714
1204 1837
1205 1286
1205 1766
1205 1959
1206 1514
1206 1614
1206 1811
1207 1238
1207 1361
1207 1536
1207 1748
1207 1776
1208 1421
1208 1833
1209 1319
1209 1351
1209 1464
1209 1731
1210 1346
1211 1405
1211 1618
1211 1717
1211 1853
1211 1862
1212 1241
1212 1244
1212 1433
1212 1436
1212 1952
1212 1974
1213 1505
1214 1611
1214 1950
1214 1958
1215 1599
1215 1935
1215 1977
1215 1997
1216 1699
1216 1886
1216 1905
1217 1338
1217 1732
1218 1296
1218 1297
1218 1341
1218 1464
1218 1470
1218 1910
1218 1944
1219 1687
1219 1892
1219 1977
1220 1251
1220 1314
1220 1507
1220 1518
1221 1324
1221 1349
1221 1834
1221 1886
1222 1245
1222 1317
1222 1559
1223 1294
1223 1960
1224 1326
1224 1419
1224 1643
1224 1738
1225 1433
1225 1551
1225 1798
1225 1816
1225 1854
1226 1501
1226 1851
1227 1683
1227 1684
1227 1870
1227 1875
1227 1890
1227 1910
1228 1850
1229 1866
1230 1549
1230 1911
1231 1282
1231 1285
1231 1313
1231 1975
1232 1325
1232 1401
1232 1645
1232 1708
1233 1822
1233 1978
1234 1763
1234 1846
1235 1443
1235 1500
1235 1706
1235 1880
1237 1690
1237 1753
1238 1561
1238 1974
1239 1611
1239 1632
1239 1961
1239 1977
1240 1410
1240 1454
1240 1602
1241 1433
1241 1442
1241 1849
1242 1734
1243 1308
1243 1529
1244 1635
1244 1734
1244 1780
1245 1586
1245 1646
1245 1696
1245 1793
1245 1887
1246 1277
1246 1509
1246 1535
1246 1622
1246 1772
1246 1905
1247 1787
1247 1788
1247 1855
1247 1937
1248 1371
1248 1380
1248 1827
1248 1831
1249 1303
1249 1318
1249 1516
1249 1633
1249 1792
1250 1473
1250 1499
1250 1656
1251 1308
1252 1887
1253 1820
1254 1265
1254 1484
1254 1543
1254 1922
1254 1971
1255 1588
1255 1985
1256 1323
1256 1661
1256 1851
1257 1370
1257 1555
1257 1629
1257 1931
1258 1953
1259 1302
1260 1278
1260 1992
1262 1362
1262 1376
1263 1318
1263 1441
1264 1317
1264 1948
1265 1719
1265 1821
1266 1478
1266 1640
1267 1963
1268 1292
1268 1356
1268 1749
1268 1812
1269 1961
1270 1514
1270 1575
1270 1592
1270 1691
1270 1741
1270 1800
1271 1630
1271 1910
1272 1489
1272 1558
1272 1838
1273 1300
1273 1461
1273 1912
1274 1407
1274 1479
1274 1624
1274 1869
1275 1454
1275 1713
1275 1912
1275 1976
1276 1498
1276 1957
1277 1681
1277 1692
1277 1828
1277 1977
1278 1360
1278 1668
1279 1326
1279 1478
1279 1799
1280 1473
1280 1624
1280 1776
1280 1929
1281 1633
1281 1921
1282 1375
1283 1315
1283 1664
1283 1855
1284 1326
1284 1543
1284 1558
1285 1360
1285 1589
1286 1325
1286 1381
1286 1515
1286 1630
1286 1924
1287 1619
1287 1683
1288 1344
1288 1372
1288 1848
1288 1948
1288 1952
1289 1885
1289 1888
1289 1958
1290 1677
1291 1312
1291 1654
1292 1545
1292 1753
1292 1834
1293 1891
1294 1589
1294 1644
1294 1997
1295 1551
1295 1787
1295 1929
1296 1475
1296 1518
1296 1894
1297 1415
1297 1898
1298 1323
1299 1366
1299 1403
1299 1431
1299 1572
1299 1661
1299 1777
1299 1806
1299 1865
1299 1938
1300 1512
1302 1362
1302 1377
1302 1708
1302 1825
1302 1898
1302 1911
1303 1467
1303 1628
1304 1558
1304 1749
1304 1792
1305 1363
1305 1895
1306 1344
1306 1512
1306 1520
1306 1538
1306 1932
1307 1535
1307 1599
1307 1684
1307 1788
1307 1880
1308 1681
1308 1817
1308 1991
1309 1970
1310 1434
1310 1538
1311 1647
1311 1891
1312 1358
1312 1433
1312 1594
1312 1904
1313 1458
1313 1552
1313 1645
1313 1708
1314 1395
1314 1482
1314 1635
1314 1660
1315 1736
1315 1755
1318 1449
1318 1702
1318 1896
1318 1988
1319 1462
1320 1446
1320 1710
1321 1430
1323 1336
1323 1372
1323 1942
1323 1954
1323 1976
1324 1475
1324 1483
1324 1561
1326 1847
1327 1731
1327 1882
1328 1562
1328 1753
1328 1791
1328 1848
1329 1410
1329 1544
1329 1677
1329 1780
1330 1635
1330 1859
1330 1969
1331 1336
1331 1838
1331 1996
1332 1466
1333 1337
1333 1675
1335 1773
1335 1878
1336 1360
1337 1373
1337 1403
1337 1542
1337 1588
1337 1737
1337 1804
1337 1814
1337 1894
1337 1989
1338 1574
1339 1381
1339 1601
1339 1730
1339 1746
1339 1767
1340 1641
1340 1651
1341 1506
1342 1682
1343 1606
1343 1679
1344 1707
1344 1971
1345 1473
1345 1644
1345 1684
1345 1948
1346 1454
1346 1547
1346 1592
1346 1639
1347 1725
1347 1797
1347 1983
1348 1619
1348 1925
1349 1449
1349 1964
1350 1403
1350 1625
1350 1985
1351 1386
1351 1744
1351 1944
1352 1445
1352 1477
1352 1482
1353 1752
1353 1963
1354 1368
1354 1982
1355 1900
1356 1607
1358 1463
1358 1968
1359 1497
1359 1896
1360 1379
1360 1458
1360 1734
1360 1866
1361 1397
1361 1753
1361 1757
1361 1854
1361 1988
1362 1411
1362 1448
1362 1563
1363 1977
1364 1636
1364 1780
1364 1881
1365 1403
1365 1419
1365 1605
1366 1405
1366 1732
1366 1810
1366 1923
1367 1710
1367 1805
1367 1917
1368 1881
1368 1931
1369 1556
1369 1565
1369 1748
1369 1911
1369 1916
1370 1685
1370 1930
1371 1461
1371 1733
1371 1749
1371 1912
1372 1553
1373 1419
1373 1798
1373 1926
1373 1996
1374 1397
1375 1379
1375 1523
1375 1584
1375 1790
1376 1802
1377 1404
1377 1464
1378 1633
1379 1483
1379 1522
1379 1697
1379 1935
1380 1871
1381 1485
1382 1469
1382 1665
1382 1687
1382 1836
1383 1757
1383 1975
1384 1514
1386 1463
1386 1864
1387 1686
1389 1463
1389 1697
1389 1770
1390 1464
1390 1751
1391 1490
1391 1628
1392 1419
1392 1512
1392 1653
1393 1801
1393 1886
1394 1675
1395 1436
1395 1766
1396 1479
1396 1623
1397 1738
1397 1981
1398 1537
1398 1667
1398 1686
1399 1608
1400 1425
1400 1547
1400 1633
1400 1790
1400 1893
1400 1923
1400 1939
1400 1966
1401 1562
1401 1571
1401 1667
1401 1742
1401 1987
1402 1689
1402 1722
1402 1802
1403 1719
1403 1815
1403 1875
1404 1482
1405 1970
1406 1704
1406 1833
1407 1557
1407 1779
1407 1976
1408 1428
1408 1604
1408 1913
1409 1421
1409 1472
1409 1558
1409 1783
1409 1997
1411 1616
1413 1941
1414 1448
1414 1495
1414 1838
1415 1912
1416 1452
1416 1752
1417 1500
1417 1538
1417 1617
1417 1679
1420 1474
1420 1998
1421 1554
1421 1752
1421 1847
1422 1556
1422 1897
1422 1934
1422 1940
1422 1986
1423 1847
1425 1479
1425 1663
1425 1683
1426 1528
1426 1661
1426 1828
1427 1604
1427 1716
1427 1819
1429 1696
1430 1448
1430 1715
1432 1562
1432 1589
1432 1742
1433 1503
1433 1957
1434 1468
1434 1476
1435 1491
1435 1780
1435 1791
1435 1933
1436 1556
1436 1715
1437 1520
1437 1679
1437 1699
1438 1594
1438 1837
1440 1541
1440 1800
1440 1912
1441 1956
1442 1633
1442 1876
1443 1644
1443 1982
1444 1581
1444 1708
1444 1970
1445 1571
1445 1681
1446 1919
1446 1921
1449 1857
1449 1978
1450 1540
1450 1660
1450 1690
1450 1963
1452 1739
1452 1828
1454 1559
1454 1839
1456 1781
1457 1691
1457 1758
1459 1719
1459 1745
1459 1905
1459 1949
1459 1969
1460 1544
1460 1643
1461 1645
1461 1819
1462 1824
1462 1884
1463 1554
1463 1563
1463 1836
1463 1948
1467 1903
1467 1972
1468 1616
1469 1557
1469 1624
1469 1647
1469 1772
1469 1798
1469 1809
1469 1907
1470 1479
1470 1962
1470 1974
1471 1555
1471 1979
1472 1578
1472 1951
1474 1819
1474 1975
1475 1813
1476 1499
1476 1932
1476 1974
1476 1975
1478 1591
1478 1681
1478 1690
1478 1939
1479 1850
1479 1881
1480 1614
1480 1651
1480 1665
1481 1790
1481 1892
1482 1616
1482 1643
1482 1740
1482 1922
1482 1939
1482 1944
1483 1573
1483 1855
1483 1858
1484 1840
1485 1835
1485 1864
1485 1961
1487 1524
1487 1816
1488 1834
1489 1533
1489 1625
1490 1805
1491 1600
1491 1784
1492 1789
1492 1977
1494 1685
1494 1851
1495 1558
1495 1722
1496 1763
1496 1790
1496 1857
1496 1946
1497 1945
1498 1622
1498 1685
1498 1783
1498 1893
1498 1972
1499 1782
1500 1565
1500 1771
1500 1959
1501 1520
1501 1525
1501 1592
1501 1596
1501 1701
1502 1570
1502 1695
1504 1650
1504 1684
1504 1981
1507 1866
1509 1710
1509 1816
1511 1827
1512 1687
1513 1940
1513 1970
1514 1555
1514 1997
1515 1538
1515 1772
1516 1536
1516 1996
1517 1565
1517 1695
1517 1805
1517 1862
1518 1706
1519 1572
1519 1646
1520 1565
1520 1573
1520 1979
1521 1621
1521 1772
1521 1824
1521 1909
1522 1544
1522 1791
1523 1719
1524 1804
1525 1540
1525 1728
1525 1824
1525 1929
1526 1588
1527 1566
1527 1716
1527 1820
1527 1864
1527 1899
1528 1879
1528 1895
1528 1995
1530 1614
1530 1902
1530 1939
1531 1607
1531 1977
1532 1536
1533 1584
1533 1766
1533 1791
1533 1910
1536 1579
1536 1681
1536 1733
1536 1884
1537 1827
1538 1724
1538 1813
1538 1893
1539 1756
1539 1781
1540 1816
1541 1773
1541 1833
1542 1687
1543 1962
1544 1872
1546 1700
1547 1691
1548 1868
1549 1594
1549 1664
1550 1655
1550 1763
1550 1951
1551 1560
1551 1566
1551 1974
1553 1895
1554 1719
1555 1772
1555 1862
1555 1974
1556 1662
1556 1679
1556 1808
1556 1857
1557 1739
1558 1563
1558 1905
1558 1943
1559 1579
1559 1888
1560 1777
1560 1810
1560 1896
1561 1692
1562 1573
1563 1649
1565 1762
1565 1769
1566 1795
1566 1871
1567 1672
1567 1815
1568 1930
1570 1624
1570 1675
1570 1814
1571 1785
1572 1777
1572 1902
1573 1671
1573 1763
1573 1929
1574 1692
1574 1963
1575 1801
1575 1929
1575 1988
1576 1715
1576 1843
1578 1670
1578 1676
1580 1874
1581 1803
1582 1884
1583 1614
1583 1761
1583 1878
1583 1951
1584 1658
1584 1871
1584 1922
1585 1817
1585 1891
1586 1621
1586 1966
1587 1796
1588 1632
1588 1970
1589 1641
1590 1842
1591 1674
1592 1675
1592 1780
1594 1735
1595 1653
1595 1669
1595 2000
1596 1809
1597 1662
1597 1913
1600 1666
1601 1932
1602 1950
1603 1999
1607 1637
1607 1666
1608 1765
1609 1963
1610 1625
1611 1868
1613 1769
1613 1927
1615 1810
1615 1900
1616 1902
1616 1947
1617 1941
1618 1774
1619 1629
1619 1994
1620 1633
1620 1718
1620 1915
1622 1835
1622 1925
1624 1638
1624 1639
1624 1767
1625 1706
1625 1967
1626 1806
1626 1970
1627 1870
1628 1692
1628 1749
1628 1901
1628 1916
1629 1646
1629 1710
1631 1699
1631 1702
1631 1931
1633 1743
1633 1901
1633 1944
1634 1637
1634 1829
1634 1964
1634 1991
1636 1891
1637 1939
1638 1688
1638 1778
1638 1883
1638 1925
1638 1968
1639 1782
1639 1924
1641 1841
1643 1715
1643 1736
1643 1838
1643 1995
1644 1755
1644 1793
1645 1835
1646 1943
1647 1858
1648 1664
1648 1826
1648 1875
1648 1908
1648 1923
1649 1837
1649 1922
1650 1728
1651 1660
1652 1682
1652 1895
1652 1960
1653 1885
1653 1937
1653 1974
1654 1727
1655 1793
1656 1992
1657 1689
1657 1744
1657 1811
1660 1691
1660 1854
1661 1701
1661 1764
1661 1997
1662 1675
1662 1993
1665 1964
1666 1956
1668 1743
1668 1861
1669 1872
1670 1838
1672 1787
1672 1995
1673 1774
1673 1810
1676 1677
1676 1794
1678 1745
1679 1885
1680 1744
1681 1987
1682 1800
1682 1859
1682 1881
1682 1912
1684 1894
1684 1944
1685 1880
1686 1815
1686 1817
1687 1879
1689 1980
1692 1717
1693 1904
1693 1907
1694 1727
1694 1981
1695 1808
1695 1831
1697 1772
1699 1709
1699 1891
1699 1976
1699 1996
1700 1884
1700 1943
1700 1977
1702 1947
1703 1799
1704 1817
1704 1840
1704 1902
1707 1830
1709 1771
1709 1805
1710 1869
1710 1971
1712 1921
1713 1776
1713 1830
1713 1874
1714 1736
1714 1888
1714 1905
1715 1905
1716 1910
1716 1932
1717 1993
1719 1916
1719 1940
1720 1780
1720 1782
1720 1905
1720 1959
1720 1974
1721 1748
1721 1985
1722 1751
1723 1777
1724 1839
1725 1828
1725 1964
1725 1973
1726 1958
1727 1856
1728 1916
1728 1942
1729 1827
1730 1796
1731 1779
1731 1942
1732 1975
1732 1992
1735 1963
1737 1781
1737 1795
1737 1826
1738 1907
1739 1886
1743 1900
1744 1959
1750 1863
1755 1991
1756 1837
1758 1848
1758 1978
1759 1954
1762 1866
1762 1895
1763 1764
1765 1875
1766 1871
1767 1917
1768 1978
1769 1810
1772 1781
1772 1928
1772 1987
1772 1995
1774 1781
1774 1837
1774 1912
1774 1958
1775 1865
1777 1825
1783 1848
1783 1961
1784 1856
1785 1959
1786 1920
1786 1964
1791 1838
1791 1846
1792 1910
1794 1920
1798 1831
1799 1820
1804 1870
1805 1981
1811 1988
1813 2000
1814 1869
1815 1956
1816 1927
1818 1941
1820 1946
1821 1984
1822 1976
1826 1989
1832 1989
1835 1973
1835 1985
1837 1864
1837 1904
1838 1904
1840 1910
1842 1864
1842 1893
1844 1877
1849 1965
1851 1909
1851 1920
1851 1979
1852 1998
1854 1991
1855 1914
1856 1929
1857 1860
1857 1907
1858 1859
1859 1904
1860 1957
1861 2000
1863 1964
1864 1895
1865 1873
1869 1955
1872 1954
1873 1972
1873 1983
1879 1884
1879 1887
1880 2000
1881 1925
1881 1992
1887 1977
1888 1898
1890 1990
1891 1934
1893 1958
1894 1941
1895 1941
1895 1953
1897 1951
1897 1981
1898 1993
1900 1967
1908 1912
1908 1979
1914 1970
1919 1932
1922 1975
1923 1996
1924 1958
1925 1961
1929 1965
1939 1944
1941 1972
1942 1990
1945 1950
1953 1981
1955 1961
1957 1991
1966 1993
1969 1982
1971 1984
1971 1987
1973 1993
1997 1998
