2000
3 1538
4 1206
4 1317
4 1766
5 1332
6 1676
8 1047
10 401
13 346
14 21
14 1252
20 1122
20 1689
21 257
26 1046
27 767
27 965
28 1544
29 257
30 945
33 1779
47 681
48 487
51 1653
52 224
52 1499
56 203
57 394
61 236
67 817
74 168
74 708
74 1210
74 1393
78 275
79 1722
80 135
80 1452
81 1412
82 253
84 892
84 1708
85 167
86 1504
86 1525
87 634
88 118
88 1353
92 472
94 329
94 982
94 1012
94 1857
95 1388
97 517
99 1229
99 1436
100 929
102 704
105 456
107 264
107 1775
112 1558
113 767
118 609
119 886
120 819
124 988
124 1879
126 1480
128 681
129 521
129 1499
131 222
134 1940
138 1731
139 306
139 759
141 351
143 1916
147 1806
148 224
149 1031
154 1736
156 600
158 420
158 1730
160 982
160 1389
162 994
163 635
163 1119
164 737
164 1868
165 542
171 197
175 1173
178 1418
182 329
184 516
184 967
184 983
185 643
187 1524
188 1559
189 1785
191 1633
193 1645
194 417
194 932
197 425
197 1745
201 1140
205 1561
207 1167
208 1293
209 1794
213 1724
214 2000
215 1570
217 1909
223 799
224 1140
224 1879
225 732
226 290
226 371
230 378
230 1859
233 1242
236 1788
237 649
241 1940
242 1553
244 806
244 1727
244 1972
245 480
247 1536
248 549
248 1451
256 329
257 765
259 408
259 1539
260 1895
262 426
262 1959
267 1144
267 1824
269 780
269 1799
271 1374
272 1491
273 298
273 393
273 1910
275 1250
276 1427
277 1631
284 584
289 1470
291 800
294 1127
294 1578
298 688
301 922
302 1125
302 1354
302 1835
304 1048
306 1623
315 915
316 364
318 1604
326 1208
327 1032
329 445
333 578
333 1878
335 1316
337 1523
337 1791
339 678
342 1477
343 927
345 1932
347 565
349 1537
351 559
353 1454
356 957
356 1336
357 1818
360 450
360 1084
362 1848
368 459
368 1798
371 490
371 1244
371 1448
372 405
373 1948
378 1093
380 1570
382 548
384 937
387 1596
388 1516
390 550
394 467
397 919
398 884
402 1459
403 752
404 1699
406 1851
409 901
410 783
412 735
413 1077
413 1503
415 674
415 1492
416 1696
417 480
421 828
423 2000
425 1779
426 802
434 1143
437 1561
439 1647
440 1468
442 823
445 930
446 671
448 450
460 1090
461 1140
461 1925
463 1136
463 1483
463 1710
466 906
468 1909
472 1659
476 1542
478 486
487 782
489 613
489 1704
492 1473
493 1748
498 560
501 1299
503 657
503 1802
508 1232
509 918
510 681
511 1306
515 1014
515 1366
516 770
518 1913
519 1723
519 1938
520 631
520 1093
523 1804
524 748
528 962
532 1524
535 767
540 1833
549 1851
550 1798
552 1162
556 686
556 1969
557 1195
560 1615
563 1508
564 1001
564 1859
567 1410
567 1659
568 1147
571 1767
576 1182
578 1550
579 1703
581 808
583 1636
588 1432
590 1688
591 822
593 724
593 1984
594 699
594 936
594 1158
594 1731
599 957
603 1532
606 1971
614 938
616 1462
617 694
617 1976
619 853
622 907
629 953
629 1408
631 666
639 1327
640 1723
647 767
650 793
650 934
651 1787
654 993
654 1979
658 734
658 1522
659 1260
660 1272
661 800
661 806
667 1594
670 1358
673 1243
673 1697
674 727
674 1423
674 1476
676 1145
685 1052
685 1969
686 1531
691 938
702 1809
702 1971
703 1053
706 1535
707 908
708 1047
709 1489
712 1652
719 1376
729 881
737 835
739 1643
744 926
747 836
747 1477
747 1624
751 931
751 1635
753 1041
756 1387
757 1406
758 1971
762 1406
763 1280
764 1891
764 1909
765 1849
769 1129
769 1147
776 1134
779 1787
781 1699
782 1592
784 870
789 1565
799 1823
806 1709
808 1847
814 961
815 974
816 1115
826 1661
830 1322
832 1295
834 1962
836 1537
845 1045
847 901
847 921
850 909
852 1548
853 1205
854 1608
858 970
858 1882
860 971
861 1237
861 1247
864 1079
865 1324
865 1329
867 1819
871 1113
872 888
872 1221
873 902
876 1700
890 946
892 1711
894 1131
894 1725
896 1350
899 1832
901 1656
907 1605
910 1255
910 1839
910 1943
911 1128
913 1408
914 1142
917 1176
927 1958
927 1975
928 1626
930 1123
933 1135
949 1933
960 1827
961 1721
967 1723
971 1885
974 1326
982 1190
982 1864
986 1279
987 1149
988 1674
991 1710
1008 1963
1012 1241
1015 1632
1019 1924
1024 1599
1026 1564
1028 1660
1032 1276
1032 1662
1034 1137
1044 1619
1046 1985
1050 1501
1050 1834
1051 1574
1065 1637
1069 1617
1073 1540
1076 1507
1077 1098
1082 1555
1082 1865
1083 1993
1086 1202
1087 1114
1088 1132
1092 1527
1095 1926
1101 1272
1105 1202
1106 1536
1120 1402
1122 1252
1123 1230
1127 1659
1135 1352
1140 1697
1166 1323
1166 1725
1166 1827
1174 1331
1175 1556
1179 1447
1182 1781
1182 1935
1186 1452
1186 1597
1193 1735
1193 1746
1195 1347
1199 1883
1203 1540
1208 1415
1208 1993
1209 1695
1211 1707
1211 1719
1214 1814
1219 1246
1221 1245
1223 1989
1228 1911
1231 1885
1232 1582
1235 1642
1240 1441
1245 1573
1247 1730
1247 1810
1256 1809
1256 1925
1261 1652
1263 1912
1267 1269
1268 1844
1272 1886
1275 1999
1278 1308
1278 1692
1279 1643
1285 1855
1286 1863
1288 1479
1294 1758
1300 1994
1310 1594
1314 1727
1321 1949
1327 1807
1339 1589
1344 1492
1344 1578
1347 1439
1349 1435
1349 1879
1354 1764
1362 1782
1363 1783
1376 1859
1377 1406
1383 1684
1385 1877
1386 1595
1390 1769
1391 1462
1392 1573
1401 1937
1405 1502
1407 1836
1412 1619
1412 1649
1418 1802
1419 1811
1421 1468
1438 1868
1460 1679
1474 1484
1474 1573
1474 1767
1495 1542
1498 1554
1506 1633
1510 1921
1525 1878
1535 1564
1546 1874
1547 1750
1547 1938
1547 1973
1548 1650
1551 1751
1559 1767
1562 1830
1565 1854
1589 1931
1594 1680
1598 1855
1620 1652
1625 1808
1628 1709
1638 1978
1648 1938
1665 1883
1672 1976
1677 1873
1686 1901
1694 1920
1695 1970
1699 1772
1718 1869
1721 1762
1725 1999
1744 1927
1773 1995
1789 1923
1790 1890
1793 1939
1799 1954
1800 1969
1805 1833
1837 1948
1844 1884
1877 1917
1912 1930
