2000
1 174
1 632
1 850
1 1547
2 153
2 238
2 573
2 957
2 1195
2 1676
3 189
3 551
4 526
4 924
4 1032
4 1277
5 512
5 580
5 956
5 1037
5 1409
5 1625
6 82
6 858
6 1890
7 520
7 592
7 1200
7 1288
7 1489
8 199
8 206
8 228
8 653
8 1217
8 1770
8 1824
8 1943
9 263
9 285
9 321
9 1164
9 1642
9 1808
9 1840
10 850
10 1486
10 1807
11 21
11 249
11 293
11 624
11 735
11 865
11 1169
11 1960
12 484
12 572
12 1571
12 1672
12 1773
13 102
13 339
13 1176
13 1812
13 1822
13 1970
14 1044
14 1327
14 1482
15 623
15 751
16 557
16 591
16 1380
16 1919
17 334
17 843
17 1375
17 1501
17 1520
17 1896
18 821
19 274
19 504
19 1163
19 1239
19 1578
19 1903
20 30
20 438
20 487
20 1252
21 277
21 536
21 1080
21 1412
21 1510
21 1591
21 1806
22 272
22 355
22 572
22 577
22 1511
23 219
23 404
23 1687
23 1794
23 1826
24 700
24 861
24 1459
24 1573
24 1668
25 302
25 328
26 772
26 1124
26 1217
27 160
27 319
27 349
27 1329
27 1783
28 1205
28 1254
29 166
29 619
29 639
29 1125
29 1339
29 1585
29 1771
30 917
30 1525
30 1919
31 68
31 433
31 606
31 1615
32 367
32 395
32 405
32 616
32 1402
32 1524
32 1716
33 820
33 1060
33 1383
33 1634
33 1812
33 1899
34 1105
34 1414
34 1749
34 1964
35 401
35 1075
35 1351
36 174
36 802
36 1598
37 145
37 183
37 1173
37 1656
38 186
38 474
38 614
38 1009
38 1729
38 1818
39 520
39 743
39 989
39 1806
40 553
40 1254
40 1358
40 1788
40 1941
41 319
41 853
41 1386
41 1739
42 254
42 260
42 431
42 681
42 718
42 952
42 1829
43 69
43 303
43 996
43 1780
43 1927
44 296
44 337
44 1134
44 1480
44 1524
45 54
45 408
45 618
46 1130
46 1300
46 1371
47 1685
47 1750
47 1972
48 338
48 504
48 512
48 1215
48 1276
48 1456
48 1462
48 1872
49 528
49 745
49 1031
49 1443
49 1454
49 1838
50 507
50 912
51 326
51 575
51 917
51 1992
52 1518
52 1617
53 550
53 551
53 1646
53 1874
53 1958
54 1549
55 254
56 370
56 877
56 1800
57 397
57 611
57 765
58 266
58 1267
58 1538
58 1953
59 112
59 1722
60 134
60 278
60 407
60 1475
60 1581
60 1834
61 93
61 528
61 703
61 1681
61 1709
62 78
62 101
62 1653
63 299
63 622
63 709
63 784
63 1223
63 1808
63 1832
64 572
64 662
64 1049
65 686
66 590
66 783
66 840
66 1226
66 1276
66 1571
66 1739
67 305
67 830
67 1124
67 1126
67 1164
67 1863
68 564
68 864
68 1402
69 361
69 432
69 776
69 1615
69 1697
69 1768
69 1887
70 455
70 783
70 1156
71 162
71 457
71 1041
71 1101
72 648
72 754
72 1678
72 1913
73 283
73 841
73 1565
73 1927
74 257
74 567
74 779
74 1002
74 1452
74 1987
75 914
75 1015
75 1238
75 1474
75 1998
76 235
76 608
76 619
76 624
76 1313
76 1568
76 1803
76 1808
77 650
77 1124
77 1170
77 1760
78 408
78 1441
79 595
79 1172
79 1548
80 722
80 807
80 1671
81 104
81 492
81 1379
81 1738
81 1842
81 1843
82 141
82 320
82 1494
82 1510
82 1642
83 1470
83 1543
83 1545
84 366
84 765
84 1230
84 1401
84 1442
85 320
85 915
85 1160
85 1274
86 739
86 1741
87 654
87 1138
87 1241
87 1977
88 311
88 782
88 922
88 1437
88 1501
89 1222
89 1447
89 1900
90 576
90 1158
90 1172
90 1195
90 1672
90 1892
91 120
91 1560
91 1923
92 381
92 610
93 1142
93 1824
94 111
94 372
94 1082
94 1607
94 1614
94 1643
95 1024
96 113
96 278
96 346
96 577
96 606
96 621
96 1358
96 1560
96 1598
98 295
98 868
98 958
98 1372
98 1975
99 1626
100 935
100 1030
100 1511
101 357
101 1307
101 1776
102 377
102 816
103 951
103 997
103 1327
103 1465
103 1637
103 1781
103 1955
104 697
104 1931
105 392
105 565
105 1371
106 370
106 399
106 554
106 759
106 809
106 916
106 985
106 1098
106 1606
106 1883
106 1982
106 1984
107 229
107 669
107 928
107 1244
107 1422
107 1695
108 1002
108 1195
108 1423
108 1500
108 1546
109 213
109 518
109 1068
109 1232
109 1399
109 1461
109 1777
109 1966
110 288
110 854
110 1745
111 272
111 473
111 725
111 807
111 825
111 1018
111 1509
111 1726
112 318
112 792
112 1264
112 1342
112 1372
113 245
113 464
113 1134
113 1313
114 1124
114 1296
114 1505
114 1721
114 1743
115 215
115 802
115 1153
115 1185
115 1693
116 443
116 452
116 479
117 124
117 506
117 773
117 878
117 881
117 1004
117 1780
118 1122
118 1474
118 1856
119 234
119 427
119 595
119 1116
120 373
120 1132
120 1633
120 1665
121 304
121 326
121 869
121 871
121 975
122 1631
122 1809
122 1990
123 648
123 658
123 1106
123 1972
124 1557
124 1601
124 1797
125 326
125 1042
126 562
126 1006
126 1594
126 1802
126 1978
127 616
127 1091
127 1133
128 1501
128 1626
128 1874
129 342
129 969
129 1124
130 656
130 1695
132 430
132 782
132 909
132 1274
132 1633
132 1876
133 274
133 1007
133 1406
133 1443
133 1828
134 194
134 573
134 746
134 1693
135 1333
135 1856
136 1202
137 761
137 1161
137 1856
138 152
138 697
138 1021
138 1306
138 1741
139 721
140 532
140 629
140 1950
141 307
141 965
141 1001
141 1383
142 689
142 873
142 1171
142 1230
142 1614
142 1711
143 280
143 502
144 392
144 1343
144 1456
144 1704
144 1835
145 607
145 1261
145 1402
145 1606
146 842
146 1237
147 266
147 279
147 476
147 584
147 1107
147 1214
147 1967
148 271
148 1457
148 1904
149 712
149 800
149 809
149 1773
150 758
150 994
150 995
150 1219
150 1864
151 278
152 952
152 1920
153 629
153 749
153 1971
154 333
154 633
154 687
154 784
154 1438
154 1791
154 1970
155 1067
155 1289
155 1503
155 1988
156 1258
156 1799
157 616
157 1041
157 1052
158 563
158 747
158 1365
159 751
159 841
159 1379
160 424
160 500
160 890
160 1630
160 1853
161 619
161 1106
161 1195
162 884
162 1432
162 1677
163 258
163 674
163 1033
163 1449
163 1717
163 1915
164 594
164 615
164 1372
164 1637
164 1815
165 1507
165 1609
166 524
166 529
166 719
166 741
166 869
166 1413
166 1871
167 732
167 831
168 242
168 456
168 616
168 1264
169 292
169 732
169 1416
169 1574
169 1636
169 1837
169 1874
170 450
170 1091
171 236
171 626
171 830
171 1966
172 778
172 1870
173 1182
173 1204
174 772
174 793
174 1207
174 1219
174 1304
174 1347
175 386
175 796
176 306
176 418
176 857
176 865
176 1037
176 1183
176 1590
176 1958
177 676
177 954
177 1319
178 255
178 288
178 725
178 1540
178 1833
180 562
180 840
180 1251
180 1291
180 1369
180 1428
180 1652
180 1792
181 363
181 370
181 648
181 1036
181 1423
182 861
182 1374
183 298
183 404
183 1575
183 1817
184 217
184 681
184 791
184 1252
184 1449
184 1852
185 1624
186 544
186 748
186 1050
187 814
187 1133
188 485
188 1248
189 1016
189 1068
189 1076
189 1252
189 1776
190 242
190 917
190 1090
190 1372
190 1485
190 1593
191 249
191 391
191 564
191 1192
191 1740
192 196
192 235
192 1304
192 1373
192 1388
192 1589
193 318
193 960
193 1490
193 1567
193 1781
194 251
194 264
194 556
194 1810
194 1953
195 220
195 1175
195 1256
195 1864
195 1960
196 357
196 664
196 880
196 940
196 1509
196 1555
196 1786
197 341
197 1488
197 1749
198 237
198 441
198 1108
199 510
199 713
199 1163
199 1195
200 305
200 1201
200 1546
200 1848
201 245
201 691
201 1780
201 1998
202 1098
203 1788
203 1984
204 268
204 585
204 933
204 1444
205 1668
206 356
206 542
206 603
206 678
206 903
206 1632
206 1721
206 1901
206 1978
207 714
207 1635
208 328
208 350
208 575
208 1564
208 1845
208 1914
209 282
209 849
210 944
210 1608
210 1636
210 1886
211 306
211 1663
211 1722
212 1412
213 593
213 907
213 1056
213 1146
213 1947
214 514
214 788
214 810
214 1579
214 1683
214 1696
215 1075
215 1948
216 280
216 323
216 651
216 1095
216 1424
216 1908
217 470
217 932
217 1092
217 1297
218 1115
218 1452
218 1515
218 1603
219 463
219 669
219 822
219 1145
220 362
220 746
220 1667
220 1955
221 665
221 1352
222 485
222 950
222 1724
224 622
224 1005
224 1240
224 1371
224 1642
225 814
225 832
225 1259
226 341
226 633
226 803
227 328
227 557
227 1378
227 1953
228 516
228 594
228 749
228 1029
228 1861
228 1878
228 1982
229 816
229 1009
229 1142
229 1334
230 679
230 1055
230 1258
230 1557
230 1796
230 1800
230 1808
231 1869
232 603
232 767
233 393
233 397
233 649
233 869
233 981
233 1685
233 1881
234 598
234 1825
235 307
235 313
235 487
236 346
236 553
236 1858
237 462
237 1861
238 596
238 1913
238 1942
239 875
239 1037
239 1413
239 1876
239 1976
240 320
240 809
240 1345
240 1792
240 1885
240 1894
241 1213
242 510
242 1387
242 1645
243 838
244 526
244 862
244 1258
244 1428
244 1458
244 1459
245 385
245 642
245 1229
245 1406
245 1427
247 341
247 357
247 503
247 791
248 1113
249 672
249 776
249 1156
249 1437
249 1685
250 1310
251 322
251 966
251 1379
252 368
252 462
253 642
253 847
253 1029
253 1338
253 1970
254 811
254 915
254 989
254 1286
254 1361
254 1650
254 1893
254 1906
255 1820
256 761
256 1101
256 1665
257 528
257 899
257 1598
257 1951
257 1963
258 434
258 519
258 845
259 384
259 481
259 844
259 955
259 1154
259 1759
260 1726
261 1122
261 1196
261 1258
261 1561
261 1866
262 551
262 892
262 1013
263 622
263 846
263 937
263 1097
263 1186
263 1506
263 1541
263 1758
263 1960
264 323
264 454
264 1708
264 1976
265 1066
265 1159
265 1249
265 1646
265 1729
265 1900
266 1337
267 592
267 720
267 1582
268 1213
268 1337
268 1669
268 1767
268 1978
269 771
269 818
269 1130
269 1314
269 1355
269 1736
269 1925
270 300
270 568
270 1242
270 1561
271 855
271 951
271 976
271 984
271 1310
271 1566
271 1943
272 1094
272 1255
272 1764
273 1132
273 1218
273 1385
275 473
275 1127
275 1625
275 1738
275 1773
275 1972
276 881
276 1314
276 1904
277 401
277 969
277 1013
278 719
278 1790
279 918
279 1145
279 1549
280 323
280 1639
280 1833
281 338
281 538
281 679
281 1375
281 1379
281 1397
281 1959
282 1590
282 1915
283 317
283 793
283 843
283 1004
283 1372
283 1962
284 295
284 343
284 643
284 681
284 1355
284 1867
285 298
285 324
285 511
285 622
285 656
286 416
286 1281
286 1991
287 1699
288 747
288 1281
288 1301
288 1440
288 1598
289 911
289 1409
289 1977
290 640
290 1715
290 1797
290 1924
291 321
291 521
291 786
291 921
291 1855
291 1897
291 1927
292 379
292 804
292 1234
292 1482
293 551
293 1431
293 1692
293 1815
293 1888
294 787
294 799
294 1062
294 1308
294 1437
295 1440
295 1985
296 408
296 627
296 1379
297 511
297 1167
297 1680
298 1771
299 373
299 382
299 639
299 1568
299 1823
300 1186
300 1415
300 1609
301 754
301 942
302 362
302 376
302 431
302 696
302 748
302 1196
302 1372
302 1404
303 489
303 1791
304 1021
304 1022
304 1046
304 1370
305 866
305 1042
305 1357
305 1690
306 614
306 959
306 1013
306 1038
306 1351
306 1567
306 1868
307 331
307 369
307 515
307 587
307 1080
307 1596
307 1601
308 354
308 554
308 1049
308 1736
308 1828
309 472
309 860
310 364
310 498
310 1154
310 1871
311 565
311 1754
312 427
312 1240
312 1480
312 1993
313 1031
313 1084
313 1573
313 1662
314 556
314 1431
315 777
315 1038
316 533
316 1503
317 1556
317 1588
317 1641
317 1999
318 362
318 616
318 1197
318 1834
319 566
319 805
319 1032
319 1660
321 447
321 974
321 1895
322 495
322 1660
323 1219
323 1985
324 517
324 1333
324 1436
324 1507
324 1735
325 886
325 1002
325 1773
326 1109
326 1118
326 1862
327 354
327 1560
328 333
328 915
328 983
328 1135
328 1473
329 782
329 855
329 974
329 1054
329 1247
329 1323
329 1336
329 1676
330 347
330 1645
330 1701
331 708
331 1247
331 1513
331 1749
332 1317
332 1883
333 682
333 1516
333 1691
333 1708
333 1758
334 514
334 647
334 1582
334 1717
335 1774
336 430
336 1228
336 1365
336 1862
336 1991
337 725
337 982
337 1012
337 1344
337 1826
337 1902
338 837
338 1312
338 1414
338 1742
338 1754
339 450
339 1562
339 1747
339 1957
340 384
340 1205
341 945
341 1022
341 1910
342 839
342 859
342 924
342 981
342 1064
343 653
343 826
343 1344
343 1572
343 1871
343 1940
344 610
344 840
344 1123
344 1309
344 1504
346 382
346 484
346 1321
346 1805
348 362
348 800
348 1335
349 1086
349 1476
349 1855
350 398
350 567
350 1251
350 1372
350 1580
351 425
351 1059
351 1785
351 1993
352 981
352 1656
353 907
353 935
354 544
354 1054
354 1353
355 530
355 873
355 940
356 1084
356 1366
357 1005
357 1121
357 1579
357 1630
357 1964
358 552
358 779
358 1762
358 1978
359 494
359 771
359 1050
360 414
360 1086
360 1689
360 1946
361 565
361 719
361 1512
361 1518
361 1894
362 363
362 1927
362 1933
362 1951
363 1271
364 592
364 624
364 1417
364 1649
365 1307
365 1864
366 692
366 799
366 1259
366 1638
367 386
367 959
367 1338
367 1707
367 1863
367 1982
368 400
368 536
369 1290
370 471
370 1174
370 1407
370 1810
370 1830
371 386
371 947
371 1161
371 1284
372 587
372 692
372 853
372 1563
372 1944
373 955
373 1645
373 1668
373 1874
374 1143
375 1512
376 506
376 948
376 973
376 1000
377 1147
377 1471
377 1580
377 1943
378 420
378 551
379 819
379 857
379 930
379 1122
379 1181
379 1230
379 1501
379 1655
380 607
380 1171
381 420
381 1264
381 1429
381 1585
382 556
382 765
382 782
383 1451
384 407
384 1020
384 1651
385 402
385 636
385 1753
386 1560
386 1701
386 1815
387 513
387 777
387 1185
387 1565
388 925
389 539
389 1020
389 1414
389 1552
390 1124
391 883
391 1112
391 1174
391 1460
391 1952
392 665
392 720
392 1803
393 536
393 539
394 1415
394 1588
394 1872
395 431
395 562
395 1095
395 1996
396 574
396 1340
396 1450
397 971
397 1621
397 1957
398 410
398 507
398 801
398 885
398 1527
398 1626
398 1736
399 560
399 1249
399 1359
399 1516
400 489
400 1251
401 616
401 975
401 1058
401 1137
401 1192
402 682
402 778
402 947
403 520
403 750
403 963
403 1358
403 1410
403 1874
404 742
404 852
404 909
404 1118
404 1284
405 1012
405 1325
405 1465
405 1920
406 1674
406 1854
407 670
407 861
407 1157
407 1714
407 1755
408 1645
410 1370
410 1774
410 1810
411 631
411 1761
412 418
412 528
412 675
412 680
412 1740
412 1741
412 1785
413 449
413 897
413 1027
413 1253
413 1488
414 1271
414 1323
415 1865
415 1973
416 451
416 509
416 975
416 980
416 1148
416 1397
417 925
417 960
417 1109
418 1992
419 991
419 1182
419 1598
419 1668
420 857
420 1243
420 1457
420 1582
420 1936
420 1983
421 902
421 1363
421 1371
422 861
422 1841
423 764
423 1514
423 1746
423 1794
423 1843
425 1391
426 591
426 606
426 1314
426 1532
426 1682
427 1226
427 1991
428 870
428 1138
428 1181
428 1893
430 1210
430 1286
430 1576
431 506
431 1220
431 1345
431 1603
432 1068
432 1108
432 1190
432 1653
433 1840
434 464
434 776
434 1150
435 806
435 1152
435 1185
435 1392
435 1433
435 1974
436 637
436 709
436 1078
437 541
437 661
438 955
438 1801
440 546
440 1477
441 1151
441 1515
441 1560
442 546
442 1586
442 1766
443 891
443 1337
444 513
444 1866
445 1112
445 1148
445 1790
446 1418
446 1710
446 1848
446 1850
447 1514
447 1561
447 1995
448 1725
448 1798
449 1003
449 1560
450 492
450 636
450 798
450 910
450 940
451 457
451 678
451 852
451 1095
451 1201
451 1268
451 1525
451 1850
452 1489
453 1103
453 1398
454 1108
454 1517
454 1601
455 482
455 732
455 1344
455 1524
455 1968
456 882
456 913
456 1484
456 1607
457 703
457 1045
457 1801
457 1857
457 1932
458 1072
458 1135
458 1589
459 1036
460 1041
460 1172
460 1248
461 520
461 854
462 773
462 1111
462 1114
462 1756
462 1938
463 674
463 1104
463 1109
463 1578
464 666
464 953
464 1488
465 508
465 1313
466 1431
467 1364
468 612
468 636
468 838
468 863
468 1015
469 621
469 1228
469 1341
470 934
470 1192
470 1410
470 1861
470 1975
471 1940
472 683
472 713
472 1164
472 1238
472 1324
472 1930
473 514
473 1009
473 1333
473 1544
474 1095
474 1647
474 1869
475 824
475 1537
475 1786
476 637
476 667
476 905
476 1405
476 1505
477 667
477 783
477 1784
478 858
478 965
478 1191
478 1222
478 1359
479 591
479 1492
479 1617
479 1722
479 1988
480 1575
480 1724
480 1885
481 778
481 974
481 1395
481 1689
481 1769
481 1801
482 1962
483 580
483 621
483 632
483 1752
483 1777
484 1204
484 1834
485 672
485 1028
485 1050
485 1066
485 1572
485 1922
485 1965
486 1450
487 646
487 1028
487 1547
487 1603
488 550
488 818
488 1501
488 1659
489 821
489 1479
489 1664
490 846
490 1256
490 1483
490 1748
491 839
491 1578
491 1792
492 558
492 1378
492 1380
492 1558
492 1623
492 1687
493 1336
493 1643
493 1958
493 1963
494 566
494 790
495 501
495 1906
495 1952
496 1148
496 1426
497 679
497 790
497 1153
497 1453
497 1672
498 1460
498 1579
498 1775
499 920
499 1376
499 1379
499 1478
499 1905
500 680
500 1513
500 1847
501 998
501 1265
501 1535
501 1679
502 859
502 997
502 1094
502 1153
502 1350
502 1431
503 693
503 1472
503 1553
504 713
504 1300
504 1642
505 1020
505 1052
505 1687
506 873
506 1380
506 1471
506 1590
507 510
507 907
507 1123
508 1657
508 1813
508 1834
509 1471
509 1551
510 606
510 1471
510 1619
510 1758
511 759
511 1880
512 574
512 1844
513 664
513 816
513 1705
516 688
516 753
516 1020
516 1049
516 1149
516 1593
516 1638
516 1828
516 1859
516 1861
517 915
517 1546
517 1697
518 909
518 1402
518 1578
520 1237
520 1587
521 1780
522 611
522 1082
523 1359
524 954
524 1236
524 1635
524 1685
525 663
525 1384
525 1713
526 700
526 1376
526 1675
527 569
527 1149
529 662
529 1354
529 1575
529 1804
529 1992
531 1372
531 1800
532 918
532 1424
532 1456
532 1653
533 1062
533 1796
534 824
534 1670
535 955
535 1611
535 1831
535 1866
537 857
537 1075
537 1399
538 576
538 1781
538 1958
539 665
539 960
539 1813
539 1941
540 737
540 937
540 1103
540 1439
541 1106
541 1702
542 955
542 986
542 1123
543 557
543 709
543 853
543 891
543 974
543 1606
544 614
544 1313
544 1394
545 589
545 886
545 1123
545 1919
546 723
546 792
546 1729
546 1732
547 1493
547 1723
548 829
548 1395
549 551
549 750
549 1431
549 1544
550 759
550 1514
550 1921
551 910
551 1661
551 1733
551 1952
552 706
552 1179
552 1574
552 1643
552 1872
552 1999
553 659
553 969
553 1270
553 1504
553 1514
553 1801
554 968
554 1055
555 917
555 1276
555 1515
556 1425
557 649
557 1605
557 1759
558 1058
559 664
559 798
559 905
559 1209
559 1889
559 1989
560 565
560 1206
560 1249
561 675
561 1056
561 1093
561 1966
562 865
562 1003
562 1411
563 711
563 1300
563 1962
564 1939
565 787
565 1997
566 699
566 1921
567 677
567 1123
567 1250
567 1274
567 1314
567 1589
567 1701
568 1981
569 1398
569 1949
570 735
571 641
571 1440
571 1481
571 1588
571 1833
572 984
572 1065
572 1491
572 1632
572 1745
573 725
573 1035
573 1378
574 1772
575 774
575 1877
575 2000
576 706
576 1963
577 980
578 1185
578 1580
579 985
579 1921
580 1539
581 1205
581 1443
581 1885
582 755
582 1095
582 1584
582 1733
582 1869
583 732
584 656
585 1131
585 1985
586 630
586 914
586 1466
586 1629
587 678
587 701
587 922
587 1119
587 1189
587 1670
588 763
588 822
589 1020
589 1640
592 610
593 1023
593 1903
593 1931
594 1020
595 1885
595 1943
596 1253
596 1448
596 1465
596 1782
597 1698
598 843
598 1679
599 637
599 1234
599 1282
599 1647
600 833
600 1115
600 1770
601 647
601 787
601 970
601 1659
602 992
602 1270
602 1710
603 927
603 1402
603 1868
603 1906
603 1933
604 720
604 1122
605 739
605 905
605 969
605 1292
605 1894
606 1018
607 912
607 1144
607 1900
609 925
609 1834
609 1962
611 801
611 1172
611 1910
612 650
612 815
612 825
612 1144
612 1443
613 1241
613 1735
614 726
614 917
614 991
614 1898
614 1970
615 682
615 1536
615 1911
615 1915
617 899
619 905
619 966
619 1086
619 1708
619 1817
619 1911
620 867
620 908
620 1715
621 1006
621 1442
621 1770
622 640
622 1443
622 1465
622 1628
622 1970
623 1307
624 634
624 777
624 850
624 1090
624 1897
624 1986
625 1142
625 1320
625 1966
626 844
627 732
627 797
627 1259
627 1457
627 1735
627 1756
628 938
628 1273
629 1581
629 1592
630 1255
631 1168
632 1628
632 1649
632 1825
633 1595
633 1733
633 1774
634 706
634 864
636 962
636 1147
636 1615
636 1617
637 877
637 1054
637 1381
638 835
638 855
639 1241
639 1686
639 1904
640 655
640 772
640 1023
640 1373
640 1423
641 715
641 894
641 1302
641 1582
641 1984
642 1115
642 1412
642 1735
642 1845
643 918
643 1072
644 1084
644 1143
645 729
645 1412
645 1457
646 754
646 950
647 859
647 1766
648 884
648 1587
649 1021
649 1364
649 1487
649 1925
650 812
650 1617
651 1049
651 1626
652 694
652 1089
652 1269
653 938
653 1219
653 1511
654 723
654 1806
654 1874
655 1129
655 1314
655 1777
655 1977
656 1605
656 1740
657 1394
658 1129
658 1355
659 842
659 875
659 1100
659 1171
659 1387
659 1462
660 831
660 1834
660 1906
661 1389
661 1522
661 1583
662 723
662 1003
663 864
663 1300
664 1950
665 904
666 674
666 838
666 925
666 931
666 943
666 1093
666 1527
666 1538
667 886
667 897
667 1511
667 1646
667 1720
667 1771
667 1851
667 1965
668 723
668 1228
669 1450
669 1636
669 1811
669 1864
669 1961
671 1186
671 1506
671 1534
671 1872
671 1922
672 764
672 1164
672 1304
672 1926
672 2000
673 1109
673 1382
673 1422
674 1538
676 1062
676 1510
676 1562
676 1659
677 1307
677 1369
677 1398
677 1615
677 1831
678 711
678 779
679 1151
679 1688
680 755
680 1402
680 1513
681 863
681 888
681 1636
681 1677
682 765
682 1055
682 1232
682 1334
682 1550
683 930
683 1069
683 1386
683 1612
683 1795
684 1937
685 711
685 1318
685 1479
685 1839
686 987
686 1995
687 1145
687 1176
687 1566
687 1684
687 1967
688 773
688 1176
688 1421
689 696
689 1116
689 1142
689 1499
690 738
690 1358
691 1516
692 725
692 1449
693 1300
694 1391
694 1399
694 1546
694 1784
695 1237
696 890
696 1203
696 1453
697 841
697 1146
697 1394
697 1851
698 1531
699 962
700 879
700 885
700 1195
700 1782
700 1793
701 1123
701 1944
702 768
702 1064
702 1461
702 1628
703 1189
703 1290
703 1345
704 1010
704 1243
704 1788
704 1946
705 847
705 1037
705 1437
705 1528
707 801
708 1188
708 1782
708 1934
709 1424
709 1578
709 1672
710 747
711 1126
711 1327
711 1693
712 1058
712 1076
712 1398
712 1840
712 1947
713 1383
713 1459
713 1665
714 981
715 1276
715 1589
715 1765
716 919
716 1070
716 1425
717 1041
717 1335
718 1779
719 1307
719 1895
720 1194
720 1416
720 1802
721 737
721 971
722 1547
722 1676
722 1694
723 1147
723 1164
723 1313
724 956
724 1101
724 1406
724 1604
724 1645
724 1770
724 1933
725 927
725 1245
725 1299
725 1853
726 1108
726 1983
727 830
727 1277
727 1555
727 1702
727 1748
728 939
728 1071
728 1540
728 1646
729 824
729 1535
730 1315
731 960
731 1061
731 1514
731 1950
732 1851
734 874
734 962
734 1648
734 1661
734 1699
734 1839
735 1054
735 1515
736 1204
736 1214
737 1480
737 1527
738 1364
738 1413
738 1717
739 913
739 1282
740 799
740 1173
740 1846
741 1233
742 1065
742 1252
742 1597
744 753
744 806
744 1864
744 1917
745 801
745 855
745 1279
745 1368
745 1795
745 1798
745 1957
746 1090
746 1446
747 988
747 1002
747 1105
747 1306
747 1335
747 1354
747 1606
747 1707
747 1925
748 955
748 1358
748 1388
748 1723
748 1845
749 765
749 786
749 1407
749 1726
750 1363
750 1525
751 1516
752 1979
753 899
753 1773
754 1104
754 1268
754 1282
754 1770
755 1213
755 1525
755 1816
756 1540
757 955
758 767
758 1151
758 1174
758 1357
758 1576
759 1359
759 1869
759 1964
760 1129
760 1794
760 1927
761 1758
761 1880
762 906
762 1069
762 1133
762 1150
762 1156
762 1194
762 1274
763 1085
764 1602
764 1845
764 1962
765 1675
766 881
766 1499
766 1612
766 1634
768 1132
768 1836
768 1928
769 1533
769 1648
769 1889
770 814
770 1234
771 1396
771 1792
771 1841
771 1925
771 1948
772 924
773 942
774 817
774 889
774 1052
774 1504
774 1569
774 1846
775 793
775 1459
775 1813
776 1087
779 1223
779 1228
779 1238
779 1241
780 907
780 1041
780 1469
780 1507
781 1009
781 1176
781 1620
782 898
782 908
782 1187
782 1574
782 1808
783 1120
783 1434
783 1503
785 820
785 1472
785 1571
786 1479
786 1635
786 1775
786 1870
787 978
787 1347
787 1877
787 1899
787 1956
788 868
788 1166
789 858
789 1080
789 1162
790 1705
791 1689
791 1872
792 1352
792 1416
792 1555
792 1992
793 1488
793 1577
794 1101
794 1671
795 925
795 1225
795 1377
796 984
796 1036
796 1539
796 1687
796 1733
797 848
797 1322
797 1727
797 1947
798 1139
798 1460
798 1992
799 1581
800 1002
800 1013
800 1169
800 1184
800 1778
801 1152
801 1277
802 1560
802 1830
803 915
803 1081
803 1412
803 1544
804 885
804 1160
804 1549
804 1636
804 1689
804 1961
805 1740
806 1278
807 1702
808 1718
808 1863
809 1070
810 839
810 1300
811 1580
811 1765
811 1997
812 1179
812 1396
813 1028
813 1785
814 1057
815 1040
815 1248
815 1904
816 882
816 1130
816 1612
816 1943
817 1636
817 1778
818 900
818 1393
818 1395
819 1547
819 1985
820 897
820 942
820 1280
820 1568
821 1250
821 1720
822 1065
823 1701
824 879
825 1420
827 975
827 1133
827 1164
828 1058
828 1437
828 1562
828 1669
829 976
830 1393
831 860
831 1307
831 1621
831 1724
832 1488
832 1642
832 1650
832 1763
832 1771
833 1303
833 1843
834 1365
834 1465
834 1731
834 1844
834 1881
835 1705
835 1736
836 1010
836 1649
836 1661
836 1779
836 1875
837 1166
837 1390
837 1489
837 1557
837 1708
837 1791
837 1812
839 1073
839 1627
841 1077
841 1907
842 1038
842 1207
842 1607
842 1700
842 1741
843 1334
843 1591
844 1151
844 1382
844 1986
845 1926
846 953
846 1071
846 1468
846 1736
846 1911
847 871
847 1131
847 1169
848 1588
849 1377
849 1511
849 1544
850 1137
850 1299
850 1413
850 1505
850 1841
851 1083
851 1722
851 1755
852 1104
853 882
853 947
853 1838
855 933
855 1358
857 1181
857 1304
857 1531
858 1024
858 1411
858 1910
859 1200
859 1830
860 994
860 1018
860 1607
860 1774
861 1318
861 1473
861 1527
861 1611
861 1836
861 1941
862 1297
863 1176
864 866
864 1353
864 1775
865 1121
865 1349
865 1401
866 1084
866 1787
866 1925
868 1742
869 1137
869 1427
869 1594
869 1940
870 1188
871 1097
871 1355
871 1606
872 1088
873 1485
874 1243
874 1472
875 1107
876 909
876 937
876 995
876 1117
876 1237
877 1156
878 1372
878 1654
879 880
879 940
879 1049
879 1778
880 1495
881 1540
882 1061
882 1172
882 1952
883 1736
883 1737
883 1890
884 904
884 1316
884 1385
884 1526
884 1698
885 1841
886 961
886 1116
887 1224
887 1452
887 1797
888 1885
889 1464
889 1597
889 1847
889 1849
890 1600
890 1793
891 1072
891 1399
891 1417
891 1782
891 1824
892 1094
893 1417
894 1753
894 1772
896 1422
896 1677
896 1971
897 1250
898 971
898 1144
898 1896
899 1271
899 1620
899 1680
899 1819
900 1516
900 1556
901 1220
901 1775
901 1929
904 1677
904 1905
905 1032
905 1084
905 1345
905 1367
905 1449
907 992
908 1389
908 1414
908 1536
908 1664
909 1488
911 1212
911 1906
912 1614
912 1795
913 936
913 1083
914 967
914 1069
914 1180
914 1428
914 1902
915 1798
916 957
916 1316
916 1546
916 1760
917 1378
917 1457
917 1777
918 1091
918 1146
918 1192
918 1935
919 1899
919 1976
921 1396
921 1584
921 1754
921 1992
923 1105
924 945
924 1072
924 1270
924 1438
925 978
925 1703
925 1758
925 1840
926 1036
926 1815
928 1157
928 1224
928 1381
928 1524
928 1742
929 1472
929 1478
929 1534
930 1419
930 1483
930 1518
931 1428
932 1667
932 1680
934 1251
934 1843
935 940
935 1142
935 1275
935 1655
936 1208
936 1464
936 1476
937 1590
937 1981
938 1436
938 1609
939 1703
940 1195
940 1334
941 1001
941 1406
941 1780
941 1786
942 974
942 1426
942 1672
943 1110
943 1740
944 1749
945 1588
945 1612
945 1928
946 1208
946 1959
946 1986
948 1142
948 1472
949 1194
949 1307
949 1691
950 1359
950 1487
950 1543
950 1979
951 1660
952 1242
952 1302
952 1606
952 1945
953 1710
954 1193
954 1507
954 1968
955 984
955 1089
955 1432
956 1041
957 1998
958 1116
958 1329
958 1774
960 1741
962 1459
962 1581
962 1710
963 1797
964 1203
964 1407
965 1164
965 1832
966 1282
966 1316
966 1317
967 1091
967 1228
967 1492
967 1712
967 1904
968 1115
968 1405
969 1422
969 1425
970 1958
973 1197
973 1687
974 1359
974 1706
975 976
975 1128
975 1598
976 1130
976 1191
976 1202
976 1500
976 1827
976 1953
977 1083
978 1191
978 1668
978 1695
979 1704
980 1554
980 1733
980 1734
980 1752
981 1360
982 1232
982 1334
982 1780
982 1798
983 1575
984 1342
984 1950
985 1691
985 1850
986 1382
986 1424
987 1162
987 1292
987 1641
988 1055
988 1195
988 1836
988 1840
989 1871
990 1428
990 1437
990 1585
990 1868
992 1735
993 1036
993 1053
993 1110
993 1355
993 1394
993 1718
993 1965
994 1676
994 1928
996 1367
997 1036
998 1182
998 1554
998 1599
998 1675
998 1974
999 1091
999 1301
999 1436
1000 1350
1000 1351
1001 1740
1003 1182
1004 1549
1005 1404
1005 1843
1006 1961
1007 1845
1007 1978
1008 1304
1008 1629
1008 1722
1008 1799
1008 1917
1009 1892
1010 1140
1011 1807
1012 1159
1013 1506
1013 1938
1014 1326
1014 1410
1015 1585
1015 1752
1015 1958
1016 1083
1016 1239
1016 1347
1018 1043
1018 1152
1018 1279
1019 1064
1019 1678
1020 1449
1020 1615
1020 1710
1020 1755
1021 1090
1024 1188
1024 1422
1024 1496
1024 1536
1024 1666
1024 1918
1025 1083
1025 1951
1026 1318
1026 1659
1027 1254
1027 1333
1029 1235
1029 1344
1030 1230
1031 1480
1031 1765
1031 1839
1032 1968
1034 1181
1034 1716
1036 1577
1036 1712
1037 1043
1038 1576
1038 1716
1039 1118
1039 1159
1039 1600
1040 1888
1040 1993
1041 1384
1042 1683
1043 1246
1043 1544
1043 1561
1044 1565
1044 1639
1044 1695
1044 1778
1045 1675
1046 1380
1046 1737
1047 1065
1047 1143
1047 1191
1047 1477
1047 1936
1048 1356
1048 1398
1049 1679
1050 1149
1050 1349
1050 1751
1050 1776
1051 1338
1051 1893
1052 1932
1053 1156
1053 1413
1053 1749
1054 1184
1054 1251
1054 1382
1054 1520
1054 1964
1055 1523
1056 1780
1056 1878
1057 1215
1060 1066
1060 1145
1060 1170
1060 1357
1060 1392
1060 1410
1060 1522
1061 1667
1061 1991
1062 1851
1062 1962
1063 1444
1063 1487
1064 1222
1065 1195
1065 1595
1065 1713
1066 1298
1066 1512
1067 1233
1067 1420
1067 1899
1068 1326
1068 1649
1068 1670
1068 1742
1069 1073
1069 1345
1069 1887
1070 1109
1070 1163
1070 1936
1071 1206
1071 1893
1072 1078
1072 1255
1072 1424
1072 1762
1072 1981
1074 1730
1076 1437
1076 1599
1076 1795
1077 1089
1077 1334
1077 1393
1077 1754
1078 1148
1078 1471
1078 1600
1079 1454
1079 1461
1079 1520
1079 1875
1080 1686
1081 1199
1082 1272
1082 1541
1083 1297
1084 1480
1086 1301
1086 1744
1087 1590
1087 1703
1088 1474
1090 1189
1090 1387
1090 1604
1090 1851
1091 1273
1091 1645
1092 1218
1094 1288
1094 1333
1094 1919
1095 1226
1095 1773
1096 1518
1097 1179
1097 1259
1097 1754
1098 1817
1098 1905
1099 1520
1099 1777
1100 1102
1100 1468
1100 1535
1100 1976
1101 1116
1101 1398
1101 1533
1102 1245
1102 1331
1102 1819
1102 1821
1103 1336
1105 1433
1105 1514
1105 1573
1106 1514
1106 1653
1107 1178
1107 1704
1107 1853
1108 1143
1108 1423
1109 1256
1109 1612
1109 1960
1110 1209
1112 1141
1112 1501
1112 1789
1114 1233
1115 1319
1115 1451
1115 1513
1117 1141
1117 1228
1117 1435
1117 1458
1117 1689
1117 1972
1118 1495
1118 1508
1118 1549
1118 1975
1119 1712
1119 1905
1119 1959
1120 1927
1121 1527
1121 1933
1122 1429
1122 1671
1123 1181
1123 1206
1123 1438
1123 1658
1123 1919
1125 1217
1125 1322
1125 1400
1125 1825
1125 1841
1126 1237
1126 1428
1126 1501
1126 1882
1126 1979
1127 1574
1127 1792
1127 1840
1128 1466
1128 1505
1129 1479
1130 1534
1131 1230
1131 1851
1132 1376
1132 1409
1132 1924
1134 1298
1134 1335
1134 1541
1135 1757
1137 1164
1137 1583
1137 1956
1140 1146
1140 1723
1140 1969
1141 1359
1141 1439
1142 1355
1142 1375
1142 1572
1142 1760
1143 1154
1143 1903
1144 1458
1144 1661
1144 1790
1150 1252
1150 1418
1150 1885
1151 1495
1151 1504
1152 1313
1152 1363
1152 1551
1152 1687
1153 1161
1153 1336
1153 1681
1154 1724
1155 1305
1156 1612
1157 1376
1157 1405
1157 1523
1157 1626
1158 1295
1158 1788
1159 1542
1160 1757
1161 1658
1162 1174
1163 1626
1164 1260
1165 1558
1165 1805
1166 1262
1166 1336
1166 1466
1167 1418
1167 1800
1168 1193
1168 1723
1169 1599
1169 1627
1169 1856
1171 1210
1171 1407
1172 1221
1172 1432
1172 1522
1174 1706
1174 1796
1175 1548
1175 1773
1175 1915
1176 1408
1176 1447
1176 1955
1179 1597
1180 1606
1180 1851
1180 1974
1181 1340
1181 1448
1181 1615
1182 1689
1182 1968
1184 1809
1185 1221
1186 1456
1186 1600
1187 1870
1188 1932
1189 1379
1189 1859
1189 1896
1190 1511
1190 1841
1190 1864
1191 1251
1191 1508
1191 1791
1192 1478
1192 1556
1193 1848
1193 1884
1193 1915
1193 1949
1194 1443
1194 1456
1194 1780
1194 1791
1194 1863
1194 1905
1194 1989
1194 1999
1195 1506
1195 1940
1196 1570
1197 1497
1197 1714
1198 1200
1198 1374
1198 1376
1198 1409
1198 1472
1198 1632
1198 1879
1200 1463
1200 1852
1202 1787
1203 1694
1203 1831
1203 1870
1204 1526
1204 1606
1206 1480
1207 1308
1207 1517
1207 1916
1208 1709
1208 1903
1209 1711
1210 1222
1210 1287
1210 1667
1211 1237
1212 1704
1213 1305
1214 1257
1214 1324
1214 1437
1215 1330
1215 1336
1215 1741
1216 1372
1216 1470
1217 1600
1218 1415
1218 1559
1218 1620
1218 1640
1218 1671
1218 1940
1219 1383
1219 1533
1219 1560
1220 1426
1220 1451
1220 1720
1221 1447
1221 1672
1221 1780
1222 1227
1222 1394
1223 1319
1223 1726
1224 1467
1224 1521
1224 1687
1226 1698
1228 1846
1230 1417
1230 1618
1230 1793
1231 1431
1231 1488
1232 1716
1233 1624
1233 1902
1234 1596
1234 1617
1234 1819
1234 1892
1234 1940
1235 1726
1236 1398
1237 1392
1239 1409
1239 1418
1239 1766
1239 1957
1241 1547
1241 1619
1241 1742
1241 1867
1241 1961
1242 1342
1243 1724
1245 1890
1247 1428
1247 1452
1247 1852
1248 1501
1248 1526
1248 1674
1248 1771
1249 1404
1250 1391
1251 1353
1252 1391
1252 1932
1252 1936
1253 1633
1254 1433
1254 1775
1254 1999
1256 1407
1256 1440
1256 1460
1256 1527
1256 1967
1257 1385
1258 1278
1258 1571
1258 1628
1258 1693
1260 1275
1261 1522
1261 1523
1263 1471
1263 1501
1264 1285
1265 1501
1265 1789
1265 1952
1268 1594
1268 1722
1268 1757
1269 1292
1269 1477
1270 1650
1272 1295
1272 1967
1273 1340
1274 1366
1274 1557
1275 1512
1275 1757
1276 1671
1277 1550
1277 1585
1277 1925
1278 1286
1278 1799
1278 1929
1280 1793
1280 1874
1281 1689
1281 1756
1282 1309
1282 1612
1282 1858
1282 1896
1283 1925
1284 1604
1284 1971
1285 1930
1287 1597
1288 1351
1288 1854
1289 1874
1289 1934
1291 1634
1291 1881
1292 1313
1293 1337
1294 1465
1294 1594
1295 1528
1295 1586
1295 1874
1295 1956
1296 1346
1297 1597
1297 1777
1298 1387
1299 1821
1300 1409
1300 1575
1300 1772
1300 1973
1301 1729
1301 1764
1302 1688
1302 1736
1303 1825
1304 1463
1304 1920
1305 1554
1305 1629
1305 1915
1305 1918
1306 1409
1306 1536
1306 1763
1307 1335
1307 1374
1307 1934
1309 1311
1310 1416
1310 1980
1311 1478
1311 1994
1312 1350
1313 1733
1314 1858
1316 1319
1316 1325
1316 1438
1317 1712
1318 1455
1318 1598
1318 1631
1320 1333
1320 1755
1321 1327
1322 1354
1322 1758
1322 1973
1323 1555
1323 1611
1324 1631
1325 1337
1325 1758
1326 1402
1327 1473
1327 1561
1327 1750
1328 1410
1330 1552
1330 1687
1332 1684
1334 1941
1335 1934
1336 1424
1336 1933
1337 1576
1338 1598
1338 1909
1338 1943
1339 1503
1340 1431
1340 1440
1341 1741
1341 1848
1342 1365
1343 1783
1343 1808
1344 1746
1344 1980
1345 1479
1345 1868
1346 1401
1346 1710
1347 1953
1349 1945
1350 1413
1351 1354
1351 1462
1352 1386
1352 1582
1352 1843
1353 1835
1353 1961
1355 1510
1355 1555
1357 1788
1357 1830
1358 1427
1359 1493
1360 1609
1360 1980
1362 1572
1363 1379
1363 1540
1363 1892
1364 1733
1366 1925
1368 1415
1371 1537
1372 1826
1374 1833
1375 1454
1375 1586
1375 1703
1375 1831
1377 1512
1378 1786
1379 1655
1382 1589
1383 1929
1385 1433
1385 1649
1385 1943
1387 1543
1387 1687
1389 1939
1390 1950
1391 1520
1391 1818
1391 1881
1393 1696
1393 1872
1395 1620
1395 1644
1395 1671
1396 1832
1397 1610
1397 1819
1399 1685
1402 1570
1402 1777
1407 1614
1410 1607
1411 1624
1411 1769
1412 1804
1413 1441
1413 1741
1413 1968
1414 1685
1414 1946
1415 1539
1415 1858
1416 1848
1417 1524
1417 1590
1418 1564
1419 1464
1419 1975
1420 1633
1423 1901
1424 1545
1424 1576
1424 1961
1425 1589
1425 1674
1425 1780
1425 1826
1425 1912
1427 1638
1428 1644
1428 1698
1430 1495
1432 1611
1434 1520
1434 1605
1436 1759
1436 1934
1437 1688
1437 1938
1439 1672
1440 1517
1441 1679
1441 1691
1441 1980
1441 1992
1442 1526
1443 1868
1443 1979
1444 1501
1447 1583
1447 1978
1450 1647
1450 1686
1450 1716
1450 1961
1451 1710
1452 1619
1452 1728
1453 1462
1453 1914
1454 1955
1455 1709
1455 1768
1457 1594
1458 1670
1458 1771
1459 1717
1460 1964
1461 1627
1461 1766
1462 1477
1462 1872
1462 1909
1463 1568
1464 1759
1465 1636
1465 1704
1465 1991
1466 1689
1466 1694
1467 1637
1468 1963
1469 1718
1470 1741
1471 1551
1471 1619
1471 1684
1472 1475
1472 1562
1473 1857
1473 1900
1474 1626
1474 1666
1475 1490
1475 1825
1476 1646
1477 1645
1477 1674
1478 1584
1479 1583
1480 1552
1480 1835
1481 1566
1481 1861
1481 1957
1482 1593
1482 1726
1483 1640
1484 1906
1485 1497
1485 1508
1486 1639
1486 1806
1486 1869
1487 1790
1487 1813
1488 1880
1488 1930
1489 1799
1490 1594
1490 1652
1490 1864
1490 1973
1491 1701
1492 1643
1492 1835
1493 1989
1494 1718
1494 1816
1495 1586
1496 1561
1496 1711
1496 1803
1497 1794
1498 1788
1498 1801
1499 1515
1500 1781
1502 1528
1503 1817
1504 1552
1504 1822
1505 1681
1505 1778
1505 1843
1505 1853
1506 1602
1507 1924
1509 1945
1510 1581
1510 1637
1511 1717
1512 1922
1514 1853
1515 1744
1515 1777
1516 1558
1516 1559
1516 1586
1518 1691
1519 1605
1520 1571
1520 1636
1520 1789
1521 1781
1523 1738
1525 1882
1526 1898
1526 1944
1527 1971
1528 1593
1528 1783
1531 1702
1531 1746
1536 1722
1538 1560
1539 1692
1540 1824
1547 1854
1548 1713
1550 1786
1550 1887
1552 1672
1552 1735
1553 1806
1554 1990
1555 1665
1555 1713
1555 1936
1556 1558
1556 1628
1557 1872
1558 1709
1558 1893
1558 1930
1559 1634
1560 1665
1561 1739
1561 1885
1562 1845
1563 1616
1564 1946
1566 1799
1566 1904
1567 1711
1568 1747
1568 1837
1571 1870
1571 1879
1572 1706
1572 1957
1573 1831
1575 1918
1576 1596
1576 1891
1578 1592
1578 1622
1578 1678
1579 1720
1582 1616
1582 1643
1582 1717
1584 1661
1586 1731
1586 1972
1587 1830
1593 1932
1594 1898
1595 1638
1595 1752
1599 1688
1601 1636
1601 1757
1606 1618
1607 1973
1608 1616
1611 1668
1611 1723
1611 1737
1613 1623
1614 1836
1616 1702
1619 1785
1620 1836
1621 1740
1621 1799
1622 1903
1622 1966
1623 2000
1626 1630
1628 1872
1629 1801
1630 1826
1634 1850
1635 1763
1636 1669
1636 1826
1636 1879
1636 1899
1638 1848
1638 1974
1639 1904
1639 1935
1640 1946
1641 1912
1643 1911
1645 1663
1646 1650
1646 1785
1647 1698
1650 1700
1651 1702
1651 1952
1652 1744
1652 1974
1653 1793
1658 1850
1659 1683
1660 1729
1660 1922
1662 1902
1663 1978
1664 1822
1665 1911
1665 1959
1673 1740
1673 1956
1674 1683
1677 1763
1680 1786
1681 1808
1683 1824
1684 1789
1691 1744
1692 1954
1697 1972
1701 1884
1702 1861
1704 1908
1707 1920
1707 1951
1718 1749
1718 1820
1720 1751
1721 1997
1724 1798
1724 1976
1728 1988
1735 1815
1736 1774
1739 1752
1743 1935
1745 1748
1745 1923
1747 1985
1748 1876
1748 1911
1748 1934
1749 1835
1759 1765
1759 1820
1759 1822
1762 1853
1763 1810
1763 1864
1770 1887
1773 1830
1776 1928
1777 1946
1780 1923
1782 1948
1788 1950
1790 1861
1790 1894
1792 1948
1792 1953
1800 1805
1803 1979
1808 1913
1810 1866
1813 1883
1814 1822
1814 1887
1825 1919
1826 1873
1826 1947
1828 1939
1830 1895
1832 1849
1839 1985
1840 1960
1842 1876
1846 1920
1849 1866
1850 1909
1851 1901
1858 1956
1876 1953
1878 1981
1891 1900
1891 1955
1898 1925
1899 1929
1901 1933
1902 1949
1907 1969
1908 1947
1913 1952
1916 1968
1917 1995
1925 1956
1932 1939
1938 1953
1975 1994
