2000
1 41
1 386
1 867
1 1791
2 31
2 63
2 130
2 153
2 251
2 369
2 567
2 940
2 1244
2 1574
2 1600
3 72
3 271
3 663
3 728
3 827
3 848
3 856
4 253
4 543
4 796
4 1420
4 1795
5 129
5 509
5 889
5 1237
5 1870
6 196
6 213
6 700
6 1025
6 1174
6 1683
6 1715
6 1961
7 710
7 720
7 831
7 995
7 1240
7 1529
7 1601
7 1602
8 132
8 168
8 300
8 407
8 550
8 1003
8 1410
8 1967
9 92
9 326
9 646
9 1357
9 1536
9 1577
10 378
10 620
10 639
10 821
10 1526
10 1747
11 95
11 352
11 1445
11 1568
11 1603
11 1637
11 1699
11 1854
11 1971
12 180
12 310
12 406
12 940
12 1115
12 1706
12 1783
12 1809
13 49
13 593
13 634
13 684
13 1077
13 1336
13 1356
14 231
14 469
14 621
14 674
14 735
14 779
14 1074
14 1160
14 1334
14 1900
15 697
15 855
15 1432
15 1687
16 266
16 275
16 302
16 359
16 551
16 742
16 904
16 905
16 1076
16 1132
16 1614
16 1678
16 1732
16 1983
17 443
17 682
17 908
17 996
17 1080
17 1361
17 1386
17 1487
18 91
18 1525
18 1657
19 577
19 586
19 1148
20 1091
21 131
21 526
21 1260
21 1263
21 1466
21 1495
21 1867
22 82
22 301
22 654
22 956
22 988
22 1127
22 1703
23 461
23 777
23 1963
24 208
24 301
24 366
24 583
24 944
24 1235
24 1824
24 1828
25 211
25 637
25 825
25 1310
25 1377
25 1824
25 1895
26 77
26 702
26 868
27 353
27 619
27 842
27 872
27 1080
27 1341
27 1483
27 1527
27 1681
28 79
28 568
28 669
28 826
28 1670
28 1861
28 1959
29 64
29 94
29 307
29 426
29 628
29 736
29 859
29 946
29 1137
29 1398
29 1403
29 1591
29 1643
29 1740
29 1843
30 54
30 73
30 88
30 345
30 555
30 821
30 869
30 1324
30 1365
30 1783
30 1887
31 190
31 575
31 1542
31 1952
32 116
32 289
32 750
32 767
32 850
32 1057
32 1110
32 1430
32 1492
32 1493
33 47
33 156
33 943
33 974
33 984
33 1738
34 247
34 505
34 774
34 779
34 848
34 1094
34 1292
34 1344
34 1694
34 1897
34 1960
35 93
35 421
35 462
35 704
35 1012
35 1105
35 1418
35 1754
36 62
36 692
36 900
36 1102
36 1911
36 1996
37 195
37 333
37 357
37 381
37 427
37 540
37 1484
37 1542
37 1622
38 67
38 72
38 1082
38 1452
38 1951
39 93
39 247
39 521
39 753
39 958
39 1114
40 432
40 736
40 782
40 1286
40 1612
40 1742
40 1787
40 1797
40 1995
41 115
41 356
41 552
41 815
41 1197
41 1980
42 146
42 193
42 317
42 857
42 1015
42 1067
42 1152
42 1249
42 1853
43 317
43 591
43 640
43 767
43 1130
43 1223
43 1285
43 1453
43 1682
43 1768
44 476
44 477
44 749
44 757
45 59
45 533
45 584
45 1926
45 1998
46 92
46 112
46 578
46 782
46 890
46 1748
46 1801
47 78
47 589
47 642
47 646
47 737
47 1157
47 1636
47 1689
47 1994
48 321
48 788
48 951
48 1068
48 1202
48 1912
49 236
49 529
49 856
49 1022
49 1067
49 1113
49 1183
49 1379
49 1631
49 1717
49 1789
50 202
50 291
50 835
50 852
50 1179
50 1287
50 1680
51 144
51 238
51 247
51 585
51 703
51 851
51 974
51 1032
51 1169
51 1192
51 1260
51 1381
51 1862
52 190
52 197
52 1187
52 1399
52 1671
52 1947
53 283
53 397
53 456
53 594
53 617
53 633
53 977
53 1249
53 1459
53 1574
54 61
54 102
54 323
54 856
54 880
54 1298
54 1712
55 199
55 269
55 509
55 550
55 652
55 1033
55 1672
56 244
56 600
56 1076
56 1191
56 1784
57 842
57 880
57 923
57 1707
58 156
58 177
58 287
58 370
58 516
58 925
58 1074
58 1299
58 1969
59 286
59 1594
59 1689
60 164
60 322
60 338
60 398
60 498
60 1303
61 95
61 204
61 296
61 300
61 448
61 663
61 872
61 919
61 1437
62 254
62 479
62 567
62 658
62 868
62 906
62 928
62 1029
62 1215
62 1362
62 1738
62 1859
62 1971
63 448
63 504
63 654
63 655
63 819
63 1051
63 1155
63 1316
63 1662
63 1871
64 350
64 436
64 481
64 795
64 1094
64 1474
65 666
65 970
65 1712
65 1893
66 677
66 866
66 1329
66 1368
66 1426
66 1526
66 1699
66 1927
67 573
67 749
67 1158
67 1703
68 245
68 1090
69 382
69 446
69 479
69 1274
70 172
70 186
70 487
70 542
70 640
70 705
70 1040
70 1869
70 1920
71 750
71 1069
71 1102
71 1188
71 1272
72 845
72 902
72 954
72 1069
72 1591
72 1622
73 91
73 437
73 620
73 1193
73 1666
73 1688
74 757
74 1069
74 1254
74 1278
74 1459
74 1831
75 635
75 909
75 991
75 1320
75 1419
75 1422
75 1837
76 655
76 661
76 1554
76 1980
77 684
77 707
78 241
78 254
78 358
78 374
78 848
78 1438
78 1715
79 312
79 455
79 542
79 971
79 1031
79 1700
79 1928
79 1956
80 318
80 654
80 709
80 992
80 1126
80 1315
80 1489
81 602
81 695
81 927
81 1684
81 1723
81 1886
82 193
82 963
82 995
82 1339
83 428
83 640
83 656
83 662
83 869
83 930
83 1025
83 1177
84 142
84 354
84 385
84 412
84 558
84 803
84 1143
84 1209
84 1927
85 220
85 432
85 657
85 876
85 885
85 1499
86 172
86 344
86 421
86 612
86 650
86 759
86 873
86 912
86 969
86 1049
86 1180
86 1260
86 1405
86 1666
87 89
87 251
87 443
87 515
87 701
87 891
87 1150
87 1216
87 1230
87 1576
88 176
88 372
88 479
88 655
88 968
88 999
88 1312
88 1890
89 473
89 1056
89 1696
89 1931
90 303
90 311
90 383
90 472
90 508
90 590
90 1046
90 1829
91 130
91 218
91 496
91 623
91 1383
91 1537
91 1898
91 1913
92 173
92 400
92 1104
92 1451
92 1740
93 463
93 707
93 890
93 1635
94 571
94 891
94 900
94 1002
94 1010
94 1133
94 1344
94 1469
94 1485
94 1712
94 1879
95 396
95 562
95 688
95 743
95 840
95 853
95 1015
95 1129
95 1318
95 1482
95 1718
96 702
96 1049
96 1061
96 1093
96 1112
96 1212
96 1467
96 1900
96 1914
97 291
97 468
97 567
97 717
97 1029
97 1948
97 1958
98 361
98 758
98 1441
98 1671
98 1834
99 660
99 730
99 1180
99 1323
99 1513
99 1552
99 1636
99 1868
99 1894
99 1949
99 1958
99 1979
100 333
100 837
100 1042
100 1070
100 1455
100 1629
101 263
101 331
101 565
101 942
101 952
101 1377
101 1428
101 1508
101 1907
102 299
102 633
102 1028
102 1617
103 297
103 697
103 885
103 1060
103 1105
103 1336
103 1604
103 1970
104 263
104 293
104 454
104 553
104 792
104 909
104 1087
104 1177
104 1365
104 1447
104 1475
104 1573
104 1593
105 195
105 245
105 856
105 1380
105 1485
105 1548
105 1794
106 116
106 131
106 1451
106 1615
106 1637
106 1689
106 1899
106 1955
107 459
107 505
107 1631
107 1830
107 1970
108 131
108 146
108 408
108 624
108 749
108 1052
108 1358
108 1664
109 665
109 881
109 1082
109 1188
109 1546
109 1732
109 1950
110 517
110 519
110 927
110 1062
110 1243
110 1673
110 1805
110 1959
111 159
111 1041
111 1242
111 1600
111 1906
112 168
112 201
112 915
112 1185
112 1866
112 1976
113 166
113 199
113 212
113 388
113 642
113 790
113 1226
113 1461
114 338
114 354
114 456
114 1469
115 359
115 448
115 966
115 1763
115 1944
115 1955
115 1979
116 227
116 521
116 653
116 1461
116 1940
117 268
117 562
117 816
117 847
117 945
117 1341
117 1489
117 1731
118 248
118 647
118 662
118 715
118 1234
118 1403
118 1424
118 1583
118 1979
119 269
119 428
119 533
119 680
119 1229
119 1327
120 201
120 365
120 451
120 572
120 1239
120 1440
120 1506
121 350
121 594
121 984
121 1526
121 1829
121 1875
121 1934
122 364
122 1337
122 1863
123 561
123 971
123 1053
123 1764
123 1901
124 379
124 411
124 718
124 781
124 802
124 878
124 1053
124 1282
124 1617
125 773
125 1030
125 1479
125 1943
126 160
126 270
126 350
126 438
126 1442
126 1518
126 1593
127 238
127 398
127 457
127 530
127 662
127 923
127 1362
128 445
128 446
128 698
128 992
128 1088
128 1349
128 1382
128 1506
128 1584
128 1724
128 1808
128 1873
128 1984
129 373
129 631
129 769
129 820
129 1193
129 1388
129 1438
129 1447
129 1550
129 1753
129 1895
129 1938
130 260
130 380
130 393
130 502
130 768
130 1381
130 1413
130 1769
130 1781
131 355
131 445
131 490
131 1089
131 1953
132 609
132 905
132 932
132 936
132 1252
132 1464
132 1762
132 1886
133 442
133 457
133 515
133 632
133 1021
133 1917
134 193
134 549
134 835
134 906
134 1717
134 1965
135 312
135 391
135 789
135 811
135 997
135 1197
135 1545
135 1936
136 141
136 406
136 458
136 750
136 866
136 1243
136 1317
136 1557
136 1641
136 1673
136 1789
137 240
137 756
137 1015
137 1100
137 1217
137 1480
137 1569
137 1662
137 1705
138 398
138 406
138 444
138 944
138 1329
138 1824
138 1875
138 1961
139 275
139 652
139 870
139 1083
139 1332
139 1567
139 1645
139 1658
140 473
140 504
140 888
140 1865
141 373
141 594
141 765
141 1338
142 665
142 975
142 1113
142 1418
142 1430
142 1526
143 526
143 1470
144 213
144 381
144 706
144 755
144 763
144 810
144 938
144 1242
144 1459
144 1525
145 607
145 784
145 886
145 918
145 1104
145 1239
145 1533
145 1864
145 1868
146 423
146 636
146 1795
146 1998
147 299
147 453
147 478
147 776
147 929
147 1050
147 1465
148 175
148 444
148 482
148 490
148 544
148 641
148 1159
148 1276
148 1599
148 1662
149 448
149 870
149 1242
149 1633
149 1728
149 1730
150 325
150 981
150 1144
150 1460
150 1792
150 1800
151 503
151 621
151 665
151 696
151 760
151 768
151 849
151 1091
151 1598
151 1783
151 1864
151 1933
152 180
152 785
152 999
152 1071
152 1204
152 1323
152 1360
152 1497
152 1799
152 1856
152 1881
153 202
153 520
153 1100
153 1388
153 1550
153 1571
153 1680
154 699
154 908
154 919
154 1262
154 1928
155 252
155 526
155 1131
155 1145
155 1808
155 1975
156 749
156 776
156 1139
156 1488
156 1521
156 1777
156 1844
157 378
157 444
157 1515
157 1574
157 1729
157 1867
158 165
158 166
158 250
158 354
158 618
158 937
158 1348
158 1392
158 1411
158 1829
159 666
159 719
159 1040
159 1088
159 1770
159 1809
159 1835
159 1920
160 199
160 820
160 1168
160 1618
161 659
161 815
161 865
162 218
162 341
162 520
162 541
162 842
162 1120
162 1185
162 1699
163 796
163 1101
163 1581
163 1930
164 532
164 853
164 1554
165 272
165 787
165 1104
165 1739
165 1828
166 266
166 455
166 926
166 947
166 1185
166 1877
167 743
167 888
167 1090
167 1239
167 1360
167 1693
167 1920
168 938
168 956
168 1091
168 1272
168 1549
168 1767
169 341
169 1126
169 1471
169 1928
170 303
170 503
170 561
170 757
170 1491
170 1499
170 1597
170 1811
171 326
171 526
171 622
171 1261
171 1418
171 1746
171 1924
172 331
172 456
172 721
172 805
172 918
172 1229
172 1552
172 1621
173 359
173 636
173 654
173 1009
173 1450
173 1614
173 1739
174 452
174 730
174 1354
174 1477
174 1991
175 182
175 277
175 390
175 776
175 1379
175 1389
175 1517
175 1869
175 1918
176 505
176 527
176 915
176 938
176 1051
176 1076
176 1383
176 1690
176 1837
176 1847
176 1992
177 598
177 758
177 840
177 906
177 1308
177 1336
177 1497
178 302
178 618
178 842
178 1116
178 1539
178 1709
179 259
179 525
179 729
179 877
179 1423
179 1439
179 1468
179 1691
179 1979
180 254
180 390
181 415
181 465
181 499
181 508
181 743
181 931
181 945
181 1212
181 1247
181 1747
182 405
182 634
182 1284
182 1579
183 237
183 434
183 473
183 957
183 1105
183 1625
183 1805
184 186
184 1038
184 1224
184 1357
184 1557
184 1586
185 277
185 515
185 585
185 600
185 941
185 1596
186 1015
186 1105
186 1594
186 1682
186 1769
187 345
187 435
187 1288
187 1464
187 1636
187 1992
187 1993
188 301
188 674
188 1440
188 1688
189 234
189 438
189 458
189 475
189 671
189 1427
189 1675
189 1747
189 1955
190 208
190 313
190 642
190 774
190 1179
190 1218
190 1298
190 1365
190 1739
190 1891
191 221
191 278
191 447
191 621
191 635
191 856
191 1028
191 1297
192 399
192 755
192 772
192 917
192 967
192 1032
192 1176
192 1980
193 257
193 283
193 362
193 879
193 919
193 1072
193 1583
193 1822
193 1824
194 241
194 271
194 611
194 737
194 833
194 1241
194 1559
195 413
195 476
195 737
195 1214
195 1490
195 1965
196 372
196 745
196 1515
196 1681
197 320
197 666
197 1050
197 1105
197 1255
197 1482
197 1935
197 1975
198 274
198 992
198 1102
198 1856
199 463
199 531
199 762
199 803
199 853
199 1417
199 1571
199 1637
199 1966
200 204
200 209
200 894
200 1150
200 1445
200 1463
200 1609
201 473
201 570
201 591
201 685
201 1479
201 1575
201 1742
201 1842
201 1883
202 821
202 916
202 981
202 1226
202 1534
202 1776
202 1778
202 1843
202 1858
202 1970
203 299
203 1728
203 1999
204 599
204 659
204 763
204 954
204 1070
204 1243
204 1738
205 528
205 536
205 875
205 961
205 1099
205 1138
205 1828
205 1869
205 1994
206 723
206 772
206 777
206 817
206 1100
206 1177
206 1289
207 366
207 541
207 755
207 1438
207 1539
207 1903
208 413
208 789
208 806
208 858
208 1034
208 1665
208 1700
208 1842
208 1874
209 733
209 876
209 890
209 1075
209 1111
209 1226
209 1500
209 1681
209 1869
209 1931
210 446
210 457
210 777
210 800
210 870
210 1471
210 1524
210 1619
210 1675
211 362
211 385
211 411
211 641
211 724
211 918
212 316
212 342
212 487
212 495
212 729
212 854
212 949
212 1069
212 1135
212 1593
212 1646
212 1745
213 931
213 1215
213 1386
213 1501
213 1846
213 1898
213 1921
213 1959
214 409
214 766
214 1004
214 1067
214 1336
214 1705
215 521
215 773
215 786
215 1013
215 1042
215 1168
215 1397
215 1806
215 1881
216 809
216 843
216 1150
216 1171
216 1698
216 1702
217 700
217 740
217 940
217 1011
217 1420
217 1690
218 285
218 996
218 1658
219 420
219 759
219 799
219 921
219 1214
219 1827
220 585
220 701
220 809
220 1823
221 233
221 706
221 855
221 1009
221 1155
221 1546
221 1822
221 1866
222 330
222 338
222 671
222 859
222 960
222 1036
222 1764
222 1991
223 645
223 647
223 667
223 1223
223 1342
223 1582
223 1857
223 1999
224 689
224 842
224 1054
224 1294
224 1528
225 283
225 322
225 457
225 852
225 949
225 997
225 1014
225 1057
225 1619
225 1734
225 1811
226 301
226 735
226 1082
226 1089
226 1560
226 1722
226 1752
226 1856
226 1898
227 947
227 974
227 1380
228 550
228 1145
228 1259
228 1842
229 478
229 566
229 840
229 921
229 1001
229 1202
229 1488
229 1579
229 1692
229 1785
230 619
230 943
230 1133
230 1172
230 1325
230 1542
230 1691
230 1726
230 1758
230 1948
230 1972
230 1988
231 435
231 802
231 1312
231 1361
231 1581
232 343
232 643
232 644
232 864
232 1301
232 1756
232 1807
232 1835
232 1944
233 749
233 839
233 1015
233 1344
233 1422
234 294
234 438
234 632
234 1124
234 1214
234 1484
234 1520
235 301
235 737
235 902
236 281
236 291
236 764
236 792
236 950
236 991
236 1174
236 1208
236 1280
236 1533
237 319
237 512
237 1091
237 1913
238 291
238 555
238 744
238 886
238 1189
238 1779
239 353
239 414
239 427
239 495
239 951
239 1146
239 1562
239 1946
240 927
240 1092
240 1265
240 1804
241 270
241 463
241 980
241 1610
241 1977
242 412
242 550
242 644
242 868
242 1229
242 1344
242 1793
243 297
243 559
243 1212
243 1670
244 247
244 270
244 761
244 1155
245 273
245 428
245 529
245 539
245 546
245 736
245 798
245 984
245 1171
245 1570
246 468
246 501
246 530
246 668
246 754
246 818
246 1332
246 1519
246 1685
246 1693
247 349
247 410
247 1264
247 1788
247 1790
248 572
248 923
248 942
248 1066
248 1172
248 1284
248 1420
248 1678
249 440
249 649
249 1117
249 1227
249 1411
249 1747
249 1959
250 275
250 991
250 1368
250 1873
251 619
251 1070
251 1446
252 467
252 546
252 637
252 1694
252 1970
253 259
253 329
253 1512
253 1802
253 1915
254 283
254 523
254 972
254 982
254 1309
254 1351
254 1631
254 1676
254 1681
254 1927
255 276
255 366
255 505
255 1187
255 1347
255 1520
255 1881
256 258
256 386
256 513
256 876
256 888
256 889
256 1822
257 527
257 569
257 818
257 1659
257 1793
257 1855
257 1878
257 1971
258 315
258 385
258 432
258 719
258 1376
258 1453
258 1729
258 1928
259 432
259 776
259 809
259 825
259 831
259 1468
259 1585
259 1731
260 285
260 309
260 385
260 785
260 913
260 1408
260 1739
260 1836
260 1910
261 1128
261 1694
262 1323
262 1545
262 1836
262 1975
263 645
263 693
263 707
263 794
263 917
263 1067
263 1101
263 1258
263 1362
263 1547
264 699
264 835
264 1467
264 1920
264 1944
265 603
265 1048
265 1187
265 1438
265 1747
265 1883
266 396
266 1985
267 340
267 674
267 1525
267 1850
268 459
268 819
268 1087
268 1297
268 1440
268 1831
269 469
269 751
269 1423
269 1505
270 295
270 303
270 403
270 411
270 525
270 653
270 800
270 1057
270 1077
270 1256
270 1511
270 1732
270 1735
270 1891
270 1955
271 325
271 1730
272 545
272 798
272 1009
272 1179
272 1197
272 1299
273 672
273 1005
273 1063
273 1154
273 1759
273 1863
273 1915
274 435
274 529
274 539
274 1296
274 1391
274 1760
274 1870
275 315
275 346
275 465
275 941
275 967
275 1367
275 1575
275 1688
276 748
276 899
276 1326
276 1736
277 577
277 757
277 803
277 916
277 1115
277 1367
277 1418
277 1465
278 587
278 836
278 1643
278 1685
278 1821
278 1893
279 720
279 782
279 1336
279 1406
279 1562
279 1591
279 1723
280 553
280 679
280 1177
280 1543
280 1611
280 1749
280 1837
281 313
281 419
281 893
281 1779
282 603
282 939
282 969
282 1568
283 329
283 443
283 752
283 765
283 859
283 1023
283 1184
283 1320
283 1504
283 1610
284 383
284 657
284 769
284 1001
284 1066
284 1137
284 1309
285 731
285 783
285 1049
285 1693
285 1807
286 550
286 684
286 789
286 996
286 997
286 1035
286 1243
286 1627
286 1782
286 1873
287 398
287 958
287 1023
287 1628
287 1780
288 303
288 702
288 1659
288 1673
288 1687
288 1841
289 461
289 496
289 597
289 966
289 1179
289 1332
289 1711
290 420
290 861
290 1013
290 1158
290 1405
290 1546
291 339
291 463
291 1902
292 654
292 1049
292 1191
292 1377
292 1529
292 1725
292 1792
293 984
293 1018
293 1085
294 567
294 1070
294 1384
295 820
295 842
295 1152
295 1424
295 1831
296 390
296 449
296 533
296 610
296 644
296 734
296 915
296 1879
297 382
297 521
297 1078
297 1326
297 1479
297 1710
297 1861
297 1875
298 1054
298 1431
299 458
299 492
299 1215
299 1253
299 1276
299 1402
299 1631
300 1091
300 1131
300 1240
300 1342
300 1468
300 1577
300 1588
300 1640
300 1647
300 1737
300 1805
301 513
301 615
301 703
301 852
301 981
301 1052
301 1268
301 1509
301 1696
302 657
302 939
302 1247
302 1575
303 586
303 981
303 1393
303 1546
304 887
304 1096
304 1715
304 1744
304 1971
304 1983
305 587
305 1086
305 1170
305 1434
305 1778
306 495
306 1057
306 1243
306 1948
307 361
307 635
307 637
307 728
307 1031
308 675
308 902
308 1065
308 1099
308 1294
308 1376
308 1747
309 569
309 589
309 668
309 711
309 894
309 1024
309 1293
309 1402
309 1478
309 1588
309 1688
309 1800
310 476
310 515
310 538
310 567
310 806
310 1031
310 1481
310 1548
310 1815
310 1904
310 1936
311 355
311 837
311 878
311 976
311 1450
311 1625
311 1773
311 1824
311 1843
311 1907
311 1931
312 424
312 474
312 521
312 958
312 990
312 1136
312 1518
312 1646
312 1712
312 1930
313 443
313 674
313 824
313 977
314 889
314 995
314 1260
314 1311
314 1333
314 1494
314 1529
314 1648
315 356
315 376
315 527
315 569
315 696
315 983
315 1001
315 1161
315 1523
315 1619
315 1668
315 1875
315 1976
315 1987
316 399
316 711
316 806
316 994
316 1376
316 1438
316 1538
316 1653
316 1847
316 1910
317 352
317 958
318 356
318 662
318 1526
319 458
319 944
319 1031
319 1147
319 1402
319 1438
319 1487
319 1706
319 1978
320 339
320 732
320 735
320 783
320 818
320 1276
320 1558
321 387
321 599
321 668
321 1132
321 1400
321 1633
322 464
322 608
322 1017
322 1321
322 1950
323 1185
323 1504
323 1780
323 1842
324 383
324 602
324 678
324 679
324 771
324 936
324 1308
324 1743
325 343
325 992
325 1291
325 1645
325 1808
326 350
326 482
326 539
326 574
326 664
326 676
326 854
326 888
326 1075
326 1244
326 1265
327 826
327 1465
327 1508
327 1524
327 1780
327 1989
328 794
328 939
328 987
328 1240
328 1950
329 548
329 1021
329 1440
329 1563
329 1888
329 1987
330 367
330 444
330 472
330 532
330 569
330 797
330 951
330 1060
330 1587
330 1670
331 672
331 850
331 1075
331 1152
331 1562
331 1569
331 1764
331 1858
331 1862
332 390
332 598
332 700
332 751
332 846
332 871
332 919
332 1211
332 1749
332 1834
332 1840
333 580
333 829
333 992
333 1256
334 861
334 912
334 1542
334 1868
334 1933
334 1989
335 426
335 887
335 1316
336 520
336 1100
336 1890
337 462
337 1010
337 1065
337 1345
337 1430
337 1588
337 1746
337 1960
338 496
338 1335
338 1415
338 1641
338 1698
338 1767
339 452
339 551
339 660
339 851
339 1080
339 1608
339 1828
339 1986
340 468
340 648
340 868
340 1098
340 1404
340 1706
340 1843
340 1937
341 702
341 908
341 1353
341 1483
341 1783
341 1812
341 1874
341 1902
342 663
342 1033
342 1125
342 1180
342 1309
342 1551
342 1704
343 397
343 492
343 794
343 951
343 1090
343 1662
343 1982
344 874
344 1215
344 1325
344 1674
344 1775
344 1870
345 538
345 1077
345 1478
345 1739
346 1339
346 1633
346 1929
347 390
347 801
347 904
347 1151
348 907
348 992
348 1475
349 448
349 453
349 636
349 663
349 992
349 1040
349 1218
350 813
350 862
350 1118
350 1884
351 565
351 603
351 695
351 1444
351 1763
351 1777
352 718
352 1034
352 1218
352 1369
352 1608
353 820
353 901
353 1684
353 1799
353 1997
354 542
354 616
354 676
354 693
354 1176
354 1181
354 1222
354 1245
354 1384
354 1936
355 397
355 865
355 1309
355 1412
355 1936
355 1950
356 384
356 600
356 908
356 1015
356 1359
356 1505
356 1706
357 633
357 898
357 1145
357 1287
357 1361
357 1771
357 1906
358 578
358 603
358 836
358 971
358 1056
358 1192
358 1338
358 1865
359 611
359 1103
359 1491
359 1668
359 1763
359 1895
359 1906
359 1938
360 562
360 1969
361 425
361 795
361 856
361 971
361 1304
361 1548
361 1608
361 1665
361 1830
362 366
362 410
362 564
362 1273
362 1638
362 1644
362 1687
363 381
363 549
363 1788
364 444
364 565
364 905
364 1030
364 1113
364 1150
364 1734
365 651
365 1147
365 1378
365 1404
365 1406
365 1604
365 1818
366 480
366 1104
366 1773
367 603
367 977
367 992
367 1034
367 1668
367 1832
368 702
368 915
368 1434
368 1453
369 656
369 1044
369 1351
369 1549
369 1748
369 1817
369 1944
370 425
370 528
370 1072
370 1212
370 1573
370 1985
370 1999
371 608
371 1245
371 1312
371 1821
372 550
372 715
372 1139
372 1216
372 1596
372 1753
372 1802
372 1914
372 1946
373 826
373 866
373 887
373 977
373 1832
373 1969
374 437
374 458
374 704
374 729
374 1372
374 1516
374 1617
374 1653
374 1663
374 1755
374 1759
374 1823
374 1835
375 413
375 827
375 1075
375 1206
375 1678
376 482
376 492
376 1431
376 1558
376 1838
376 1980
376 1990
377 612
377 1514
377 1589
377 1892
378 473
378 796
378 813
378 962
378 988
378 1021
378 1349
378 1504
378 1837
378 1922
379 502
379 690
379 1258
379 1418
379 1433
379 1487
379 1712
379 1779
379 1801
380 1058
380 1541
380 1962
381 529
381 974
381 1036
381 1240
381 1247
381 1841
381 1937
381 1974
382 585
382 784
382 904
382 1084
382 1240
382 1292
382 1826
383 626
383 653
383 844
383 859
383 1154
384 684
384 804
384 1179
384 1183
384 1271
384 1708
385 540
385 1480
385 1509
385 1841
386 410
386 653
386 1094
386 1306
386 1408
386 1455
386 1536
386 1604
387 438
387 646
387 886
387 1031
387 1076
387 1480
388 441
388 583
388 1086
388 1202
388 1206
388 1224
389 527
389 665
389 979
389 1052
389 1545
389 1753
389 1849
390 726
390 869
390 1386
390 1406
390 1681
391 501
391 642
391 936
392 1031
392 1152
392 1314
392 1812
393 448
393 463
393 856
393 1317
393 1630
393 1655
393 1787
394 535
394 1192
394 1902
395 418
395 462
395 730
395 810
395 1302
395 1309
396 521
396 671
396 1180
396 1376
396 1410
396 1439
396 1525
396 1991
397 1461
397 1610
397 1747
397 1901
397 1931
398 614
398 685
398 840
398 1241
398 1514
398 1968
399 408
399 468
399 725
399 841
399 909
399 1903
400 585
400 1452
400 1761
400 1884
400 1925
401 668
401 947
401 1217
401 1572
402 618
402 872
402 972
402 1598
402 1820
402 1854
402 1870
403 875
403 1092
403 1141
403 1156
403 1423
403 1430
403 1433
403 1591
403 1617
404 495
404 548
404 678
404 1038
404 1866
405 493
405 495
405 742
405 1099
405 1684
405 1902
406 451
406 484
406 702
406 835
406 1182
406 1482
406 1723
407 589
407 822
407 1163
407 1164
407 1492
408 1091
408 1148
408 1420
409 544
409 1551
410 416
410 851
410 945
410 953
410 1241
410 1371
410 1378
410 1406
411 447
411 647
411 1053
411 1312
411 1393
412 727
412 1249
412 1630
412 1743
412 1851
412 1995
412 1998
413 506
413 807
413 972
413 1054
413 1241
413 1830
414 972
414 989
414 1294
414 1296
414 1380
414 1542
415 458
415 932
415 1197
415 1334
416 642
416 787
416 913
416 1506
416 1645
416 1788
417 533
417 593
417 757
417 855
417 1619
418 554
418 615
418 791
418 839
418 1410
418 1481
418 1801
419 480
419 641
419 702
419 831
419 1347
419 1359
420 1035
420 1193
420 1236
420 1453
420 1569
420 1630
420 1723
420 1783
420 1940
421 856
421 1734
421 1879
422 773
422 942
422 972
422 1235
422 1285
422 1593
422 1937
423 717
423 724
423 1046
423 1371
423 1698
424 569
424 571
424 803
424 1098
424 1455
424 1621
424 1630
425 536
425 648
425 868
425 1104
425 1348
425 1658
426 562
426 914
426 1072
426 1191
426 1415
427 492
427 918
427 1038
427 1685
427 1769
428 568
428 622
428 662
428 900
428 1761
428 1840
429 680
429 792
429 859
429 1206
429 1404
429 1571
430 759
430 1181
430 1210
430 1269
430 1384
430 1522
431 653
431 1063
431 1369
431 1826
432 440
432 600
432 841
432 943
433 439
433 490
433 987
433 1144
433 1399
433 1688
434 496
434 618
434 775
434 884
434 1362
434 1367
434 1766
435 515
435 626
435 722
435 1456
435 1909
436 480
436 702
436 1324
436 1384
436 1506
436 1690
436 1757
436 1763
436 1847
436 1882
437 651
437 682
437 788
437 977
437 1516
437 1586
438 740
438 761
438 879
438 1162
438 1558
438 1895
438 1917
439 467
439 873
439 937
439 1100
439 1145
439 1217
439 1547
439 1986
440 476
440 631
440 716
440 1088
440 1272
440 1336
440 1363
440 1375
440 1650
441 921
442 898
442 1250
442 1340
442 1354
442 1509
442 1669
442 1955
443 1018
443 1154
443 1160
443 1855
443 1995
444 503
444 846
444 1411
444 1553
445 583
445 673
445 830
445 1519
445 1534
445 1796
446 867
446 983
446 1021
446 1142
446 1167
446 1886
446 1996
447 925
447 1013
447 1592
447 1655
447 1790
447 1923
448 729
448 1392
448 1520
448 1600
449 455
449 787
449 1088
449 1195
450 493
450 600
450 909
450 1134
450 1202
450 1465
450 1489
450 1764
450 1941
451 767
451 813
451 912
451 1061
451 1124
451 1526
451 1823
451 1870
451 1999
452 506
452 714
452 779
452 1130
452 1300
452 1504
452 1557
452 1897
453 592
453 917
453 947
453 994
453 1335
453 1688
453 1750
454 541
454 814
454 870
454 1123
454 1318
454 1331
454 1345
454 1691
454 1742
455 1232
455 1429
455 1501
456 551
456 633
456 1152
456 1256
456 1611
457 564
457 1170
457 1688
457 1834
457 1840
457 1900
457 1983
458 505
458 757
458 1061
458 1327
458 1826
459 513
459 936
459 1848
460 486
460 679
460 876
460 974
460 1096
460 1469
460 1571
460 1767
461 813
461 868
461 976
461 1036
461 1395
461 1471
461 1812
461 1871
462 1654
463 737
463 805
463 860
463 919
463 927
463 971
463 1365
463 1427
463 1608
463 1673
464 558
464 605
464 671
464 1030
464 1300
464 1674
465 965
465 1184
465 1343
465 1419
465 1651
466 479
466 505
466 801
466 1271
466 1422
466 1939
467 1481
468 937
468 1256
468 1544
468 1845
469 643
469 1003
469 1318
469 1350
469 1407
469 1620
469 1623
469 1994
470 1260
470 1685
471 709
471 744
471 1255
471 1272
471 1349
471 1729
471 1794
471 1890
471 1931
472 515
472 883
472 897
472 1879
473 585
473 679
473 1583
473 1978
474 475
474 1243
474 1445
475 635
475 940
475 1819
475 1894
475 1951
476 524
476 1262
476 1663
476 1774
476 1982
477 972
477 1458
478 624
478 970
478 1386
478 1489
478 1714
479 1354
480 693
480 745
480 1380
480 1449
480 1702
480 1943
481 503
481 518
481 596
481 751
481 766
481 778
481 1356
481 1633
482 503
482 574
482 703
482 932
482 998
482 1288
482 1759
482 1828
483 1033
483 1210
483 1318
483 1644
483 1693
484 674
484 769
484 1075
484 1182
484 1223
484 1259
484 1427
484 1769
484 1834
484 1936
484 1969
485 577
485 645
485 964
485 1131
485 1951
486 501
486 611
486 710
486 762
486 891
486 974
486 982
486 1088
486 1681
486 1779
486 1938
487 796
487 1032
487 1117
487 1220
487 1392
487 1671
487 1864
488 674
488 803
488 809
488 1369
488 1593
489 899
489 1769
490 525
490 631
490 946
490 971
490 1666
490 1723
491 578
491 718
491 727
491 964
491 1147
491 1181
491 1310
491 1413
492 585
492 647
492 926
492 941
492 1636
492 1684
492 1755
492 1783
492 1955
492 1966
492 1978
493 513
493 672
493 696
493 697
493 755
493 1237
493 1692
493 1805
494 872
494 1173
494 1234
494 1592
494 1607
494 1740
494 1891
495 571
495 584
495 671
495 1065
495 1150
495 1307
495 1473
496 608
496 764
496 1532
496 1645
497 614
497 699
497 1467
498 1055
498 1146
498 1626
498 1680
498 1717
499 1414
499 1493
499 1748
499 1886
500 502
500 514
500 716
500 1482
500 1554
501 941
501 990
502 642
502 678
502 700
502 1468
502 1495
502 1720
502 1956
502 1983
503 573
503 616
503 785
503 903
503 1013
503 1082
503 1209
503 1337
503 1486
503 1657
503 1713
503 1996
504 795
504 972
504 1595
504 1797
505 1554
505 1691
505 1702
505 1787
505 1994
506 654
506 859
506 1068
506 1172
506 1506
506 1690
506 1768
506 1991
507 553
507 991
507 1202
507 1831
508 601
508 660
508 728
508 786
508 1239
508 1305
508 1649
509 555
509 1142
509 1160
509 1606
509 1654
509 1759
509 1946
510 939
510 961
510 1263
510 1428
510 1662
510 1878
510 1968
511 1352
511 1568
511 1755
511 1781
512 579
512 603
512 753
512 1100
512 1472
512 1712
512 1969
513 617
513 1108
513 1208
514 796
514 890
514 1310
514 1397
514 1560
514 1676
514 1964
515 893
515 931
515 967
515 1069
515 1501
516 612
516 829
516 1060
516 1498
516 1886
517 597
517 1795
517 1848
518 636
518 663
518 873
518 891
519 566
519 604
519 799
519 1156
519 1387
519 1634
519 1812
519 1880
519 1925
520 583
520 666
520 1091
520 1837
521 1096
521 1317
521 1891
522 729
522 1006
522 1090
522 1316
522 1335
522 1439
522 1564
523 771
523 905
523 1176
523 1291
523 1396
523 1688
523 1720
524 605
524 1037
524 1276
524 1419
524 1952
525 566
525 765
525 857
525 882
525 1124
525 1237
525 1634
526 659
526 722
526 1214
526 1342
526 1380
526 1607
527 749
527 823
527 1389
527 1427
527 1664
527 1833
527 1888
527 1981
528 776
528 1135
528 1384
529 713
529 958
529 1156
529 1220
529 1705
529 1779
530 835
530 1075
530 1235
530 1435
530 1504
530 1773
531 1254
531 1273
531 1344
531 1412
531 1603
532 989
532 1278
532 1281
532 1304
532 1633
532 1936
533 585
533 967
533 990
533 1294
534 709
534 953
534 1356
534 1707
534 1771
535 977
535 1136
535 1140
535 1863
535 1874
535 1972
536 698
536 906
536 1260
536 1366
536 1405
537 610
537 1348
537 1558
537 1803
537 1875
537 1951
538 875
538 1084
538 1341
538 1602
538 1676
538 1754
538 1874
539 642
539 691
539 1696
539 1708
540 639
540 904
540 1081
540 1537
540 1649
541 781
541 954
541 987
541 1275
541 1506
542 669
542 854
542 1498
542 1516
542 1536
542 1566
543 749
543 931
543 972
543 1636
543 1937
544 774
544 814
544 1583
544 1719
544 1784
545 633
545 677
545 1500
545 1811
546 760
546 920
546 921
546 1670
546 1797
547 601
547 990
547 1099
547 1245
547 1294
547 1750
547 1757
548 586
548 774
548 1838
548 1856
548 1903
549 923
549 1267
549 1616
549 1641
549 1933
550 729
550 755
550 1112
550 1153
550 1259
550 1273
550 1854
550 1885
551 670
551 674
551 686
551 924
551 1001
551 1418
551 1421
551 1470
552 579
552 902
552 949
552 1408
552 1546
552 1810
553 949
553 1295
553 1441
553 1551
553 1777
553 1972
554 624
554 711
554 961
554 1048
554 1227
554 1363
554 1509
554 1620
554 1678
554 1731
555 822
555 946
555 970
555 1345
555 1476
555 1843
556 680
556 1001
556 1109
556 1269
556 1442
556 1445
556 1692
556 1778
556 1991
557 637
557 1093
557 1770
558 767
558 1082
558 1346
558 1990
559 885
559 1057
559 1092
559 1402
559 1475
559 1558
560 890
560 1074
560 1175
560 1674
560 1684
561 758
561 856
561 1200
562 896
562 1081
562 1173
562 1838
563 705
563 729
563 1374
563 1513
563 1752
564 810
564 1307
564 1666
564 1678
564 1975
565 1126
565 1270
566 737
566 1303
566 1429
566 1563
566 1604
566 1902
567 635
567 715
567 1136
568 1083
568 1613
568 1683
568 1718
568 1941
568 1983
569 716
569 1974
570 631
570 1208
570 1645
570 1804
570 1851
571 640
571 731
571 736
571 1976
572 613
572 1417
572 1472
572 1595
572 1630
572 1694
572 1793
573 583
573 673
573 686
573 1278
573 1345
573 1420
573 1826
574 836
574 841
574 1011
574 1127
574 1884
574 1913
575 689
575 925
575 1035
575 1139
575 1721
575 1726
575 1800
575 1971
576 1231
576 1408
577 828
577 971
577 1256
577 1306
577 1398
577 1447
577 1494
577 1944
578 674
578 722
579 655
579 924
579 977
579 1207
579 1405
579 1554
580 1678
581 776
581 795
581 880
581 892
581 1191
581 1499
582 621
582 626
582 713
582 1076
582 1565
583 710
583 1243
583 1381
583 1448
583 1785
584 603
584 677
584 1762
585 1705
585 1920
586 917
586 944
586 1623
586 1698
587 1687
588 1037
588 1042
588 1315
588 1506
588 1603
589 929
589 1244
590 779
590 827
590 1428
590 1832
591 629
591 650
591 912
591 1141
591 1382
591 1908
591 1995
592 606
592 679
592 904
592 1854
593 1209
593 1528
594 659
594 707
594 981
594 1263
594 1463
595 978
595 1519
595 1533
595 1894
596 722
596 742
596 1614
596 1690
596 1984
597 681
597 814
597 1351
597 1557
597 1766
597 1767
598 628
598 845
598 1195
598 1585
599 605
599 668
599 987
599 1682
599 1968
600 855
600 1174
600 1176
600 1397
600 1492
600 1769
600 2000
601 943
601 963
601 1673
602 671
602 1126
602 1158
602 1549
602 1780
603 1101
603 1281
603 1319
603 1344
603 1776
603 1783
603 1833
603 1875
604 624
604 782
604 1044
604 1125
604 1712
605 1014
605 1515
605 1968
606 679
606 949
606 1250
606 1448
606 1529
606 1588
606 1706
606 1711
606 1729
607 786
607 1444
607 1689
607 1777
607 1952
608 822
608 1132
608 1443
608 1952
608 1964
609 702
609 760
609 922
609 942
609 978
609 994
610 1419
610 1519
610 1665
610 1845
611 937
611 1332
611 1620
611 1655
611 1679
612 932
612 1146
612 1278
612 1460
612 1768
613 692
613 1041
613 1149
613 1458
613 1462
613 1466
613 1523
613 1939
614 760
614 811
614 1268
614 1346
614 1509
614 1576
614 1682
616 1509
616 1569
616 1593
617 715
617 799
617 806
617 835
617 966
617 1077
617 1245
619 758
619 940
619 1155
619 1690
619 1842
620 628
620 1298
620 1398
620 1879
621 627
621 889
621 906
621 978
621 1051
621 1621
621 1674
621 1710
621 1722
621 1734
621 1803
622 677
622 941
622 1037
622 1174
622 1558
622 1676
622 1865
622 1892
623 799
623 1114
623 1285
623 1528
623 1558
623 1707
623 1737
623 1851
623 1886
623 1928
624 1599
624 1727
624 1950
625 657
625 1135
625 1345
625 1709
625 1814
626 1037
626 1197
626 1337
626 1927
628 732
628 1006
628 1613
628 1983
629 712
629 1109
629 1442
629 1507
629 1561
629 1800
630 651
630 849
630 1179
631 772
631 893
631 1165
631 1505
631 1585
631 1687
631 1832
631 1989
632 1303
632 1613
632 1630
633 1005
634 646
634 717
634 740
634 909
634 1230
634 1652
635 1606
635 1713
635 1834
636 1364
637 806
637 1155
637 1289
637 1408
637 1556
637 1570
637 1815
638 848
638 962
638 1488
638 1600
638 1900
638 1915
639 644
639 1223
639 1412
639 1458
639 1528
639 1843
640 868
640 1289
640 1458
640 1656
640 1933
640 1963
641 1370
641 1479
641 1762
642 851
642 950
642 1346
642 1482
642 1942
643 881
643 956
643 1208
643 1268
643 1485
643 1908
644 903
644 913
644 1109
644 1192
644 1460
644 1492
644 1933
645 868
645 1170
645 1229
645 1413
645 1987
646 750
646 1004
646 1262
646 1291
646 1416
646 1578
646 1610
646 1797
647 652
647 1262
647 1449
648 1460
648 1643
648 1981
649 1249
649 1749
649 1949
650 672
650 883
650 1339
650 1517
650 1529
650 1631
651 1175
651 1414
651 1549
651 1667
651 1685
651 1917
651 1951
652 775
652 811
653 1363
653 1396
653 1717
654 1180
654 1355
654 1491
655 717
655 949
655 1035
655 1346
655 1530
655 1722
656 769
656 1074
657 684
657 1398
657 1577
657 1825
657 1946
658 1024
658 1181
658 1254
658 1274
658 1501
658 1541
658 1758
658 1784
658 1788
658 1951
659 1055
659 1146
659 1337
659 1346
659 1438
659 1736
659 1741
660 765
660 907
660 1401
660 1559
661 725
661 1127
661 1180
661 1283
661 1376
661 1395
662 719
662 762
662 990
662 1062
662 1291
662 1319
663 697
664 737
664 807
664 1001
664 1276
664 1705
664 1774
664 1832
664 1872
665 892
665 1396
665 1450
665 1493
665 1807
666 703
666 793
666 877
666 914
666 1147
666 1169
666 1450
666 1720
666 1805
666 1890
666 1969
667 741
667 1015
667 1982
668 705
668 829
668 1188
668 1302
668 1338
668 1384
668 1529
668 1639
669 1179
669 1332
669 1858
670 999
670 1495
671 822
671 1030
671 1354
671 1625
671 1827
672 703
672 952
672 964
672 985
672 1406
672 1584
672 1663
672 1833
672 1952
673 1881
674 1226
674 1830
675 678
675 1032
675 1563
675 1817
675 1924
676 807
676 1142
676 1372
676 1482
677 1206
677 1592
677 1785
678 1712
679 1556
679 1941
680 810
680 865
680 1024
680 1841
681 962
681 1383
681 1421
681 1464
682 757
682 897
682 962
682 972
682 1032
683 755
683 1263
683 1291
683 1332
684 1391
684 1427
684 1503
684 1738
684 1890
684 1930
685 716
685 1016
685 1098
685 1280
685 1457
685 1954
686 893
686 986
686 1345
686 1719
687 727
687 1631
687 1685
688 1246
688 1436
689 1283
689 1298
689 1454
689 1874
689 1896
690 860
690 990
690 1292
690 1346
690 1570
690 1660
691 1226
691 1239
691 1542
691 1576
691 1772
692 1015
692 1073
692 1396
692 1420
692 1696
693 807
693 1399
693 1444
693 1647
693 1697
693 1745
693 1835
693 1976
694 935
694 1091
694 1150
694 1365
694 1403
694 1561
694 1950
695 735
695 1464
695 1642
695 1679
695 1969
696 1062
696 1243
696 1465
696 1769
696 1870
696 1978
697 921
697 951
697 1525
698 1078
698 1154
698 1377
699 746
699 928
699 1052
700 814
700 1342
700 1440
700 1486
700 1573
700 1639
700 1929
700 1951
701 922
701 1117
701 1590
702 911
702 1041
702 1274
702 1649
702 1676
703 930
703 943
703 1468
703 1653
703 1801
703 1812
703 1886
704 1421
705 1084
705 1411
705 1543
706 1141
706 1185
706 1787
707 991
707 1166
707 1229
707 1231
707 1247
707 1506
707 1717
707 1895
708 992
708 1135
708 1386
709 861
709 1962
710 816
710 1458
710 1513
710 1600
710 1605
710 1704
710 1916
711 1535
711 1817
711 1843
711 1944
712 818
712 1179
712 1466
712 1515
712 1724
712 1761
712 1828
713 738
713 951
713 1308
713 1489
713 1586
713 1600
713 1692
713 1928
713 1984
714 1004
714 1260
714 1733
714 1799
715 1081
715 1271
715 1465
715 1901
716 1685
717 1491
718 813
718 1451
718 1481
718 1943
719 939
719 1083
719 1285
719 1784
719 1959
720 741
720 915
720 1038
720 1059
721 841
721 1417
721 1772
721 1804
722 823
722 929
722 1153
722 1433
723 1349
723 1524
723 1568
723 1969
724 1026
724 1186
724 1327
724 1702
725 731
725 830
725 959
725 1281
725 1389
725 1888
725 1925
726 960
726 969
726 1218
726 1325
726 1366
726 1642
726 1670
726 1761
726 1874
727 1408
727 1556
727 1912
728 1323
728 1403
728 1712
728 1790
729 763
729 854
729 871
729 1145
729 1219
729 1621
729 1709
730 785
730 1003
730 1068
730 1125
730 1548
730 1758
731 863
731 1125
731 1155
731 1279
731 1866
731 1872
731 1927
732 844
732 882
732 1492
732 1834
733 1028
733 1822
734 923
734 1070
734 1833
735 809
735 1191
735 1413
735 1592
735 1778
736 820
736 996
736 1188
736 1770
736 1948
737 1030
737 1299
737 1567
737 1713
737 1851
738 812
738 910
738 1307
738 1465
738 1722
739 1390
739 1521
740 988
740 1368
740 1459
740 1965
740 1968
741 866
741 915
741 1048
741 1142
741 1609
741 1890
742 1334
742 1599
742 1641
743 748
743 870
743 874
743 1283
743 1557
743 1728
743 1761
744 1347
744 1442
744 1561
744 1723
744 1798
745 838
745 1422
745 1431
745 1499
745 1601
745 1691
745 1887
746 749
746 778
746 1965
747 1107
747 1323
748 823
748 1224
748 1721
748 1802
748 1912
749 802
749 894
749 1628
749 1769
749 1817
749 1840
750 765
750 808
750 864
750 1179
750 1327
750 1356
750 1431
750 1583
751 953
751 1480
751 1535
751 1575
751 1749
751 1838
752 964
752 1364
752 1870
752 1880
753 804
753 976
753 1176
753 1191
753 1702
753 1972
754 1052
754 1124
754 1141
754 1347
755 1405
755 1879
755 1931
755 1990
756 874
756 1033
756 1205
756 1594
756 1674
757 1269
757 1915
758 775
758 1134
758 1364
758 1867
759 860
759 1125
759 1175
759 1544
759 1553
759 1848
759 1926
759 1932
760 1241
760 1279
760 1385
760 1824
761 801
761 904
761 977
761 1670
762 1214
762 1337
762 1455
762 1765
763 883
763 1351
763 1565
764 958
764 1068
764 1855
765 846
765 1358
765 1423
765 1712
766 904
766 984
766 1062
766 1299
766 1650
766 1704
766 1891
767 1160
767 1288
767 1438
767 1656
767 1756
767 1955
768 863
768 1131
768 1148
768 1295
768 1350
768 1414
769 797
769 1340
769 1484
769 1783
769 1962
769 1989
770 1053
770 1711
771 948
771 994
771 1180
771 1481
771 1571
772 1150
772 1729
773 794
773 921
773 1512
773 1750
774 836
774 1522
774 1625
774 1725
774 1783
774 1818
774 1975
775 1020
775 1504
775 1534
775 1752
775 1800
775 1855
776 822
776 1897
777 909
777 1074
777 1205
777 1537
777 1966
778 1218
778 1821
779 998
779 1027
779 1365
779 1683
780 784
780 920
780 1069
780 1583
780 1855
780 1964
781 811
781 885
781 1054
781 1752
781 1998
782 787
782 789
782 1171
782 1255
782 1571
782 1766
782 1794
782 1806
782 1869
782 1929
783 1021
783 1263
783 1265
783 1436
784 822
784 922
784 1108
784 1238
784 1264
784 1392
784 1501
784 1779
785 1183
785 1369
785 1387
785 1999
786 1363
786 1394
786 1616
787 1207
787 1374
787 1700
787 1763
788 805
788 1250
788 1328
788 1370
788 1428
788 1469
788 1575
789 864
789 1445
789 1582
790 838
790 1070
790 1154
791 984
791 1354
791 1439
791 1894
791 1972
792 1533
792 1643
793 962
793 1179
793 1502
793 1504
793 1775
793 1849
793 1980
794 959
794 1196
794 1263
794 1450
794 1482
794 1847
795 1085
795 1371
795 1569
795 1793
795 1831
795 1863
795 1897
795 1904
795 1945
796 977
796 1064
797 1027
797 1151
797 1197
797 1207
797 1313
798 993
798 1167
798 1455
798 1760
798 1823
799 950
799 968
799 1153
799 1525
799 1689
799 1827
799 1871
799 1944
800 872
800 1230
800 1233
800 1255
800 1676
800 1716
800 1729
800 1797
800 1825
801 991
801 1150
801 1407
802 1027
802 1463
802 1866
803 931
803 1072
803 1095
803 1265
803 1612
803 1736
804 1716
804 1877
804 1926
805 845
805 929
805 1477
805 1731
805 1828
806 1050
806 1145
806 1196
806 1738
806 1912
806 1977
807 1095
807 1147
807 1227
807 1649
807 1678
808 1111
808 1509
808 1561
809 1769
810 991
810 1644
810 1908
811 1208
811 1262
811 1266
811 1563
812 1053
812 1820
813 1360
813 1719
814 1480
814 1725
814 1951
815 1395
815 1480
815 1653
815 1853
815 1920
816 1001
816 1321
816 1518
816 1817
816 1850
817 890
817 1160
817 1270
817 1895
818 903
818 1097
818 1402
819 1353
819 1357
819 1363
819 1614
820 867
820 1326
820 1748
821 874
821 1151
821 1604
821 1983
822 879
822 995
822 1021
822 1256
822 1437
822 1451
822 1723
822 1950
822 1959
823 967
823 1440
823 1608
823 1690
824 1246
824 1320
824 1389
824 1483
824 1491
824 1643
824 1707
824 1732
824 1765
824 1941
825 1161
825 1664
826 975
826 1296
826 1332
826 1407
826 1763
826 1939
827 1798
827 1847
829 1522
829 1926
830 995
830 1133
830 1480
830 1824
830 1980
831 1084
831 1110
831 1187
831 1234
832 955
832 960
832 1497
832 1774
833 1102
833 1429
833 1797
834 1109
834 1141
834 1937
835 984
835 985
835 1034
835 1365
836 1019
836 1085
836 1290
836 1499
836 1573
837 1400
837 1588
838 1454
838 1543
839 849
839 941
839 987
839 1120
839 1345
839 1976
840 1352
840 1709
841 1076
841 1454
842 1203
842 1490
843 964
843 984
843 1021
843 1105
843 1292
843 1330
843 1442
843 1470
843 1661
844 929
844 953
844 1925
845 1104
845 1149
845 1476
845 1488
845 1861
845 1862
846 937
846 1051
846 1826
846 1950
847 1196
847 1345
847 1448
847 1711
848 962
848 984
848 1059
848 1724
849 1345
849 1673
849 1834
850 1275
850 1373
850 1510
850 1682
850 1709
850 1717
850 1873
850 1934
851 876
851 1040
851 1050
851 1100
851 1126
851 1550
851 1929
852 1331
852 1334
852 1341
852 1373
852 1697
852 1905
853 1028
853 1074
853 1079
853 1134
853 1512
853 1583
853 1913
854 1101
854 1343
854 1363
854 1401
854 1605
854 1630
855 972
855 1936
856 1332
856 1471
856 1753
856 1913
857 1168
857 1271
857 1314
857 1631
858 877
858 1116
858 1255
859 888
859 1188
859 1463
860 1229
860 1822
861 1021
861 1273
861 1613
861 1885
861 1991
862 1028
862 1160
862 1441
863 1034
863 1188
863 1464
863 1746
863 1826
864 1092
864 1395
864 1653
864 1860
865 996
865 1206
865 1348
865 1543
865 1549
865 1792
866 963
866 1206
866 1593
866 1701
867 897
867 953
867 1198
867 1227
867 1382
867 1544
867 1637
867 1760
868 1340
868 1353
868 1838
869 1685
870 1261
870 1810
870 1911
870 1934
870 1979
871 993
871 1068
871 1094
871 1397
871 1460
871 1626
871 1658
872 1318
872 1371
872 1565
872 1613
872 1706
873 1045
873 1156
873 1164
873 1344
873 1990
874 1102
874 1204
874 1600
874 1928
875 974
875 1105
875 1376
875 1528
875 1775
876 1092
877 1073
877 1399
877 1652
877 1735
878 883
878 982
878 1164
878 1844
878 1965
879 1140
879 1205
879 1549
880 1295
880 1505
880 1550
880 1945
881 1280
881 1632
881 1993
882 1005
882 1194
882 1875
883 1382
883 1544
883 1846
883 1903
883 1970
884 951
884 1111
884 1148
884 1845
884 1846
885 894
885 987
885 1008
885 1122
885 1455
885 1825
886 924
886 1359
886 1363
886 1385
886 1869
887 937
887 1613
888 893
888 1506
888 1515
888 1545
888 1586
888 1751
888 1765
888 1904
888 1920
889 911
889 931
889 1242
889 1471
890 1194
890 1529
890 1576
890 1671
890 1681
890 1764
890 1881
891 1002
891 1139
891 1463
891 1762
891 1933
892 1271
892 1396
893 1315
893 1376
894 1352
894 1530
895 934
895 1194
895 1216
895 1250
895 1528
895 1687
895 1990
896 905
896 1445
896 1513
896 1571
896 1763
897 1004
897 1622
897 1629
897 1920
898 919
898 1025
899 1413
899 1655
900 1498
900 1530
900 1616
900 1662
901 1174
901 1209
901 1251
901 1749
902 985
902 1263
902 1837
903 934
903 1163
903 1562
904 1144
904 1261
904 1682
905 1654
905 1910
906 985
906 1012
906 1266
906 1430
906 1783
906 1978
907 1481
907 1508
907 1716
908 977
908 1224
908 1240
908 1267
908 1461
908 1474
908 1925
909 1074
909 1395
909 1408
909 1797
909 1923
910 1040
910 1338
910 1364
910 1421
910 1617
911 949
911 1785
912 1031
912 1116
912 1520
912 1553
912 1757
912 1929
913 997
913 1711
913 1885
914 1167
914 1217
914 1809
915 1003
915 1433
915 1690
915 1761
915 1898
915 1949
916 1177
916 1240
916 1348
916 1728
917 1081
917 1231
917 1493
917 1554
917 1562
918 1013
918 1425
918 1942
919 1017
919 1393
919 1402
919 1709
919 1795
919 1969
920 1189
920 1288
920 1387
920 1424
920 1725
921 1100
922 928
922 1021
922 1068
922 1236
923 1038
923 1060
923 1073
923 1191
923 1229
923 1447
923 1508
924 1002
924 1136
924 1839
924 1969
925 1014
925 1290
925 1712
926 1360
926 1554
926 1712
926 1749
926 1775
926 1873
926 1909
927 963
927 1179
927 1354
927 1391
927 1610
927 1654
928 1280
928 1395
928 1908
929 978
929 1310
929 1579
930 1218
931 1138
931 1199
931 1495
931 1519
931 1559
931 1694
931 1842
931 1878
931 1987
932 1273
932 1344
932 1961
933 1027
933 1168
933 1264
933 1308
933 1376
934 1017
934 1214
934 1285
934 1389
934 1918
935 1287
935 1497
935 1543
936 948
936 1736
936 1805
936 1913
937 977
937 1216
937 1696
937 1838
937 1975
938 1041
938 1087
938 1568
938 1580
938 1843
938 1951
939 1012
939 1168
939 1558
940 1423
940 1655
940 1765
940 1885
941 1411
941 1559
941 1873
942 997
942 1067
942 1483
942 1934
943 1147
943 1157
943 1252
943 1438
943 1498
943 1885
944 1368
944 1429
944 1741
944 1986
945 1138
945 1385
945 1535
945 1818
945 1902
945 1929
946 1196
946 1478
947 1190
947 1457
947 1828
947 1858
948 959
948 1801
948 1811
948 1891
949 971
949 1410
949 1421
950 1069
950 1153
950 1876
951 1125
952 962
952 1246
952 1281
952 1890
953 1122
953 1412
954 1914
954 1975
955 1802
955 1865
955 1903
955 1907
956 1309
956 1617
957 977
957 1116
957 1751
957 1906
957 1930
958 971
958 1002
958 1520
958 1570
959 1374
959 1877
960 1252
960 1258
960 1504
960 1613
960 1640
960 1795
961 1046
961 1355
961 1364
961 1485
961 1539
961 1569
961 1826
961 1888
961 1995
962 1122
962 1356
962 1522
962 1567
962 1783
963 966
963 1164
963 1280
963 1488
964 1693
965 1008
965 1040
965 1609
966 1083
966 1098
966 1247
966 1426
967 1070
967 1152
967 1850
968 1163
968 1546
968 1662
968 1950
968 1977
969 1368
969 1781
970 1396
970 1713
970 1931
971 1172
972 1170
972 1667
972 1758
972 1838
972 1845
973 1917
974 1621
974 1839
974 1943
975 996
975 1592
975 1634
975 1702
975 1830
976 1042
976 1286
977 1054
977 1440
977 1465
977 1552
977 1554
977 1753
978 1354
978 1360
978 1503
978 1749
979 1478
979 1657
979 1659
979 1717
979 1791
979 1854
979 1913
980 1380
981 1009
981 1185
981 1255
982 1068
982 1324
982 1438
982 1616
982 1687
982 1733
982 1932
983 1454
983 1520
984 1001
984 1045
984 1273
984 1793
984 1909
984 1990
985 1170
985 1588
985 1726
986 1123
986 1281
986 1315
986 1394
986 1498
986 1920
987 1416
987 1738
987 1881
988 1956
989 1784
989 1891
989 1921
990 1275
990 1340
991 1105
991 1310
991 1414
991 1416
992 1315
992 1400
992 1996
994 1321
994 1560
994 1572
994 1611
995 1067
995 1225
995 1350
996 1465
996 1623
998 1472
998 1554
999 1103
999 1157
999 1772
1000 1038
1000 1748
1001 1085
1001 1489
1002 1284
1002 1773
1002 1843
1003 1127
1003 1155
1003 1180
1003 1376
1003 1684
1003 1778
1003 1793
1004 1145
1004 1379
1004 1586
1005 1208
1005 1548
1006 1808
1006 1861
1007 1764
1007 1999
1008 1954
1009 1487
1009 1829
1010 1155
1010 1328
1010 1337
1010 1422
1011 1175
1011 1226
1012 1231
1012 1387
1012 1455
1012 1520
1012 1755
1012 1871
1012 1880
1013 1035
1013 1037
1013 1185
1013 1238
1014 1176
1014 1257
1014 1511
1014 1580
1014 1592
1014 1774
1014 1829
1014 1941
1015 1612
1016 1616
1016 1642
1016 1930
1016 1982
1017 1100
1017 1257
1017 1490
1017 1498
1017 1514
1017 1595
1017 1637
1017 1737
1017 1850
1018 1076
1018 1330
1019 1055
1019 1056
1019 1260
1019 1666
1020 1268
1020 1610
1020 1681
1020 1927
1020 1937
1020 1974
1021 1083
1021 1216
1021 1725
1021 1844
1021 1900
1022 1119
1022 1373
1022 1509
1022 1587
1022 1613
1022 1942
1023 1052
1023 1669
1023 1750
1023 1761
1023 1827
1023 1933
1024 1192
1024 1297
1025 1413
1025 1449
1025 1850
1025 1913
1026 1628
1026 1630
1027 1071
1027 1212
1027 1457
1027 1698
1027 1883
1027 1965
1028 1599
1028 1627
1029 1035
1029 1381
1029 1845
1030 1789
1031 1172
1031 1327
1031 1823
1031 1964
1032 1246
1032 1867
1032 1905
1033 1219
1033 1411
1033 1676
1033 1872
1033 1886
1034 1129
1035 1053
1035 1384
1035 1515
1035 1641
1035 1667
1035 1833
1036 1351
1036 1396
1036 1660
1036 1808
1036 1981
1037 1213
1037 1566
1037 1950
1038 1063
1038 1108
1038 1170
1038 1368
1038 1775
1039 1108
1039 1136
1039 1168
1039 1382
1040 1052
1040 1215
1040 1521
1040 1584
1040 1793
1040 1869
1041 1751
1042 1321
1042 1355
1042 1742
1043 1170
1043 1847
1044 1126
1044 1920
1045 1108
1045 1311
1045 1613
1045 1941
1046 1963
1047 1062
1047 1111
1047 1197
1047 1208
1047 1422
1047 1493
1047 1601
1047 1686
1047 1837
1048 1111
1048 1492
1048 1846
1049 1200
1049 1390
1050 1280
1050 1479
1050 1716
1050 1862
1051 1134
1051 1428
1052 1429
1052 1767
1053 1360
1054 1170
1054 1393
1054 1477
1054 1741
1054 1895
1054 1957
1054 1977
1054 1990
1055 1831
1057 1090
1057 1146
1057 1572
1057 1762
1057 1772
1057 1901
1058 1934
1059 1263
1059 1405
1059 1502
1060 1674
1061 1278
1061 1634
1061 1801
1061 1879
1062 1144
1062 1329
1062 1480
1062 1530
1063 1284
1063 1386
1063 1659
1063 1888
1064 1146
1064 1347
1064 1465
1064 1640
1064 1692
1064 1766
1064 1784
1065 1431
1066 1591
1066 1747
1066 1874
1066 1973
1067 1403
1067 1513
1067 1565
1068 1250
1068 1519
1068 1985
1069 1359
1069 1987
1070 1973
1071 1359
1071 1404
1071 1628
1071 1646
1072 1356
1072 1656
1072 1807
1072 2000
1073 1152
1073 1497
1074 1246
1074 1324
1074 1427
1074 1504
1075 1464
1075 1572
1075 1986
1076 1590
1076 1815
1077 1099
1077 1100
1077 1295
1077 1376
1077 1520
1077 1910
1077 1934
1078 1224
1078 1309
1078 1315
1078 1401
1078 1485
1078 1488
1078 1922
1078 1983
1079 1266
1079 1777
1079 1910
1080 1720
1080 1814
1081 1093
1081 1204
1081 1327
1081 1336
1081 1562
1081 1739
1081 1928
1081 1990
1082 1361
1082 1491
1082 1697
1082 1762
1082 1917
1083 1411
1083 1937
1084 1113
1084 1585
1085 1101
1085 1103
1085 1620
1085 1922
1086 1464
1086 1656
1086 1759
1087 1331
1087 1452
1087 1518
1087 1823
1087 1837
1087 1890
1088 1426
1088 1525
1088 1526
1089 1693
1089 1878
1090 1507
1091 1526
1091 1960
1092 1146
1092 1305
1092 1732
1093 1553
1093 1781
1093 1893
1093 1995
1095 1429
1095 1730
1095 1971
1096 1147
1096 1774
1096 1800
1096 1829
1097 1394
1097 1537
1097 1927
1098 1379
1098 1796
1098 1837
1099 1280
1099 1329
1099 1377
1099 1771
1099 1855
1100 1201
1101 1200
1101 1335
1102 1246
1102 1548
1102 1759
1102 1806
1103 1235
1103 1241
1103 1956
1104 1171
1104 1200
1104 1338
1104 1758
1104 1910
1105 1148
1105 1282
1105 1530
1105 1560
1105 1942
1106 1296
1107 1183
1107 1313
1107 1513
1107 1670
1108 1160
1108 1428
1108 1643
1108 1691
1108 1815
1108 1962
1110 1202
1110 1358
1110 1670
1111 1510
1111 1663
1111 1759
1111 1930
1112 1354
1112 1429
1113 1497
1113 1672
1113 1805
1113 1905
1114 1333
1115 1116
1115 1165
1115 1366
1115 1438
1115 1709
1115 1739
1115 1956
1116 1533
1116 1596
1116 1740
1117 1270
1117 1479
1117 1938
1118 1159
1118 1613
1118 1658
1118 1668
1118 1728
1118 1997
1119 1131
1119 1169
1119 1309
1119 1943
1120 1225
1120 1344
1121 1266
1121 1579
1121 1602
1121 1781
1122 1999
1123 1600
1124 1355
1124 1589
1125 1150
1125 1159
1125 1267
1126 1160
1126 1674
1127 1244
1127 1347
1127 1359
1127 1630
1128 1204
1128 1709
1128 1828
1129 1258
1129 1333
1129 1556
1129 1806
1129 1859
1129 1910
1130 1772
1131 1404
1131 1775
1131 1886
1131 1926
1131 1995
1132 1209
1132 1517
1133 1135
1133 1241
1133 1659
1133 1889
1133 1955
1135 1325
1135 1329
1135 1380
1135 1487
1135 1553
1135 1605
1135 1972
1136 1166
1137 1163
1137 1248
1137 1451
1138 1475
1138 1572
1139 1394
1139 1754
1139 1755
1140 1260
1140 1465
1140 1786
1140 1877
1141 1157
1141 1421
1141 1440
1141 1478
1141 1594
1142 1197
1142 1325
1142 1456
1142 1651
1142 1669
1142 1930
1143 1475
1143 1654
1144 1310
1144 1320
1144 1473
1144 1737
1144 1874
1145 1515
1145 1536
1145 1582
1145 1626
1145 1863
1146 1500
1146 1565
1146 1725
1146 1771
1146 1916
1146 1926
1146 1964
1147 1459
1147 1472
1147 1578
1148 1351
1148 1368
1149 1522
1149 1544
1149 1646
1149 1923
1150 1395
1150 1683
1150 1824
1150 1924
1150 1976
1151 1250
1151 1381
1151 1610
1151 1678
1151 1903
1151 2000
1153 1717
1153 1754
1153 1809
1154 1554
1155 1802
1156 1555
1157 1174
1157 1547
1158 1396
1158 1961
1158 1989
1159 1302
1159 1303
1159 1707
1159 1773
1159 1970
1160 1251
1160 1799
1160 1827
1160 1857
1161 1210
1161 1347
1161 1702
1161 1834
1162 1180
1162 1302
1162 1927
1163 1321
1163 1447
1165 1354
1165 1609
1165 1934
1165 1939
1165 1940
1165 1996
1166 1633
1166 1712
1166 1889
1166 1916
1167 1908
1169 1213
1169 1242
1169 1302
1169 1875
1170 1545
1170 1879
1171 1248
1171 1253
1171 1490
1171 1894
1172 1192
1172 1262
1172 1523
1172 1915
1173 1303
1173 1316
1173 1373
1173 1494
1173 1634
1173 1852
1174 1503
1174 1559
1174 1879
1175 1345
1175 1565
1175 1566
1175 1671
1175 1774
1175 1823
1175 1974
1176 1368
1176 1617
1176 1858
1177 1573
1178 1469
1179 1382
1179 1774
1179 1810
1180 1513
1180 1762
1182 1327
1182 1562
1183 1189
1183 1313
1183 1387
1183 1652
1183 1816
1183 1944
1183 1948
1184 1322
1184 1371
1184 1561
1185 1272
1185 1768
1185 1835
1185 1846
1186 1439
1187 1532
1187 1587
1187 1773
1187 1860
1188 1339
1188 1431
1188 1540
1189 1306
1189 1630
1190 1325
1190 1999
1191 1195
1191 1510
1191 1973
1192 1351
1192 1774
1193 1372
1194 1323
1194 1711
1194 1829
1194 1906
1195 1390
1195 1591
1196 1322
1196 1439
1196 1503
1197 1643
1197 1740
1197 1963
1198 1350
1199 1698
1199 1852
1200 1373
1200 1421
1200 1477
1200 1590
1200 1730
1200 1876
1200 1894
1201 1433
1201 1591
1201 1728
1201 1853
1201 1932
1201 1979
1202 1318
1202 1430
1202 1825
1203 1582
1204 1416
1204 1443
1204 1998
1205 1650
1205 1707
1205 1846
1205 1861
1206 1366
1206 1394
1206 1526
1207 1329
1207 1333
1208 1281
1208 1320
1208 1332
1208 1497
1208 1642
1209 1761
1210 1252
1211 1307
1211 1333
1211 1515
1211 1649
1213 1246
1214 1478
1214 1500
1214 1620
1215 1251
1215 1281
1215 1636
1215 1899
1216 1305
1216 1590
1216 1628
1217 1541
1217 1617
1217 1726
1217 1752
1217 1772
1218 1744
1218 1784
1219 1600
1219 1965
1219 1969
1220 1281
1220 1487
1221 1565
1221 1573
1221 1654
1221 1814
1221 1829
1221 1942
1222 1310
1222 1712
1222 1879
1223 1421
1223 1432
1223 1516
1223 1612
1223 1963
1224 1673
1225 1605
1225 1775
1226 1319
1226 1455
1226 1591
1227 1424
1227 1519
1228 1318
1229 1596
1229 1819
1230 1288
1230 1453
1231 1396
1231 1416
1231 1520
1231 1619
1231 1641
1231 1820
1231 1915
1232 1366
1232 1547
1232 1633
1233 1719
1233 1755
1233 1779
1234 1679
1234 1705
1234 1754
1234 1760
1234 1817
1234 1892
1235 1803
1236 1686
1237 1466
1237 1677
1237 1706
1237 1719
1237 1761
1237 1975
1238 1573
1238 1705
1238 1806
1239 1270
1239 1768
1239 1878
1239 1886
1239 1991
1240 1749
1240 1867
1241 1369
1241 1699
1242 1655
1242 1804
1243 1256
1243 1306
1243 1601
1243 1688
1243 1831
1244 1314
1244 1374
1244 1732
1244 1901
1244 1912
1245 1323
1245 1838
1246 1649
1246 1733
1246 1810
1247 1266
1247 1508
1247 1638
1247 1800
1247 1860
1247 1989
1248 1278
1248 1382
1248 1406
1248 1980
1249 1422
1249 1621
1249 1725
1249 1732
1250 1339
1250 1377
1250 1621
1250 1710
1251 1496
1251 1865
1252 1424
1252 1945
1253 1702
1253 1845
1253 1936
1254 1385
1254 1402
1254 1530
1254 1889
1255 1566
1255 1736
1255 1873
1256 1646
1256 1789
1256 1910
1256 1911
1256 1940
1257 1536
1257 1548
1257 1666
1257 1792
1257 1814
1257 1851
1258 1353
1258 1590
1258 1886
1259 1336
1259 1372
1259 1811
1259 1893
1259 1979
1259 1981
1260 1774
1260 1898
1261 1507
1261 1662
1261 1824
1262 1576
1263 1437
1263 1630
1263 1764
1263 1870
1264 1308
1264 1474
1264 1756
1264 1919
1265 1639
1265 1897
1265 1939
1266 1301
1266 1618
1266 1757
1266 1774
1267 1379
1267 1717
1268 1490
1268 1556
1268 1596
1268 1888
1270 1756
1270 1842
1271 1684
1271 1798
1272 1514
1272 1584
1272 1620
1272 1662
1272 1981
1273 1948
1274 1413
1274 1678
1275 1399
1275 1761
1276 1495
1276 1530
1276 1560
1276 1767
1277 1396
1277 1405
1277 1750
1277 1892
1278 1284
1278 1379
1278 1387
1278 1570
1278 1984
1279 1390
1279 1564
1279 1732
1280 1564
1280 1602
1280 1607
1280 1744
1280 1806
1280 1846
1281 1296
1281 1321
1281 1375
1281 1512
1281 1555
1281 1839
1282 1595
1282 1935
1283 1854
1284 1288
1284 1445
1284 1556
1285 1615
1285 1713
1286 1311
1286 1731
1286 1932
1287 1410
1287 1589
1287 1678
1287 1907
1288 1332
1288 1561
1288 1624
1288 1698
1288 1725
1289 1511
1289 1974
1290 1970
1291 1439
1291 1658
1292 1477
1292 1590
1292 1721
1293 1670
1294 1335
1294 1782
1294 1811
1294 1836
1294 1962
1295 1366
1295 1582
1296 1370
1297 1369
1297 1794
1297 1818
1297 1906
1297 1935
1298 1416
1298 1751
1298 1787
1298 1852
1300 1460
1301 1738
1302 1647
1303 1363
1304 1484
1304 1607
1304 1811
1305 1423
1305 1672
1306 1669
1306 1773
1306 1950
1307 1739
1307 1807
1308 1327
1308 1816
1310 1533
1310 1821
1310 1964
1311 1452
1311 1509
1311 1911
1312 1379
1312 1380
1312 1648
1312 1792
1312 1877
1313 1465
1313 1530
1313 1617
1313 1874
1313 1956
1314 1443
1314 1750
1314 1753
1314 1957
1315 1444
1315 1548
1315 1916
1316 1617
1316 1633
1316 1745
1317 1543
1317 1674
1317 1722
1317 1798
1318 1495
1318 1797
1319 1465
1319 1485
1319 1920
1320 1727
1321 1350
1322 1371
1322 1533
1322 1709
1322 1786
1323 1668
1323 1865
1323 1945
1324 1409
1324 1430
1324 1470
1325 1442
1326 1527
1326 1529
1326 1732
1326 1785
1326 1934
1327 1345
1327 1624
1327 1860
1327 1922
1327 1976
1328 1396
1328 1888
1329 1554
1329 1602
1329 1627
1330 1899
1330 1972
1331 1927
1332 1721
1333 1470
1333 1521
1333 1688
1334 1512
1334 1847
1334 1914
1336 1456
1336 1851
1336 1855
1336 1873
1337 1495
1337 1885
1338 1404
1338 1607
1338 1685
1338 1700
1339 1340
1339 1769
1340 1675
1341 1355
1341 1442
1341 1840
1341 1998
1343 1377
1343 1448
1343 1794
1344 1410
1344 1731
1344 1827
1345 1409
1345 1803
1346 1430
1346 1876
1346 1912
1347 1537
1347 1606
1348 1991
1349 1629
1349 1795
1349 1933
1350 1397
1351 1450
1352 1729
1352 1770
1352 1811
1352 1834
1354 1579
1354 1653
1354 1803
1356 1561
1356 1939
1358 1458
1358 1514
1358 1526
1359 1756
1360 1786
1361 1460
1361 1525
1362 1520
1362 1659
1362 1712
1363 1704
1363 1974
1363 1981
1364 1501
1365 1896
1366 1390
1366 1723
1366 1955
1366 1965
1367 1547
1367 1781
1368 1511
1368 1588
1368 1709
1370 1465
1370 1874
1371 1486
1371 1777
1371 1803
1372 1407
1372 1454
1372 1955
1374 1586
1375 1440
1376 1527
1376 1689
1377 1485
1377 1564
1377 1767
1377 1895
1378 1666
1378 1899
1378 1991
1379 1843
1380 1471
1380 1496
1380 1652
1383 1760
1383 1834
1383 1959
1384 1669
1384 1839
1384 1845
1384 1916
1385 1641
1385 1724
1385 1981
1386 1621
1387 1402
1387 1408
1388 1894
1388 1938
1389 1676
1390 1657
1390 1801
1391 1658
1391 1768
1391 1946
1392 1778
1393 1513
1393 1633
1394 1531
1394 1754
1395 1490
1395 1583
1395 1973
1396 1445
1396 1568
1396 1620
1396 1831
1397 1425
1397 1801
1397 1911
1398 1527
1398 1533
1398 1590
1399 1991
1400 1666
1400 1715
1401 1512
1401 1619
1402 1442
1402 1493
1402 1523
1402 1782
1402 1828
1402 1882
1404 1600
1404 1633
1405 1757
1405 1918
1406 1637
1408 1465
1408 1790
1408 1988
1409 1526
1409 1854
1409 1867
1410 1487
1410 1655
1410 1816
1411 1562
1411 1589
1411 1663
1411 1816
1411 1880
1412 1795
1413 1685
1413 1765
1414 1607
1415 1523
1415 1573
1415 1577
1415 1933
1416 1767
1417 1713
1417 1785
1417 1821
1417 1925
1418 1597
1418 1636
1418 1711
1418 1869
1418 1962
1418 1978
1420 1506
1420 1638
1420 1646
1421 1490
1422 1846
1424 1510
1424 1683
1424 1760
1424 1804
1424 1834
1425 1597
1426 1867
1426 1910
1426 1987
1427 1617
1428 1520
1428 1802
1428 1964
1429 1462
1429 1833
1430 1506
1430 1621
1431 1480
1431 1929
1431 1998
1432 1995
1433 1498
1433 1558
1434 1970
1434 1977
1434 1986
1435 1936
1435 1980
1436 1646
1436 1651
1436 1713
1437 1572
1438 1588
1438 1738
1438 1993
1439 1722
1439 1994
1440 1477
1440 1498
1441 1978
1442 1807
1444 1514
1444 1667
1444 1911
1445 1658
1445 1674
1445 1903
1445 1950
1446 1671
1446 1904
1447 1670
1447 1846
1448 1985
1449 1598
1449 1610
1449 1820
1449 1827
1451 1601
1452 1473
1452 1521
1452 1707
1453 1928
1454 1570
1454 1624
1455 1866
1455 1920
1455 1942
1456 1802
1456 1803
1456 1943
1457 1783
1457 1842
1458 1576
1459 1753
1459 1973
1460 1516
1460 1860
1460 1946
1461 1843
1461 1909
1463 1671
1463 1795
1463 1850
1463 1909
1464 1515
1464 1794
1465 1789
1465 1849
1466 1685
1467 1706
1467 1964
1468 1719
1468 1910
1469 1471
1469 1656
1469 1876
1471 1666
1472 1473
1472 1519
1472 1796
1472 1937
1473 1573
1474 1478
1474 1558
1474 1680
1474 1711
1474 1734
1475 1538
1475 1555
1475 1731
1476 1560
1476 1702
1476 1717
1477 1501
1477 1911
1477 1966
1477 1989
1478 1630
1478 1698
1478 1974
1479 1535
1479 1608
1479 1991
1480 1499
1480 1571
1480 1803
1481 1557
1481 1629
1481 1809
1481 1853
1482 1946
1482 1970
1483 1525
1484 1509
1484 1910
1485 1693
1485 1696
1485 1712
1487 1599
1487 1632
1487 1803
1487 1917
1487 1957
1488 1580
1489 1946
1490 1590
1491 1912
1492 1525
1492 1661
1493 1567
1493 1663
1493 1819
1493 1899
1493 1953
1495 1559
1495 1654
1495 1731
1495 1761
1495 1771
1496 1674
1496 1924
1497 1851
1499 1755
1499 1803
1499 1844
1500 1907
1501 1839
1501 1941
1502 1694
1502 1915
1503 1718
1503 1855
1504 1800
1505 1596
1505 1753
1506 1591
1507 1576
1507 1937
1508 1509
1508 1983
1509 1571
1509 1906
1511 1967
1512 1646
1512 1706
1512 1944
1512 1946
1513 1753
1514 1622
1515 1755
1515 1769
1516 1701
1517 1930
1517 1990
1518 1811
1518 1926
1519 1549
1519 1831
1520 1660
1520 1887
1520 1894
1520 1909
1520 1954
1521 1744
1521 1883
1523 1957
1523 1958
1524 1732
1526 1705
1527 1640
1527 1908
1529 1554
1529 1946
1530 1735
1530 1922
1531 1640
1531 1818
1531 1898
1531 1977
1533 1627
1533 1841
1534 1762
1534 1817
1535 1608
1535 1849
1536 1632
1536 1654
1536 1867
1537 1637
1538 1644
1540 1799
1541 1643
1542 1562
1542 1701
1543 1658
1543 1962
1547 1928
1549 1624
1551 1662
1551 1730
1551 1739
1552 1922
1553 1581
1553 1806
1554 1980
1555 1824
1555 1843
1556 1631
1556 1720
1557 1946
1559 1630
1559 1826
1559 1854
1559 1920
1560 1572
1560 1586
1560 1629
1560 1876
1561 1563
1561 1750
1561 1805
1561 1957
1562 1564
1562 1844
1564 1942
1566 1849
1567 1808
1568 1582
1568 1588
1568 1821
1568 1935
1568 1978
1569 1595
1569 1609
1569 1804
1570 1960
1571 1737
1571 1755
1571 1789
1572 1711
1572 1822
1573 1649
1573 1873
1573 1929
1573 1953
1574 1875
1575 1682
1576 1709
1576 1955
1578 1665
1578 1755
1578 1756
1578 1839
1579 1638
1580 1701
1580 1711
1581 1944
1582 1774
1582 1798
1582 1962
1583 1969
1585 1657
1585 1705
1587 1941
1588 1705
1588 1787
1588 1953
1589 1719
1590 1722
1590 1746
1590 1854
1590 1925
1591 1593
1592 1642
1592 1757
1593 1696
1593 1770
1593 1861
1595 1694
1595 1830
1595 1904
1595 1947
1596 1601
1596 1728
1596 1848
1596 1897
1597 1692
1597 1801
1597 1966
1597 1984
1598 1648
1598 1925
1600 1654
1600 1934
1601 1795
1603 1983
1605 1617
1606 1694
1606 1880
1606 1953
1607 1715
1608 1730
1608 1787
1609 1648
1609 1894
1609 1995
1610 1794
1610 1828
1610 1907
1611 1727
1611 1830
1611 1948
1612 1848
1613 1657
1613 1742
1614 1824
1614 1933
1614 1972
1615 1699
1616 1862
1617 1655
1617 1754
1617 1865
1619 1746
1619 1801
1619 1893
1620 1835
1621 1865
1622 1693
1623 1792
1623 1832
1623 1897
1624 1652
1624 1664
1624 1920
1624 1952
1625 1708
1626 1631
1628 1849
1628 1978
1629 1722
1630 1862
1630 1927
1631 1797
1633 1686
1634 1802
1634 1971
1634 1987
1635 1749
1635 1906
1636 1911
1637 1997
1638 1714
1638 1904
1639 1704
1639 1793
1640 1731
1641 1702
1642 1811
1643 1839
1644 1707
1644 1714
1644 1725
1644 1929
1645 1879
1646 1681
1646 1683
1648 1722
1648 1893
1648 1933
1650 1782
1650 1999
1652 1920
1652 1929
1652 1933
1655 1908
1660 1943
1661 1683
1661 1924
1662 1732
1662 1944
1662 1949
1663 1667
1663 1979
1664 1894
1665 1878
1666 1836
1667 1697
1667 1754
1670 1747
1673 1768
1673 1777
1674 1899
1675 1868
1676 1794
1677 1709
1678 1760
1678 1828
1678 1841
1678 1928
1680 1681
1680 1797
1680 1811
1680 1979
1681 1749
1684 1822
1685 1708
1685 1871
1685 1884
1685 1954
1686 1931
1688 1763
1689 1839
1690 1855
1693 1700
1694 1712
1694 1890
1694 1923
1697 1717
1698 1899
1699 1801
1699 1826
1700 1749
1703 1826
1703 1839
1703 1883
1704 1968
1706 1710
1706 1980
1708 1935
1709 1766
1709 1980
1711 1712
1711 1914
1713 1715
1713 1979
1714 1912
1714 1927
1715 1833
1718 1730
1718 1827
1720 1870
1721 1806
1722 1855
1724 1796
1724 1836
1725 1766
1725 1906
1725 1913
1726 1852
1728 1809
1728 1829
1729 1951
1732 1871
1734 1961
1737 1854
1738 1795
1739 1906
1739 1992
1740 1808
1740 1911
1743 1974
1745 1983
1749 1869
1750 1910
1750 1996
1751 1782
1751 1808
1751 1875
1751 1885
1754 1836
1756 1802
1756 1881
1757 1807
1758 1929
1760 1849
1762 1801
1762 1832
1762 1977
1766 1885
1766 1891
1766 1928
1767 1962
1769 1995
1773 1775
1773 1828
1774 1776
1775 1953
1777 1813
1777 1851
1778 1803
1779 1878
1780 1900
1781 1814
1781 1848
1781 1866
1782 1844
1782 1943
1785 1839
1786 1795
1786 1827
1787 1813
1787 1872
1787 1995
1788 1979
1789 1947
1791 1968
1794 1797
1794 1905
1796 1817
1796 1916
1796 1941
1796 1946
1797 1825
1797 1877
1798 1801
1801 1910
1803 1880
1804 1855
1805 1827
1806 1864
1807 1969
1807 1988
1809 1911
1809 1920
1810 1922
1814 1844
1815 1967
1819 1845
1821 1898
1821 1922
1821 1971
1823 1937
1823 1940
1823 1965
1826 1963
1828 1946
1836 1887
1838 1846
1839 1863
1840 1947
1841 1894
1841 1934
1846 1870
1846 1961
1848 1890
1849 1996
1850 1995
1851 1869
1851 1907
1852 1903
1853 1970
1854 1912
1855 1961
1855 1987
1856 1949
1858 1983
1859 1921
1860 1980
1861 1991
1864 1930
1867 1963
1868 1928
1869 1898
1874 1913
1874 1965
1875 1918
1876 1913
1877 1886
1878 1895
1878 1986
1881 1893
1881 1901
1881 1981
1885 1933
1887 1960
1887 1992
1888 1936
1889 1903
1891 1909
1891 1924
1891 1977
1895 1973
1904 1912
1906 1919
1909 1987
1910 1982
1915 1934
1917 1965
1919 1967
1921 1997
1922 1951
1929 1930
1932 1993
1934 1992
1937 1951
1943 1969
1947 1977
1957 1958
1960 1974
1962 1996
1970 1989
1973 1998
1988 1992
