2000
1 864
1 1401
2 657
2 1968
3 529
3 1171
4 1807
5 1584
5 1930
6 1708
7 123
8 878
8 1615
9 144
9 388
9 525
9 991
9 1023
9 1412
11 359
12 1281
12 1855
13 617
13 856
13 1283
13 1326
14 1374
15 844
15 1392
15 1686
15 1694
16 172
17 1393
17 1510
18 481
18 751
18 830
18 1002
18 1106
18 1562
19 537
19 911
19 1479
19 1886
20 35
20 532
20 782
20 1144
20 1303
21 136
21 291
21 746
21 1368
21 1430
22 512
22 1959
23 823
23 1582
23 1953
24 185
24 309
24 1119
24 1374
24 1618
25 195
25 237
25 1021
27 329
27 1919
27 1976
28 1661
28 1737
28 1826
29 237
30 76
30 722
30 1299
30 1408
30 1892
31 613
31 836
31 1076
31 1899
32 37
32 476
33 284
33 548
34 270
34 682
34 935
34 1208
34 1743
34 1744
35 1669
35 1849
36 552
36 1178
36 1515
37 1701
38 306
38 1277
39 499
40 928
40 1200
41 708
41 834
41 1762
42 133
42 530
42 1277
43 137
43 694
43 899
43 1094
44 352
44 361
45 163
45 794
45 1104
45 1753
45 1774
45 1797
46 899
46 1903
47 387
47 545
47 1435
48 292
48 1848
50 365
50 1926
51 379
51 902
52 1105
53 659
53 1385
54 236
54 498
54 1876
55 63
55 1253
56 1246
56 1590
57 647
57 997
57 1118
57 1940
58 887
59 526
60 180
60 346
60 1502
61 1571
62 129
62 461
62 628
62 973
62 1010
62 1533
63 325
63 331
63 363
63 367
63 693
63 755
63 1203
64 816
65 390
65 1192
65 1531
65 1742
66 1573
67 333
67 570
67 725
67 1380
68 91
68 799
68 908
68 1477
68 1730
68 1856
69 571
69 746
69 1073
69 1156
69 1485
69 1784
69 1786
70 1643
70 1803
71 1662
72 1503
72 1727
73 455
73 929
73 1058
73 1139
74 665
74 1535
75 831
75 1349
76 477
76 1904
77 156
77 750
77 1444
77 1661
78 172
78 1881
79 92
79 201
79 1530
80 338
80 1020
81 151
81 1293
82 1738
83 99
85 335
85 1505
85 1506
85 1668
85 1758
85 1776
86 210
86 1379
86 1469
87 1345
88 334
88 1197
89 1277
89 1782
89 1904
90 272
90 525
90 836
90 896
90 1421
90 1969
91 1096
91 1372
92 257
92 1840
93 1738
94 600
94 1252
95 557
95 615
95 660
95 1098
97 372
97 1381
98 299
98 473
99 587
99 1956
100 1337
100 1724
101 418
102 160
102 362
102 849
102 1194
103 1110
103 1870
105 918
105 1434
105 1552
106 117
106 1119
106 1673
107 513
107 1275
108 1935
109 177
109 651
109 1675
109 1815
110 1248
111 632
111 1920
112 466
114 926
114 1409
116 141
116 449
116 637
116 1598
116 1691
117 1049
118 218
118 1216
118 1987
119 570
119 730
119 1360
121 562
121 1966
122 153
123 351
124 1898
126 1181
127 1631
127 1967
128 420
128 669
128 718
128 1210
129 1423
130 537
130 1900
131 1419
132 1819
132 1929
133 1059
134 136
134 630
134 695
134 1048
134 1419
135 373
135 1633
136 510
136 929
137 1032
138 315
138 610
138 1890
139 298
139 990
139 994
139 1383
139 1491
140 1368
140 1643
140 1721
141 1416
142 1338
142 1946
143 764
143 1806
144 530
144 1452
144 1990
146 849
146 1537
147 809
147 857
148 315
149 1669
150 1034
151 529
151 972
152 1663
153 1484
154 908
155 1918
156 247
156 902
156 1445
157 880
157 1165
158 509
158 1471
159 1507
160 754
160 1888
161 905
163 1427
163 1476
165 1341
165 1406
166 1336
167 1526
168 669
168 877
168 1209
171 441
171 490
171 1375
171 1469
171 1609
172 662
172 1047
172 1890
172 1971
173 862
173 1426
173 1488
174 1312
175 386
176 1156
177 591
177 1276
178 1911
179 510
180 698
182 626
183 1280
184 1119
185 336
185 382
185 1255
185 1576
187 285
187 298
187 1902
188 825
188 1182
188 1245
189 315
189 1117
189 1335
189 1670
189 1857
190 770
190 1706
190 1751
191 513
191 733
191 1301
191 1399
191 1886
192 576
192 1413
194 294
194 1324
195 597
195 1640
196 725
196 760
196 1527
196 1898
197 1824
200 651
200 979
200 1128
201 741
202 295
202 853
202 965
202 1898
203 397
203 863
203 1100
203 1672
203 1701
204 882
204 1547
205 1318
206 870
206 1739
207 352
207 497
207 1108
207 1166
207 1541
207 1772
208 332
208 1403
208 1779
209 709
209 1533
209 1781
209 1998
210 1173
211 1887
212 1063
214 697
215 525
215 868
215 1552
215 1852
216 513
217 1815
218 563
218 1477
218 1828
219 588
220 1063
221 405
221 1445
222 550
223 534
223 931
223 1538
224 334
224 1174
224 1850
225 335
225 1011
225 1281
225 1452
226 369
226 1359
226 1643
227 431
228 369
228 1268
229 745
229 1269
229 1819
229 1874
230 499
231 259
231 475
232 279
232 1183
232 1570
232 1856
234 1483
235 440
235 987
235 1917
236 247
236 422
236 682
236 1710
238 813
238 1274
238 1343
239 341
239 831
239 844
239 938
239 1341
240 368
241 1187
241 1264
243 1399
243 1462
243 1548
243 1815
244 548
245 1952
246 326
246 1094
246 1367
247 481
247 1811
248 279
249 278
249 415
249 846
249 867
249 1515
249 1708
250 1035
250 1929
251 1394
252 1922
253 291
254 1391
255 1846
256 1684
256 1868
257 1114
257 1330
257 1696
258 432
258 1138
258 1916
260 364
260 1044
260 1416
260 1763
261 348
261 389
261 598
261 1304
262 398
262 934
262 1166
262 1588
262 1842
262 1934
263 363
263 913
263 1611
263 1920
264 1423
264 1656
265 299
265 1577
265 1696
266 772
266 1455
266 1690
266 1769
267 1373
267 1951
268 708
268 805
268 1341
268 1873
268 1993
269 1102
270 1139
271 1855
272 701
272 1485
273 349
274 441
274 1561
274 1768
275 595
275 1724
277 1826
278 863
278 1141
278 1584
279 1039
279 1796
280 533
281 513
281 1711
282 455
282 476
283 1053
283 1760
284 1946
285 699
285 1313
286 629
286 1547
286 1884
287 342
287 1015
288 420
288 900
289 333
289 409
289 1145
290 1036
290 1251
290 1481
290 1489
290 1836
291 773
292 915
292 1450
292 1621
293 1788
294 1046
294 1134
296 374
298 351
298 1295
299 904
299 1025
300 1331
300 1580
300 1792
301 444
301 1720
302 450
302 1017
302 1683
304 674
304 1035
304 1305
304 1428
304 1527
304 1979
305 637
305 1024
305 1444
305 1830
306 545
306 1118
306 1992
307 1568
307 1573
308 999
308 1609
308 1828
308 1888
309 1958
310 993
311 998
311 1382
311 1726
312 1223
312 1940
313 411
313 613
313 649
313 1088
313 1363
314 645
314 884
316 438
316 1813
318 513
318 935
319 751
320 860
320 1328
320 1454
320 1770
321 996
321 1240
321 1298
321 1456
321 1571
322 897
322 1092
322 1187
322 1774
323 804
323 906
324 1006
325 1306
326 691
326 1142
326 1370
326 1374
326 1463
327 1075
328 1148
329 386
329 943
330 487
330 537
330 1569
331 1289
331 1706
331 1989
333 970
333 1641
333 1748
334 844
334 1378
335 1395
335 1513
336 992
337 907
337 1080
338 602
338 1193
338 1260
338 1384
338 1556
339 630
340 1286
341 1935
342 585
343 887
343 1799
344 383
344 807
345 1665
346 627
346 1033
346 1189
346 1418
346 1666
348 712
348 1366
348 2000
349 1291
349 1354
349 1677
351 394
351 926
351 945
351 987
352 680
352 975
352 1095
353 361
353 739
353 840
353 910
355 1072
355 1389
356 527
356 945
357 398
358 381
358 957
358 1082
358 1940
359 1072
359 1258
359 1460
360 1301
361 619
361 725
361 1007
363 1080
363 1218
363 1584
363 1861
363 1955
364 1273
365 1875
366 1601
367 1637
367 1904
368 416
368 1177
369 538
369 1376
369 1938
370 1775
373 418
373 676
373 828
373 937
374 1136
375 1979
376 933
377 571
377 691
377 1164
377 1181
377 1233
377 1725
378 481
379 1332
379 1395
380 1878
382 1661
383 564
383 915
383 1053
384 576
384 1680
385 1037
385 1374
385 1685
386 571
386 965
387 1950
388 438
389 1612
389 1750
390 426
390 1037
390 1892
391 1211
391 1911
392 1746
393 1245
394 661
394 677
394 891
394 1628
394 1703
394 1820
396 972
396 1282
396 1534
396 1659
396 1999
397 1406
397 1525
397 1775
398 1749
399 415
399 481
400 595
400 717
400 1437
400 1975
400 1991
401 408
402 1204
402 1544
404 862
404 1114
404 1133
404 1319
404 1860
404 1949
404 1999
407 1213
408 559
408 667
408 992
408 1159
408 1407
408 1875
410 1460
411 1541
411 1683
412 413
412 1091
412 1256
412 1319
413 922
413 1834
414 1899
415 648
415 1620
416 831
416 945
416 1354
416 1611
416 1709
417 1884
418 1168
419 887
419 1146
420 1408
420 1920
421 876
422 1830
423 1195
424 1142
424 1892
425 998
426 546
427 1658
428 842
428 1781
429 1522
431 777
432 1794
433 494
433 1498
434 1243
434 1749
435 1433
435 1698
436 579
436 963
437 1140
437 1271
437 1844
439 1027
439 1305
439 1962
442 987
442 1548
443 1238
444 1885
445 530
445 928
447 1127
447 1729
448 737
448 1119
448 1664
448 1949
449 613
450 950
451 501
453 758
453 1147
454 923
456 1435
457 546
458 481
458 485
459 599
461 772
463 618
463 979
464 1372
465 1297
465 1361
466 1036
466 1894
467 606
467 1947
469 787
469 803
469 933
469 1062
469 1427
469 1551
469 1621
470 1529
471 504
471 1153
471 1344
471 1583
471 1927
472 654
472 1208
472 1687
477 1134
479 1446
480 580
480 1912
481 1215
482 507
482 1598
483 842
485 489
485 730
485 1705
485 1788
485 1886
486 1776
486 1813
487 889
487 1516
487 1711
488 913
488 1330
488 1440
488 1450
489 1530
491 1686
492 602
494 577
494 811
494 1882
495 815
495 1503
496 523
496 741
496 1432
498 523
498 730
498 1550
499 709
499 1385
499 1775
500 1790
502 636
502 858
502 1067
502 1175
502 1638
504 548
504 1761
505 1515
506 1038
506 1207
508 837
508 1417
508 1614
508 1659
509 1292
509 1707
512 642
512 866
512 1422
513 752
516 939
516 1023
516 1872
519 1091
519 1352
521 1045
521 1646
521 1918
522 1431
522 1890
524 614
524 868
524 937
525 1618
526 1533
529 874
529 1021
531 1481
533 1304
534 585
534 630
535 918
536 615
536 1591
537 561
537 992
537 1289
537 1411
537 1463
537 1824
539 686
539 1716
540 1948
542 620
543 960
543 1059
543 1593
544 716
544 1341
544 1797
546 732
546 1055
546 1222
546 1386
547 606
547 1078
547 1554
548 631
549 1004
550 1526
550 1591
552 1471
553 912
553 977
554 753
554 1324
555 921
557 1288
557 1882
559 580
559 592
559 1254
559 1341
559 1883
559 1899
560 1070
560 1371
561 1919
562 1216
562 1933
563 600
563 1245
564 1521
565 890
566 1334
566 1499
567 1163
567 1194
567 1667
568 629
568 1896
568 1898
569 595
569 619
569 1140
571 929
571 1831
574 1600
574 1974
575 661
575 1255
576 963
576 1446
576 1707
576 1879
577 725
578 1815
578 1914
578 1954
582 1500
582 1778
583 1166
584 1003
584 1107
585 618
585 623
585 1313
587 725
587 1389
587 1477
587 1813
588 1564
590 1116
591 687
591 1836
592 1425
593 781
594 717
594 1096
595 823
596 1655
597 729
599 1019
600 709
601 880
601 1656
601 1893
601 1919
602 1051
602 1056
603 1237
603 1411
604 1146
604 1778
604 1999
605 727
605 1614
605 1824
606 656
606 690
606 932
606 1933
607 1658
608 1693
609 879
609 1507
611 884
611 968
612 1004
612 1525
615 1320
615 1550
616 870
616 1034
616 1102
617 1087
618 1955
619 977
619 1984
620 912
620 1577
620 1939
621 921
621 1544
622 1448
623 1307
624 1182
624 1659
625 1519
626 1253
626 1281
627 1804
628 947
628 1718
628 1725
628 1896
629 1867
630 1070
630 1095
633 902
634 1495
635 727
636 642
636 798
636 941
636 951
636 1670
636 1753
637 1299
638 1157
638 1224
638 1959
639 1448
640 1911
641 964
641 1828
643 1307
643 1327
643 1546
643 1857
644 1071
646 1251
646 1755
647 1587
647 1631
648 1472
648 1540
649 1526
649 1963
650 1308
650 1774
650 1943
651 1765
652 925
652 1427
652 1747
653 900
653 1196
653 1355
653 1363
654 1694
654 1712
655 764
655 913
655 1365
655 1706
657 1510
658 778
658 1959
659 858
660 1761
661 1973
662 1225
663 776
663 788
663 845
663 1914
664 1719
665 1017
665 1769
666 1972
667 749
668 949
669 861
671 1437
671 1885
672 884
672 954
672 1149
672 1760
673 1034
674 884
674 1470
674 1703
675 1227
675 1838
676 1481
676 1540
676 1653
677 687
677 1456
677 1884
678 1176
679 1471
680 1559
680 1771
681 882
681 1437
683 1210
684 827
684 1938
685 1164
686 1548
687 1544
687 1929
689 1324
689 1520
689 1844
690 768
691 1193
691 1829
692 1032
692 1094
692 1403
692 1482
693 1308
695 845
695 1983
696 940
696 1078
696 1951
697 923
698 992
698 1144
700 1183
700 1984
701 1156
701 1559
702 1405
702 1460
702 1570
703 1278
704 1471
705 1086
705 1383
706 1412
706 1795
706 1950
707 950
709 1295
710 1781
710 1827
711 944
713 1796
715 1598
717 1355
717 1453
717 1902
717 1914
718 766
718 1800
718 1845
719 854
719 953
720 1361
720 1617
720 1631
723 898
723 1597
723 1874
725 1270
725 1493
725 1722
726 732
726 944
726 1691
726 1881
727 851
728 1498
731 1051
732 1701
734 736
734 1401
735 885
735 1183
735 1225
735 1623
736 1684
736 1695
737 840
738 989
738 1022
738 1958
739 755
739 1844
741 836
741 1818
741 1915
742 1182
742 1653
742 1694
742 1707
743 887
744 854
744 1695
745 1241
745 1473
746 801
746 1956
748 1700
749 1075
749 1634
750 1989
752 1800
753 1836
754 1951
755 880
755 1891
756 1750
757 999
759 1527
760 1565
760 1620
761 1467
763 1401
763 1752
764 1166
764 1591
765 1140
765 1410
765 1490
766 1011
767 1551
767 1644
768 1104
769 839
769 958
770 1472
770 1968
771 936
771 1065
771 1202
771 1745
772 1252
773 1605
774 1106
774 1174
776 1584
777 906
777 1040
777 1196
778 1770
778 1777
779 1663
779 1937
781 950
781 1488
781 1492
782 1535
785 789
785 1198
786 1102
789 1143
790 1366
790 1587
791 1466
792 873
794 1005
794 1975
795 1405
796 833
796 954
796 1118
796 1268
796 1825
797 1838
801 828
801 952
801 1352
802 1281
802 1327
802 1746
802 1832
803 980
804 1040
805 811
805 945
808 1169
809 818
809 1476
810 1500
811 1420
812 922
812 1480
813 1313
814 1024
815 1074
815 1840
816 838
817 1412
817 1733
818 974
818 1544
819 1005
820 1208
820 1916
821 863
822 1008
822 1563
823 864
823 954
824 1708
825 974
825 1449
826 1253
827 1810
829 1580
829 1622
832 1318
832 1655
832 1886
833 907
833 2000
835 1149
836 1223
836 1747
837 1386
837 1746
839 1135
839 1654
839 1968
840 1885
841 1485
842 1286
843 1133
843 1329
843 1795
844 1004
845 1911
846 939
846 956
846 1408
846 1693
847 1054
847 1447
847 1491
848 935
848 1557
848 1701
849 1024
850 1410
851 1504
851 1579
851 1789
852 1153
853 861
854 1641
855 1772
856 959
856 1813
857 947
857 1578
859 1350
860 1362
861 1759
862 1605
862 1883
863 1398
864 949
864 991
864 1484
866 1547
867 1661
870 1062
871 1199
871 1316
871 1673
871 1952
872 1677
873 1403
873 1431
873 1910
874 1467
874 1784
876 911
877 882
877 1034
878 1430
880 1141
880 1442
880 1506
880 1742
881 996
881 1413
882 1198
882 1781
882 1851
883 1746
884 1076
886 1547
886 1967
887 1893
888 1445
888 1712
889 1226
889 1409
889 1923
891 1519
892 1431
893 1845
893 1894
893 1984
894 1361
895 1115
897 1336
897 1989
897 1993
898 1003
899 1816
900 957
900 1873
901 980
901 1538
902 1314
902 1372
902 1401
903 1414
903 1816
904 1028
904 1148
905 1909
908 1479
908 1689
908 1748
908 1874
909 1736
911 1084
912 1300
912 1481
912 1637
912 1836
913 1981
916 1419
917 1271
919 1479
920 984
920 1942
921 1140
922 953
923 1583
924 1178
924 1681
924 1886
925 1578
926 1797
926 1896
927 1173
927 1504
927 1760
928 1046
928 1281
928 1858
929 1224
929 1708
930 1079
930 1469
930 1605
931 1910
931 1980
932 1412
934 960
934 1429
935 1703
935 1966
935 1997
936 1401
936 1687
937 1066
939 1080
939 1411
940 1344
940 1726
940 1919
940 1964
941 1943
942 1047
942 1767
943 1770
945 1554
947 1070
947 1517
947 1653
947 1893
947 1911
949 1548
952 1512
952 1638
952 1713
953 1310
953 1690
957 1692
958 1059
958 1792
959 1181
961 1257
961 1280
961 1345
961 1398
962 970
962 1661
964 1351
964 1447
965 1476
968 1194
969 1543
969 1888
972 1578
974 1180
974 1358
974 1892
975 1077
976 1100
977 1838
978 1044
978 1292
980 1225
980 1640
981 1138
981 1251
982 1122
983 1977
984 1570
985 1432
987 1582
988 1056
990 1951
991 1201
992 1448
993 1735
995 1957
997 1285
999 1290
1000 1774
1002 1142
1002 1851
1003 1211
1003 1981
1004 1231
1005 1243
1005 1944
1008 1097
1008 1794
1009 1037
1009 1395
1011 1434
1012 1016
1014 1457
1015 1516
1015 1778
1016 1409
1016 1718
1017 1508
1018 1310
1020 1451
1022 1118
1024 1296
1025 1687
1026 1205
1026 1288
1026 1986
1028 1408
1028 1973
1029 1245
1031 1066
1032 1355
1033 1316
1035 1191
1036 1747
1038 1656
1039 1162
1040 1814
1042 1520
1044 1153
1045 1768
1046 1168
1046 1303
1047 1273
1048 1443
1050 1363
1051 1467
1052 1087
1053 1080
1053 1860
1054 1484
1054 1987
1056 1336
1056 1629
1057 1716
1058 1484
1059 1163
1059 1612
1060 1778
1061 1914
1063 1301
1063 1872
1064 1139
1064 1142
1065 1310
1066 1933
1067 1137
1067 1180
1067 1298
1067 1992
1068 1303
1068 1697
1069 1483
1072 1635
1075 1462
1075 1627
1077 1721
1079 1105
1081 1523
1082 1745
1083 1095
1084 1450
1084 1709
1085 1087
1085 1318
1085 1703
1086 1915
1087 1731
1089 1359
1089 1366
1090 1406
1091 1987
1095 1101
1098 1922
1099 1664
1100 1300
1100 1684
1101 1433
1102 1285
1103 1378
1104 1362
1104 1959
1106 1310
1107 1138
1107 1311
1107 1902
1108 1996
1109 1648
1110 1360
1113 1473
1114 1285
1115 1420
1116 1238
1116 1522
1117 1677
1123 1518
1123 1615
1123 1793
1123 1969
1124 1746
1125 1348
1126 1579
1136 1189
1136 1250
1136 1489
1137 1572
1138 1511
1138 1782
1141 1508
1141 1835
1144 1215
1145 1303
1145 1474
1147 1411
1147 1487
1148 1214
1149 1498
1150 1479
1150 1858
1153 1172
1154 1423
1154 1500
1156 1940
1157 1400
1157 1522
1157 1574
1158 1798
1159 1451
1161 1526
1163 1433
1164 1470
1164 1481
1165 1501
1166 1973
1167 1516
1168 1588
1169 1202
1169 1434
1169 1714
1169 1794
1169 1940
1169 1960
1169 1961
1170 1399
1171 1659
1171 1843
1172 1920
1173 1605
1173 1855
1174 1407
1177 1968
1179 1209
1179 1891
1181 1227
1181 1552
1181 1894
1182 1444
1182 1451
1183 1368
1185 1897
1189 1461
1189 1858
1190 1553
1190 1956
1191 1243
1191 1641
1195 1311
1196 1699
1197 1374
1199 1221
1201 1430
1202 1690
1204 1248
1204 1631
1205 1269
1209 1853
1210 1604
1212 1592
1213 1467
1213 1528
1214 1807
1215 1347
1217 1543
1220 1476
1220 1555
1221 1874
1222 1230
1224 1970
1226 1306
1227 1315
1230 1461
1233 1761
1234 1927
1235 1898
1236 1311
1238 1251
1239 1907
1239 1985
1241 1282
1241 1851
1243 1654
1244 1386
1245 1325
1246 1457
1246 1629
1250 1648
1250 1669
1251 1927
1252 1471
1253 1512
1253 1530
1254 1841
1255 1380
1255 1498
1256 1637
1258 1412
1258 1488
1259 1515
1259 1965
1260 1934
1261 1863
1262 1426
1262 1469
1262 1660
1265 1946
1266 1444
1266 1467
1267 1356
1268 1294
1268 1722
1268 1946
1271 1298
1271 1626
1272 1402
1273 1827
1274 1333
1274 1430
1274 1440
1276 1901
1277 1506
1277 1583
1278 1493
1278 1638
1279 1434
1279 1809
1280 1727
1280 1889
1280 1959
1282 1980
1283 1859
1285 1971
1286 1616
1286 1885
1287 1384
1288 1648
1288 1688
1290 1438
1291 1740
1291 1843
1291 1982
1299 1868
1300 1867
1301 1576
1301 1731
1302 1752
1303 1464
1303 1602
1305 1762
1307 1775
1307 1832
1311 1314
1317 1413
1317 1504
1323 1593
1334 1483
1338 1700
1342 1682
1342 1862
1343 1554
1344 1388
1344 1473
1348 1370
1350 1481
1350 1832
1352 1784
1355 1359
1355 1550
1357 1448
1361 1675
1361 1795
1361 1983
1364 1436
1364 1602
1365 1957
1368 1974
1369 1630
1369 1796
1372 1892
1373 1465
1374 1954
1376 1635
1379 1948
1381 1407
1385 1591
1386 1472
1386 1582
1390 1626
1391 1558
1391 1638
1391 1927
1392 1732
1392 2000
1394 1541
1394 1720
1395 1867
1396 1580
1396 1786
1396 1804
1398 1501
1401 1430
1402 1475
1404 1815
1405 1514
1405 1558
1406 1407
1406 1984
1407 1687
1409 1689
1409 1878
1410 1633
1411 1623
1411 1726
1412 1548
1412 1571
1412 1706
1415 1862
1417 1583
1417 1749
1419 1820
1419 1838
1420 1847
1421 1775
1422 1801
1423 1785
1424 1669
1424 1678
1424 1962
1426 1794
1428 1666
1428 1668
1432 1866
1432 1951
1433 1657
1434 1486
1436 1499
1436 1962
1437 1487
1437 1679
1437 1757
1438 1801
1438 1928
1438 1975
1439 1968
1441 1450
1444 1627
1445 1730
1445 1789
1447 1690
1448 1992
1451 1727
1452 1607
1453 1672
1456 1907
1459 1692
1459 1889
1461 1472
1461 1927
1462 1818
1465 1953
1466 1728
1467 1891
1468 1542
1468 1748
1468 1867
1469 1550
1471 1764
1472 1995
1473 1630
1473 1841
1474 1772
1476 1841
1477 1663
1478 1527
1483 1902
1485 1545
1485 1855
1485 1899
1486 1896
1488 1802
1491 1589
1491 1761
1493 1567
1496 1695
1497 1632
1497 1633
1497 1688
1498 1533
1499 1653
1499 1682
1499 1750
1500 1508
1500 1706
1502 1559
1503 1548
1503 1578
1503 1589
1504 1687
1506 1800
1509 1792
1510 1713
1510 1854
1511 1581
1511 1797
1516 1990
1525 1610
1527 1729
1527 1931
1533 1732
1533 1899
1534 1721
1535 1808
1537 1860
1538 1578
1539 1836
1540 1548
1547 1950
1550 1979
1580 1779
1582 1730
1582 1968
1584 1594
1587 1891
1590 1834
1591 1734
1593 1774
1595 1743
1595 1874
1596 1721
1603 1723
1604 1916
1607 1705
1607 1969
1613 1845
1613 1996
1616 1758
1616 1774
1620 1755
1620 1894
1624 1829
1628 1849
1632 1634
1632 1871
1633 1918
1634 1772
1634 1922
1637 1737
1639 1795
1640 1664
1641 1807
1641 1832
1643 1912
1652 1738
1654 1992
1660 1812
1663 1797
1666 1849
1671 1826
1671 1854
1673 1800
1676 1705
1679 1881
1687 1835
1688 1799
1694 1826
1698 1771
1698 1978
1702 1735
1702 1893
1704 1988
1707 1803
1707 1809
1709 1936
1710 1722
1710 1807
1712 1827
1713 1773
1714 1832
1715 1768
1715 1990
1716 1943
1722 1806
1724 1789
1731 1829
1732 1988
1732 1989
1738 1795
1738 1893
1744 1753
1745 1765
1746 1801
1748 1927
1761 1958
1762 1809
1763 1885
1765 1833
1767 1891
1769 1873
1771 1861
1773 1784
1773 1978
1775 1998
1777 1857
1781 1990
1793 1969
1797 1912
1802 1983
1812 1980
1814 1866
1818 1830
1824 1895
1829 1911
1830 1839
1836 1956
1839 1959
1842 1924
1848 1865
1854 1995
1857 1954
1865 1912
1872 1899
1874 1950
1878 1879
1885 1921
1894 1946
1901 1928
1903 1909
1903 1911
1911 1953
1912 1962
1923 1996
1923 1999
1936 1992
1936 1999
1966 1968
1987 1990
