2000
1 1335
2 1657
3 42
4 1456
5 90
5 1271
6 630
7 372
7 1945
9 1172
10 70
10 206
10 1731
11 1866
12 930
15 1153
15 1285
18 1732
19 131
19 164
19 1719
20 654
20 1370
21 129
21 1715
21 1959
22 491
22 1056
22 1596
22 1872
23 684
24 289
24 311
25 859
25 881
25 1094
27 120
28 1646
34 1289
35 547
35 1850
36 179
37 1908
37 1973
38 415
39 890
39 1147
40 241
41 1059
41 1387
41 1398
42 770
43 189
43 348
43 607
46 1703
50 175
50 1927
51 1080
51 1499
52 1206
53 380
53 1298
54 432
55 408
55 476
55 575
55 1386
56 159
58 1430
60 1526
60 1778
61 127
61 1954
62 988
63 1976
65 803
66 757
66 1036
66 1656
67 827
68 668
68 1396
69 870
69 1168
69 1218
71 950
71 1225
72 387
72 1256
73 427
73 585
73 1842
74 1059
75 485
76 837
77 159
78 188
79 1153
79 1494
80 1425
80 1814
82 548
83 200
83 1559
85 277
85 698
85 732
85 997
85 1004
85 1457
85 1503
86 1065
87 1411
88 739
89 895
89 1172
89 1494
89 1683
90 824
90 1757
91 223
94 515
95 259
95 428
96 1765
99 128
100 460
101 295
101 1599
102 734
103 1478
103 1675
104 1115
104 1277
104 1524
105 443
107 910
107 1984
110 325
110 851
112 308
114 490
115 474
117 734
118 763
118 962
119 840
120 1570
120 1653
122 1612
123 1535
123 1826
126 507
126 1974
127 819
127 827
129 1440
129 1735
130 328
130 1472
130 1868
132 350
132 454
133 1736
134 1184
134 1253
134 1342
136 1214
137 596
139 881
139 1944
141 239
141 1976
142 325
144 282
144 1834
145 808
145 1978
146 178
148 807
148 1258
149 378
150 714
151 940
152 740
153 609
153 990
153 1829
154 724
154 1059
154 1845
155 869
155 1442
156 939
156 1056
156 1361
156 1739
157 1161
158 1111
161 1516
163 248
165 364
165 633
168 283
168 1105
169 626
169 1757
169 1898
170 1825
171 721
173 607
174 1664
175 204
175 1215
175 1230
175 1450
178 502
178 577
178 593
179 475
179 1797
180 243
181 275
181 897
182 922
182 1993
183 870
183 1724
183 1812
186 664
187 1484
188 596
189 719
191 1334
191 1993
192 1811
193 862
193 1311
194 1293
198 1852
200 1148
204 769
204 1656
205 822
205 1904
206 1605
207 1060
208 895
209 1354
211 885
212 1140
214 863
217 1270
222 353
222 1352
226 400
226 1708
227 1623
229 911
230 729
232 1347
233 1489
233 1774
234 742
234 1788
236 1182
237 869
237 1271
238 767
238 1633
242 349
243 797
243 1785
244 783
245 1293
245 1518
249 984
249 1875
250 1028
250 1061
252 1973
254 1559
255 1961
256 1379
259 1657
260 1228
261 1730
262 452
262 1108
263 1465
264 791
267 720
267 1072
268 533
270 310
270 601
270 668
270 1205
272 1913
273 591
273 702
276 562
276 1027
276 1577
277 582
278 1353
278 1749
279 469
279 1900
279 1978
280 1873
281 1590
285 1362
285 1464
286 1133
286 1746
288 1047
290 1573
291 1113
293 1360
294 740
294 814
296 978
297 534
301 1192
301 1373
303 311
303 578
303 1623
304 1052
304 1488
305 774
306 453
307 665
307 1380
308 701
309 1720
311 1662
312 841
312 1196
312 1681
313 475
314 669
314 1093
314 1298
315 1756
316 419
317 876
318 1765
320 1997
321 1981
323 1818
324 698
325 1031
325 1727
325 1912
326 1919
328 907
331 490
331 876
334 517
336 472
336 1411
336 1852
336 1942
337 1640
339 1392
339 1770
339 1906
342 818
343 1302
344 947
344 1386
344 1439
346 1098
347 380
347 399
347 1307
347 1613
348 875
349 393
349 732
350 936
350 1794
351 739
353 1377
354 1012
356 549
356 680
358 1460
359 1116
359 1629
362 1819
366 841
367 1262
368 1348
371 398
373 410
374 1075
375 883
378 824
378 1390
380 688
380 1113
380 1182
380 1338
381 816
381 1854
382 787
383 749
386 705
386 767
386 940
386 1205
387 536
387 827
388 1180
390 1247
390 1775
391 1932
392 1014
392 1547
392 1648
392 1752
394 1651
396 1578
399 721
402 846
402 1166
403 670
403 729
403 761
404 564
404 1727
405 444
406 1546
409 565
409 847
410 1124
410 1602
412 1915
413 471
416 1399
418 1809
418 1882
419 1314
419 1636
420 1135
420 1354
420 1521
422 666
422 1887
424 1288
424 1359
425 629
426 1427
428 1504
428 1784
429 1071
429 1643
430 748
430 1543
431 656
431 1549
434 805
434 1335
436 1123
437 972
437 1675
438 447
438 1781
439 1307
441 749
441 1048
442 1258
443 905
444 987
444 1824
445 696
446 1681
449 1073
449 1674
452 1088
452 1424
452 1838
452 1902
453 1636
454 889
454 1265
456 1734
457 573
457 1351
458 1139
460 1252
461 1967
462 485
464 1689
465 1178
467 1260
468 1485
468 1758
469 1902
471 529
472 1124
473 933
475 1223
475 1530
477 992
477 1042
477 1904
478 1364
479 540
480 854
482 639
483 492
483 1920
489 596
494 1879
495 1227
495 1229
497 1604
498 1123
498 1289
498 1677
500 1725
507 1461
508 1431
508 1777
509 1007
510 511
510 843
512 935
512 962
512 966
512 1226
512 1960
513 1839
514 986
515 1390
515 1629
515 1795
518 1202
519 1291
521 603
525 1582
527 1484
527 1696
530 1216
531 1408
532 986
534 823
534 1372
538 928
538 986
540 553
540 1871
541 1238
543 1381
545 579
546 1165
546 1472
547 710
547 1085
547 1166
547 1449
551 1880
553 1926
555 826
555 1297
559 695
560 1326
560 1753
561 1052
561 1511
563 1547
565 607
566 1975
568 743
571 1897
572 713
572 1743
574 1700
575 1394
575 1568
578 890
578 1113
578 1339
578 1797
579 1829
579 1924
581 1332
582 842
584 1385
587 748
587 952
587 1150
588 1690
590 1426
590 1863
591 1235
595 1293
596 876
597 1296
598 1148
598 1377
600 830
602 684
602 1737
604 1487
605 1436
606 763
607 1412
608 1325
609 1128
609 1746
610 1189
610 1383
611 942
611 1012
612 1033
612 1587
613 1746
615 736
615 1564
616 966
618 1551
621 789
621 1469
621 1802
624 1091
625 678
628 1175
634 946
634 1249
635 1052
635 1745
636 1204
636 1881
638 1938
639 988
640 1262
641 1849
642 748
643 1835
644 1166
646 701
647 707
648 1509
650 1681
652 1444
654 832
654 1145
655 957
656 901
658 1740
659 742
659 1363
660 1172
660 1683
662 1744
662 1951
663 786
666 1320
667 1006
667 1728
667 1790
669 873
670 730
670 1468
675 1990
679 1913
680 1864
683 707
683 1509
683 1648
684 1911
686 1934
688 1147
688 1591
690 1968
692 1564
692 1757
694 1854
696 929
696 1066
697 861
699 845
700 706
700 1853
702 1805
704 832
704 1219
706 1555
710 1367
713 1301
714 1502
715 1334
717 719
717 1255
718 1744
720 1378
725 1959
726 1035
726 1215
727 884
727 1733
731 1266
734 852
735 1345
739 1677
740 935
741 949
741 1963
744 1652
745 1718
747 1240
750 1082
750 1549
750 1920
751 1488
752 1144
752 1517
754 1595
757 1317
759 1941
760 1848
761 1919
762 1120
762 1457
763 1512
768 805
768 1941
769 1423
770 1933
771 1160
771 1252
771 1288
771 1378
773 1528
774 1628
777 983
777 1749
779 1727
779 1922
780 1245
781 937
782 1758
783 1489
784 1764
786 1688
794 1296
795 1871
796 1125
796 1660
800 1885
805 1136
805 1505
808 1835
808 1846
810 1405
810 1496
812 1814
815 1686
818 857
818 1380
818 1668
818 1919
819 1410
819 1550
821 1780
823 1053
824 845
826 1348
828 1553
831 1010
831 1228
831 1702
832 1093
832 1821
833 1100
834 1617
835 1316
835 1569
835 1776
836 1334
837 881
838 945
838 1163
838 1541
838 1900
841 982
841 1036
841 1250
841 1574
841 1666
847 1457
848 1262
848 1507
850 1473
855 1264
857 1527
864 1179
866 1482
866 1744
869 938
870 1116
870 1608
873 1006
873 1432
873 1991
875 1714
876 1941
877 1548
877 1954
878 1013
878 1864
882 1484
882 1714
886 1193
888 1327
888 1432
890 1325
894 1390
895 1427
896 1176
897 1998
900 1492
901 1342
903 1195
904 1960
907 1133
908 1126
910 1178
911 1039
911 1320
911 1459
912 945
912 1221
912 1260
913 1972
916 1716
919 1644
920 1274
921 1832
923 1372
925 1940
929 1496
929 1841
931 1218
935 1811
936 1948
937 1743
938 1008
941 1083
942 1027
949 1346
950 1026
953 1278
953 1354
955 1076
956 1231
956 1679
958 1912
959 1244
959 1751
960 997
960 1861
963 1311
963 1657
966 1378
970 1952
971 1132
973 1867
975 1442
977 1395
980 1780
980 1999
983 1071
985 1585
986 1869
987 1541
987 1932
990 1573
995 1259
996 1345
998 1809
1002 1435
1007 1216
1008 1411
1012 1308
1014 1955
1015 1026
1015 1088
1015 1526
1018 1642
1019 1655
1021 1271
1022 1860
1025 1371
1025 1802
1025 1900
1026 1226
1026 1628
1028 1482
1028 1694
1029 1816
1032 1147
1034 1311
1035 1370
1036 1885
1037 1237
1037 1625
1040 1340
1042 1808
1042 1930
1044 1753
1046 1072
1046 1843
1047 1978
1048 1192
1051 1099
1058 1822
1059 1138
1060 1358
1062 1183
1063 1188
1065 1440
1066 1885
1073 1527
1076 1112
1076 1864
1077 1487
1077 1899
1077 1903
1082 1675
1082 1956
1084 1140
1090 1486
1090 1640
1090 1737
1091 1267
1093 1859
1094 1832
1095 1097
1096 1800
1097 1192
1101 1350
1102 1470
1102 1795
1103 1911
1104 1503
1105 1219
1107 1301
1107 1506
1107 1535
1108 1326
1112 1938
1114 1176
1115 1623
1118 1332
1119 1394
1119 1782
1123 1449
1130 1456
1131 1301
1135 1914
1138 1423
1141 1184
1141 1380
1141 1822
1142 1197
1142 1273
1144 1570
1145 1644
1153 1192
1153 1723
1155 1924
1158 1661
1164 1801
1165 1405
1165 1796
1166 1761
1167 1225
1171 1461
1171 1800
1173 1898
1177 1240
1177 1431
1181 1336
1183 1600
1183 1712
1188 1624
1189 1642
1190 1820
1192 1677
1193 1752
1194 1229
1195 1313
1195 1569
1195 1699
1200 1954
1201 1693
1201 1979
1205 1430
1205 1972
1206 1231
1213 1808
1214 1669
1215 1515
1216 1948
1219 1270
1220 1520
1221 1734
1230 1750
1231 1325
1236 1518
1236 1802
1238 1790
1241 1340
1244 1913
1250 1879
1254 1520
1259 1316
1265 1268
1269 1317
1273 1518
1278 1389
1283 1908
1288 1790
1290 1629
1291 1735
1293 1589
1294 1308
1296 1303
1296 1334
1298 1397
1298 1720
1299 1553
1300 1852
1301 1321
1306 1602
1307 1802
1311 1371
1312 1363
1318 1375
1322 1351
1322 1669
1324 1651
1336 1412
1336 1655
1338 1576
1340 1588
1343 1753
1345 1906
1346 1900
1349 1882
1354 1761
1355 1374
1358 1437
1359 1797
1365 1817
1366 1420
1367 1458
1369 1933
1370 1437
1372 1941
1377 1392
1385 1979
1391 1952
1395 1832
1401 1510
1402 1539
1402 1953
1403 1775
1405 1590
1409 1787
1422 1921
1427 1816
1428 1476
1428 1758
1430 1435
1432 1468
1433 1505
1434 1945
1442 1671
1442 1707
1445 1707
1450 1753
1453 1918
1460 1465
1462 1514
1465 1498
1466 1992
1481 1695
1489 1880
1495 1838
1497 1537
1497 1846
1501 1998
1515 1857
1517 1874
1522 1650
1524 1796
1524 1847
1525 1533
1525 1655
1528 1596
1534 1728
1544 1912
1551 1682
1556 1831
1564 1860
1566 1808
1566 1843
1567 1575
1569 1916
1569 1929
1570 1574
1574 1642
1574 1780
1575 1653
1575 1733
1578 1826
1580 1609
1585 1803
1586 1882
1587 1770
1591 1958
1594 1742
1598 1651
1599 1668
1600 1885
1603 1606
1611 1773
1612 1615
1612 1639
1616 1675
1622 1730
1633 1962
1634 1730
1636 1804
1637 1668
1643 1792
1660 1719
1660 1802
1662 1676
1665 1994
1666 1896
1676 1726
1683 1989
1693 1729
1694 1711
1701 1792
1706 1857
1708 1761
1710 1736
1731 1923
1744 1945
1761 1855
1764 1801
1774 1863
1779 1948
1781 1814
1781 1966
1815 1902
1818 1973
1831 1918
1836 1854
1837 1953
1843 1928
1848 1959
1865 1934
1876 1878
1883 1906
1886 1987
1898 1903
1911 1926
1917 1953
1939 1952
1962 1988
1982 1989
