2000
2 75
4 253
6 136
7 1276
7 1462
8 413
8 957
10 167
10 1505
11 200
12 1223
13 734
14 1423
15 864
18 1413
18 1791
19 88
20 1272
21 241
21 483
22 865
22 1013
22 1305
23 1578
23 1976
24 1496
25 848
27 858
29 110
33 1192
34 128
34 1637
37 960
39 1062
40 1365
40 1920
41 1905
42 819
43 1351
43 1558
45 1309
46 133
47 678
49 569
49 1151
50 626
50 1216
52 1919
53 426
53 1947
55 1720
56 846
56 1857
57 964
58 1713
59 1231
61 911
61 1242
61 1506
61 1857
62 1223
62 1598
62 1857
64 97
65 1807
67 1781
68 277
69 340
74 808
75 207
77 1580
78 850
86 1646
88 658
90 1805
91 407
91 866
91 1465
92 331
92 738
93 1872
95 1155
97 276
97 1712
98 1840
99 1914
102 1311
102 1481
103 673
104 171
104 946
104 1803
105 1443
106 1724
108 582
109 593
110 1530
110 1972
111 1166
112 1202
112 1794
113 151
114 421
114 1431
116 787
121 136
121 1890
123 1785
128 483
134 1899
135 731
135 1028
136 221
136 295
136 1262
136 1881
137 1901
138 1046
139 677
143 347
148 1432
148 1756
149 178
149 1097
152 1165
154 1248
155 564
156 1762
157 1187
157 1354
160 969
163 373
165 907
166 413
166 1521
170 1758
170 1903
172 306
174 1833
178 695
178 956
182 1357
182 1610
183 836
183 1331
185 921
186 1346
190 1826
192 704
193 1131
195 1548
197 289
197 1783
198 1318
200 443
200 1682
201 560
202 850
202 1263
202 1363
203 721
204 1855
207 222
207 1342
208 1781
211 1804
213 893
213 1495
213 1794
217 1619
219 726
219 1051
221 1142
223 1444
225 1117
227 698
229 1266
230 1861
232 371
232 819
233 330
234 567
235 1075
236 333
236 393
236 1052
236 1364
236 1484
237 593
237 1407
239 1607
239 1991
240 373
243 1469
247 511
248 1391
249 1307
250 568
251 834
252 1193
253 1156
254 1493
255 1482
256 395
256 1894
257 1119
261 1612
261 1636
262 579
262 744
264 806
265 1101
266 1023
267 1620
268 1486
268 1561
269 1690
269 1932
270 1069
270 1162
272 355
273 747
274 600
276 1378
279 877
280 985
283 1038
283 1923
284 1120
284 1904
285 1363
285 1998
287 507
287 531
288 496
289 341
289 1140
289 1432
290 1994
291 1090
293 1947
295 910
296 1069
298 1909
299 394
300 1874
302 337
302 920
302 1073
303 1444
304 1274
304 1341
305 933
305 955
305 1999
306 1417
306 1453
310 959
310 1809
311 330
312 697
317 1753
320 1211
321 1894
322 850
323 1671
324 631
325 494
325 894
328 576
329 501
329 695
329 1571
329 1829
332 1929
333 1509
337 1446
338 1589
340 1509
342 1612
343 995
343 1881
345 595
345 1057
347 1029
348 898
348 1605
348 1763
350 1851
351 1422
354 452
357 1376
358 1903
360 477
361 976
367 1658
370 1080
374 1260
375 1096
375 1900
376 1782
377 1910
377 1996
379 570
379 1572
380 876
381 1670
382 581
382 1729
383 1599
384 1274
384 1415
385 863
386 593
386 1044
386 1098
387 544
388 1613
389 1495
390 637
391 857
392 598
392 855
393 1714
393 1798
399 657
399 1231
401 1817
403 546
407 1593
408 787
408 848
412 1731
416 673
416 1787
417 778
417 1784
418 1435
422 1675
424 960
424 1629
424 1707
425 935
427 877
427 1450
429 1609
429 1809
432 1022
432 1578
432 1811
434 831
435 1291
436 1343
438 1865
439 1669
439 1837
445 1221
446 1091
446 1937
447 720
449 1954
451 1134
451 1398
452 968
452 1827
454 1472
455 903
456 879
456 1394
459 808
460 892
460 1582
460 1890
461 1011
461 1889
462 519
462 1453
463 522
463 1324
464 883
471 1666
474 1700
475 1207
477 714
480 630
480 1003
481 1343
481 1951
482 1163
482 1305
483 698
488 1452
491 1359
491 1701
493 792
496 518
499 1734
500 631
501 1890
502 1242
504 1274
504 1355
507 719
511 1317
512 586
512 704
518 1875
519 1071
521 1973
522 1321
524 1600
525 575
527 1699
528 1953
530 618
531 1661
533 1305
538 1566
540 1466
541 589
541 647
544 997
545 1232
545 1745
546 886
546 1025
547 1077
548 589
549 907
549 1061
550 843
550 1075
551 1108
551 1790
551 1873
552 1239
554 1084
554 1391
555 659
555 1757
559 1133
562 1046
562 1650
563 857
565 1126
574 1566
574 1605
575 1789
576 668
581 1002
582 727
582 1585
584 669
584 675
588 765
588 923
589 1801
592 1117
592 1160
594 1727
594 1807
596 1482
598 1278
598 1365
599 1052
600 1643
601 1371
605 846
607 894
607 1455
609 1590
609 1673
610 1818
611 1855
612 1285
614 1838
615 902
615 1052
620 1082
620 1703
626 1113
627 722
628 670
629 948
629 1045
629 1954
631 870
631 1429
632 1234
632 1690
633 1946
633 1999
636 1669
641 974
641 1942
647 1629
648 1083
649 1477
654 1008
654 1493
656 662
657 1781
659 1003
660 1133
663 1067
663 1116
663 1179
665 704
666 1242
667 685
669 1765
670 850
671 1597
672 1617
676 833
679 1406
679 1532
682 1283
684 1721
685 1716
687 1377
688 1035
690 778
690 1190
693 1340
696 727
699 1936
700 1742
701 1344
703 808
706 1563
707 864
709 1764
713 1497
714 943
715 1142
715 1869
718 1520
721 891
721 1172
724 978
724 1146
725 929
726 822
726 1472
726 1610
727 1272
727 1549
727 1617
731 746
732 1416
733 1465
735 1866
737 1080
739 1572
740 1218
744 752
746 928
746 1611
749 800
749 1741
752 1513
755 1702
756 1079
757 1211
759 1110
759 1638
760 1089
761 1013
765 1296
766 847
767 1038
769 1791
769 1936
771 1151
773 1633
774 1483
775 1487
776 1378
777 1315
779 1322
784 911
787 857
791 1178
791 1566
792 860
794 1030
795 1355
796 1531
797 1277
799 1270
806 1249
807 1286
809 1311
810 1452
811 1926
814 1687
816 1649
819 1612
821 973
829 1245
830 1620
831 952
832 1733
833 930
834 1788
834 1842
835 1823
839 1898
840 851
842 1106
842 1568
842 1672
843 1544
844 954
844 1992
845 1054
845 1499
849 1095
849 1210
849 1557
850 1533
854 1871
857 1918
863 1983
864 1182
864 1296
865 1585
867 1518
868 1549
869 1502
871 1451
872 1308
874 1066
876 1208
876 1735
880 1570
882 1795
888 962
892 1015
894 1002
897 1012
897 1163
897 1302
898 1081
899 1810
900 1234
901 1762
904 922
906 1993
907 1122
907 1531
908 1789
909 918
910 1430
911 1566
912 993
916 1429
918 1237
920 1849
921 1745
922 1338
924 1609
926 1390
931 1602
931 1968
933 1352
936 1887
937 1195
937 1794
938 1361
938 1882
942 1326
942 1883
945 1299
946 1989
947 1662
951 1497
960 1892
961 1221
962 1509
964 1828
968 1300
971 1466
974 1414
975 1262
976 1418
977 1886
977 1961
978 1225
979 1225
982 1190
983 1322
984 1666
990 991
992 1190
993 1635
997 1239
997 1272
1000 1862
1000 1929
1002 1461
1003 1424
1007 1281
1008 1860
1010 1762
1011 1413
1011 1446
1013 1926
1014 1710
1014 1740
1016 1180
1016 1244
1019 1171
1020 1516
1022 1448
1029 1574
1031 1507
1032 1290
1033 1655
1039 1410
1039 1724
1040 1865
1045 1542
1045 1884
1048 1278
1049 1967
1052 1700
1052 1709
1056 1281
1059 1099
1064 1626
1072 1196
1072 1997
1075 1890
1076 1242
1076 1265
1077 1713
1079 1251
1081 1268
1084 1348
1085 1260
1094 1238
1096 1822
1097 1180
1098 1445
1103 1214
1104 1207
1105 1367
1105 1830
1108 1812
1110 1288
1112 1453
1112 1561
1112 1648
1112 1719
1112 1725
1113 1122
1116 1150
1122 1408
1122 1955
1125 1161
1125 1520
1126 1414
1127 1369
1128 1526
1131 1553
1132 1389
1135 1348
1136 1633
1142 1373
1144 1604
1150 1373
1150 1871
1154 1773
1155 1933
1158 1557
1163 1876
1167 1186
1172 1348
1176 1707
1177 1889
1186 1899
1191 1291
1191 1313
1192 1263
1204 1370
1205 1385
1207 1252
1209 1511
1210 1678
1212 1423
1220 1842
1223 1863
1227 1247
1227 1492
1227 1510
1227 1630
1231 1775
1232 1405
1240 1847
1244 1804
1246 1348
1260 1468
1267 1685
1272 1603
1273 1378
1277 1986
1281 1710
1283 1410
1289 1406
1289 1579
1292 1675
1303 1995
1304 1785
1308 1950
1310 1692
1316 1638
1318 1319
1318 1997
1320 1739
1335 1337
1343 1657
1344 1928
1348 1749
1349 1522
1350 1968
1358 1968
1369 1622
1371 1911
1371 1983
1374 1826
1375 1380
1376 1449
1376 1542
1376 1670
1378 1606
1379 1609
1384 1638
1389 1628
1392 1545
1393 1476
1397 1402
1398 1912
1400 1765
1402 1842
1404 1410
1404 1542
1404 1865
1406 1693
1409 1748
1409 1931
1410 1681
1415 1674
1416 1566
1417 1457
1418 1761
1420 1634
1430 1998
1434 1956
1442 1622
1449 1524
1458 1489
1465 1651
1469 1617
1470 1575
1475 1827
1476 1695
1477 1624
1481 1730
1485 1903
1487 1964
1489 1805
1492 1658
1492 1801
1496 1951
1500 1899
1501 1771
1503 1730
1505 1916
1508 1600
1508 1723
1509 1955
1510 1638
1510 1770
1520 1873
1522 1787
1528 1771
1529 1579
1531 1972
1537 1787
1538 1755
1539 1859
1543 1823
1546 1937
1555 1891
1556 1601
1557 1780
1568 1869
1584 1881
1586 1658
1589 1813
1600 1882
1602 1814
1602 1880
1606 1677
1609 1755
1609 1796
1619 1630
1622 1846
1622 1899
1625 1762
1635 1661
1636 1802
1650 1774
1657 1811
1658 1920
1672 1900
1677 1856
1683 1780
1690 1793
1694 1955
1695 1932
1701 1834
1704 1957
1707 1922
1726 1959
1728 1910
1752 1908
1755 1909
1757 1827
1757 1992
1811 1895
1811 1959
1814 1942
1818 1964
1824 1971
1829 1851
1839 1933
1857 1931
1876 1961
1899 1907
1905 1916
1945 1952
