2000
1 336
1 432
1 502
1 509
1 528
1 575
1 653
1 904
1 934
1 1493
1 1639
1 1678
1 1803
2 274
2 480
2 527
2 836
2 1016
2 1255
2 1900
3 145
3 323
3 325
3 430
3 493
3 1020
3 1036
3 1079
3 1206
4 230
4 530
4 870
4 926
4 977
4 1032
4 1300
4 1618
4 1714
4 1867
5 186
5 194
5 499
5 595
5 658
5 1370
6 31
6 317
6 406
6 629
6 867
6 1235
6 1374
6 1813
7 15
7 112
7 608
7 927
7 1023
7 1146
7 1180
7 1242
7 1251
7 1608
7 1890
7 1930
8 47
8 108
8 207
8 642
8 688
8 728
8 827
8 940
8 1016
8 1115
8 1350
8 1440
8 1490
8 1548
9 85
9 285
9 501
9 625
9 652
9 692
9 1199
9 1210
9 1262
10 117
10 242
10 287
10 523
10 604
10 938
10 1091
10 1467
10 1970
11 72
11 256
11 271
11 294
11 683
11 944
11 1254
11 1696
11 1905
12 168
12 251
12 284
12 541
12 547
12 559
12 725
12 759
12 1196
12 1681
12 1701
12 1715
12 1922
13 76
13 84
13 179
13 501
13 838
13 852
13 924
13 983
13 1013
13 1290
13 1734
13 1870
13 1927
13 1963
14 92
14 344
14 584
14 731
14 742
14 827
14 926
14 999
14 1211
14 1362
14 1433
14 1472
14 1821
15 158
15 393
15 480
15 541
15 642
15 670
15 711
15 1081
15 1266
15 1484
15 1580
15 1667
15 1851
16 56
16 475
16 563
16 600
16 725
16 807
16 861
16 944
16 947
16 1109
16 1597
16 1704
16 1733
16 1752
17 131
17 1128
17 1833
18 498
18 1434
18 1897
18 1983
19 27
19 98
19 131
19 709
19 1350
19 1425
19 1468
19 1529
19 1833
19 1880
19 1934
20 108
20 168
20 655
20 751
20 802
20 1257
20 1604
20 1761
20 1948
21 282
21 605
21 1033
21 1047
21 1143
21 1460
21 1465
21 1623
22 46
22 56
22 132
22 135
22 314
22 668
22 748
22 790
22 1447
22 1530
22 1643
22 1740
22 1851
22 1862
22 1995
23 661
23 863
23 1144
23 1221
23 1297
23 1459
24 172
24 462
24 1255
24 1325
24 1473
24 1883
25 242
25 523
25 618
25 692
25 818
25 835
25 838
25 1060
25 1106
25 1247
25 1777
25 1797
25 1958
26 254
26 476
26 522
26 562
26 614
26 862
27 282
27 498
27 680
27 860
27 1043
27 1158
27 1267
27 1526
27 1765
27 1816
28 209
28 426
28 777
28 840
28 952
28 1221
28 1503
28 1685
28 1689
28 1826
29 206
29 278
29 730
29 1030
29 1079
29 1906
29 1989
30 57
30 154
30 328
30 565
30 639
30 681
30 943
30 1049
30 1230
30 1319
30 1351
30 1651
30 1848
30 1917
31 82
31 116
31 536
31 1180
31 1514
32 131
32 336
32 399
32 463
32 550
32 754
32 878
32 975
32 1157
32 1183
32 1526
32 1708
33 221
33 646
33 714
33 1307
33 1345
33 1375
33 1468
33 1582
33 1646
33 1738
33 1753
33 1876
33 1970
34 41
34 1009
34 1054
34 1218
34 1238
34 1308
34 1592
34 1806
35 308
35 806
35 944
35 1022
35 1072
35 1292
35 1748
35 1790
35 1935
36 150
36 198
36 215
36 440
36 517
36 598
36 625
36 722
36 1163
36 1188
36 1334
36 1340
36 1393
36 1475
36 1699
36 1855
36 1904
36 1962
37 522
37 780
37 784
37 887
37 1261
37 1676
38 107
38 497
38 1474
38 1998
39 1194
39 1323
39 1722
40 86
40 334
40 408
40 914
40 1027
40 1103
40 1253
40 1326
40 1430
40 1444
40 1477
41 152
41 187
41 196
41 313
41 746
41 1055
41 1062
41 1417
41 1538
42 53
42 376
42 403
42 450
42 752
42 766
42 928
42 1152
42 1462
42 1740
43 114
43 529
43 531
43 813
43 1994
43 1997
44 237
44 238
44 317
44 359
44 1221
44 1266
44 1270
44 1317
44 1451
44 1514
44 1523
45 106
45 368
45 849
45 965
45 1251
45 1657
45 1715
45 1990
46 551
46 791
46 898
46 1176
46 1595
46 1824
46 1969
47 237
47 265
47 476
47 534
47 560
47 700
47 768
47 824
47 887
47 915
47 1078
47 1099
47 1300
47 1338
47 1730
47 1754
48 392
48 671
48 712
48 1061
48 1104
48 1325
48 1724
49 110
49 123
49 124
49 598
49 842
49 922
49 1246
49 1406
49 1647
50 66
50 350
50 1441
50 1648
51 83
51 443
51 600
51 941
51 1016
51 1182
51 1380
51 1486
51 1710
51 1916
51 1946
52 455
52 930
52 936
52 963
52 990
52 1377
52 1812
53 523
53 1075
53 1227
53 1287
53 1444
53 1536
53 1676
53 1712
54 146
54 437
54 718
54 830
54 875
54 1035
54 1060
54 1161
54 1286
54 1708
54 1990
55 80
55 205
55 963
55 1068
55 1166
55 1340
55 1942
56 607
56 686
56 722
56 1035
56 1083
56 1175
56 1310
56 1404
56 1505
56 1624
56 1637
56 1702
56 1795
56 1910
57 62
57 95
57 647
57 751
57 835
57 950
57 1113
57 1265
57 1306
57 1444
57 1779
57 1909
57 1928
58 166
58 338
58 404
58 651
58 942
58 1332
58 1349
58 1634
58 1751
58 1798
58 1891
59 64
59 273
59 331
59 976
59 1060
59 1338
59 1414
59 1742
59 1749
59 1753
59 1984
60 426
60 501
60 509
60 510
60 700
60 1109
60 1177
60 1264
60 1421
60 1463
60 1559
60 1874
61 209
61 287
61 549
61 643
61 792
61 1131
61 1151
61 1205
61 1232
61 1625
62 117
62 135
62 197
62 206
62 435
62 714
62 782
62 932
62 1008
62 1240
62 1305
62 1604
62 1778
62 1852
62 1983
63 65
63 504
63 685
63 855
63 1131
63 1187
64 526
64 639
64 770
64 800
64 893
64 962
64 1001
64 1196
64 1415
64 1444
64 1879
65 197
65 693
65 717
65 1145
65 1304
65 1429
65 1457
65 1626
66 107
66 315
66 397
66 425
66 437
66 562
66 856
66 963
66 1046
66 1071
66 1268
66 1311
66 1352
66 1756
66 1926
67 253
67 742
67 1250
67 1374
67 1450
67 1684
68 156
68 560
68 642
68 650
68 1198
68 1452
68 1597
68 1789
68 1835
69 399
69 449
69 632
69 714
69 784
69 1189
69 1510
69 1660
69 1986
70 448
70 772
70 812
70 948
70 1853
71 102
71 270
71 478
71 750
71 801
71 912
71 1080
71 1253
71 1525
72 77
72 196
72 213
72 413
72 652
72 744
72 840
72 1206
72 1476
72 1617
73 707
73 884
73 1039
73 1139
73 1368
73 1504
73 1628
73 1813
73 1831
73 1952
73 1961
74 102
74 156
74 1203
74 1459
74 1509
75 277
75 374
75 580
75 650
75 1236
75 1666
75 1985
76 688
76 805
76 1091
76 1297
76 1570
76 1758
76 1842
76 1887
77 216
77 381
77 1024
77 1037
77 1080
77 1283
77 1894
78 569
78 756
78 817
78 956
78 958
78 1055
78 1056
79 236
79 665
79 946
79 947
79 1248
79 1458
79 1480
79 1693
79 1825
80 669
80 748
80 996
80 1021
80 1051
80 1173
80 1652
80 1702
81 246
81 368
81 1340
81 1648
81 1773
81 1911
81 1969
82 110
82 218
82 394
82 433
82 445
82 502
82 925
82 1252
82 1348
82 1647
82 1874
82 1981
83 189
83 284
83 316
83 488
83 996
83 1883
84 216
84 393
84 479
84 620
84 659
84 1165
84 1180
84 1222
84 1223
84 1231
84 1267
84 1571
84 1713
84 1789
84 1872
85 538
85 721
85 726
85 969
85 1200
85 1231
85 1306
85 1311
85 1620
85 1770
86 244
86 272
86 304
86 344
86 352
86 457
86 518
86 952
86 1439
86 1565
86 1839
87 106
87 343
87 732
87 875
87 1040
87 1146
87 1308
87 1505
87 1765
88 730
88 871
88 954
88 1070
88 1333
89 352
89 472
89 476
89 509
89 761
89 867
89 913
89 934
89 1010
89 1139
89 1714
89 1912
90 208
90 486
90 871
90 1141
90 1413
90 1463
90 1723
90 1846
91 344
91 571
91 615
91 725
91 1007
91 1136
91 1201
91 1261
91 1426
91 1693
91 1893
91 1939
92 253
92 266
92 313
92 375
92 423
92 546
92 600
92 761
92 989
92 994
92 1002
92 1032
92 1918
92 1920
93 155
93 277
93 308
93 695
93 1196
93 1227
93 1619
93 1934
94 328
94 1075
94 1202
94 1489
94 1732
94 1782
94 1792
94 1827
95 119
95 134
95 207
95 209
95 685
95 750
95 925
95 1259
95 1669
96 246
96 428
96 617
96 670
96 738
96 1186
96 1526
96 1559
96 1562
96 1744
97 593
97 638
97 931
97 951
97 1343
98 123
98 432
98 494
98 795
98 841
98 1295
98 1320
98 1654
98 1662
98 1838
99 509
99 1051
99 1082
99 1192
99 1198
99 1273
99 1605
99 1613
99 1680
99 1840
100 393
100 651
100 819
100 961
100 1090
100 1134
100 1151
100 1737
100 1843
101 115
101 373
101 398
101 411
101 488
101 644
101 832
101 863
101 1092
101 1275
101 1411
101 1909
102 286
102 498
102 649
102 1310
102 1542
102 1546
102 1701
103 248
103 404
103 489
103 593
103 910
103 973
103 1026
103 1080
103 1753
103 1825
103 1868
103 1959
103 1995
104 489
104 728
104 739
104 1703
104 1868
105 283
105 404
105 561
105 816
105 1062
105 1374
105 1848
105 1872
106 381
106 523
106 634
106 1066
106 1091
106 1288
106 1408
106 1551
106 1595
106 1718
106 1962
107 690
107 1016
107 1037
107 1178
107 1378
107 1509
107 1569
107 1871
107 1943
108 137
108 272
108 292
108 409
108 1036
108 1377
108 1402
108 1951
109 334
109 359
109 475
109 483
109 915
109 956
109 1025
109 1482
109 1757
109 1992
109 1995
110 327
110 720
110 1018
110 1294
110 1584
110 1877
111 354
111 357
111 474
111 563
111 639
111 649
111 748
111 867
111 973
111 998
111 1090
111 1304
111 1528
111 1731
111 1882
111 1897
111 1985
112 256
112 303
112 596
112 1189
112 1878
113 281
113 307
113 690
113 698
113 1094
113 1206
113 1230
113 1235
113 1258
113 1639
114 336
114 459
114 597
114 712
114 1235
114 1300
114 1655
115 163
115 284
115 437
115 644
115 655
115 657
115 800
115 1031
115 1043
115 1226
115 1301
115 1900
116 123
116 162
116 310
116 413
116 1191
116 1291
116 1306
116 1499
116 1597
116 1622
116 1719
116 1774
117 299
117 392
117 410
117 666
117 882
117 931
117 1010
117 1208
117 1488
117 1830
117 1880
117 1982
118 234
118 393
118 475
118 542
118 567
118 608
118 919
118 1846
118 1884
119 228
119 315
119 468
119 592
119 613
119 673
119 1281
119 1416
119 1472
119 1554
119 1568
119 1816
119 1953
119 1976
120 128
120 302
120 367
120 389
120 392
120 556
120 896
120 968
120 993
120 1145
120 1243
120 1371
120 1584
120 1707
120 1801
121 243
121 843
121 944
121 1198
121 1462
121 1707
122 220
122 632
122 782
122 896
122 954
122 1022
122 1028
122 1536
122 1598
122 1650
122 1682
122 1722
123 417
123 559
123 836
123 1020
123 1154
123 1410
123 1535
123 1689
124 835
124 912
124 968
124 1030
124 1198
124 1460
124 1505
124 1582
124 1820
124 1904
124 1964
125 734
125 993
125 1829
125 1905
126 248
126 254
126 827
126 842
126 918
126 1152
126 1160
126 1327
126 1370
126 1498
126 1516
126 1598
126 1681
126 1995
127 497
127 690
127 794
127 821
127 1053
127 1098
127 1292
127 1348
127 1431
127 1542
127 1547
127 1823
128 714
128 773
128 1031
128 1128
128 1240
128 1412
128 1506
129 181
129 233
129 564
129 734
129 788
129 827
129 1112
129 1656
129 1839
130 157
130 620
130 623
130 787
130 1306
130 1523
130 1901
130 1905
130 1941
131 268
131 575
131 968
131 1289
131 1290
131 1363
131 1416
131 1652
131 1659
131 1736
132 605
132 996
132 1170
132 1322
132 1475
132 1647
132 1650
133 291
133 553
133 623
133 694
133 719
133 1086
133 1406
133 1457
134 438
134 504
134 1192
134 1209
134 1241
134 1613
134 1735
134 1862
134 1982
135 664
135 880
135 1122
135 1178
135 1284
135 1432
135 1976
136 526
136 562
136 689
136 710
136 1208
136 1287
136 1363
136 1758
137 813
137 828
137 926
137 1087
137 1125
137 1180
137 1277
137 1520
137 1578
138 447
138 802
138 854
138 952
138 1019
138 1067
138 1092
138 1135
138 1359
138 1446
138 1611
138 1644
138 1795
138 1819
138 1991
139 864
139 947
139 1317
139 1340
139 1571
139 1601
139 1612
140 795
140 1176
140 1180
140 1787
141 335
141 1334
141 1398
141 1451
142 460
142 1031
142 1148
142 1214
142 1802
143 193
143 410
143 470
143 1410
143 1478
144 216
144 238
144 299
144 943
144 1005
144 1227
144 1389
144 1412
144 1880
145 383
145 610
145 1266
145 1738
145 1867
146 173
146 231
146 243
146 370
146 382
146 501
146 566
146 608
146 874
146 938
146 1159
146 1213
146 1444
146 1594
146 1672
146 1936
147 603
147 617
147 955
147 1738
147 1792
147 1987
147 1999
148 311
148 1342
148 1521
148 1711
149 397
149 419
149 464
149 554
149 604
149 803
149 897
149 1042
149 1124
150 316
150 358
150 853
150 882
150 1248
150 1386
150 1806
150 1940
151 242
151 306
151 428
151 743
151 904
151 1435
151 1439
151 1501
151 1522
152 682
152 893
152 934
152 1065
152 1247
152 1393
153 359
153 792
153 893
153 952
153 995
153 1138
153 1264
153 1418
153 1640
153 1903
154 331
154 934
154 971
154 1008
154 1019
154 1194
154 1240
154 1374
154 1380
154 1555
154 1712
155 370
155 482
155 624
155 713
155 742
155 782
155 1032
155 1123
155 1168
155 1227
155 1474
155 1490
155 1558
155 1642
155 1747
155 1814
155 1841
156 339
156 437
156 522
156 1106
156 1178
156 1276
156 1483
156 1725
157 361
157 417
157 754
157 796
157 1072
157 1642
157 1663
157 1691
157 1720
157 1893
157 1961
158 258
158 331
158 1259
158 1574
158 1744
159 225
159 296
159 344
159 347
159 528
159 819
159 826
159 1163
159 1961
160 295
160 323
160 465
160 467
160 507
160 1001
160 1131
160 1783
160 1790
160 1992
161 271
161 288
161 304
161 601
161 880
161 952
161 1313
161 1503
161 1725
161 1903
161 1985
162 170
162 196
162 269
162 308
162 566
162 910
162 1421
162 1499
162 1529
162 1561
162 1641
162 1661
162 1803
163 199
163 494
163 664
163 815
163 984
163 1020
163 1303
163 1439
163 1555
163 1600
163 1652
163 1719
163 1828
164 174
164 455
164 711
164 1180
164 1196
164 1723
164 1794
165 252
165 298
165 487
165 639
165 856
165 1103
165 1433
165 1447
165 1811
165 1901
166 687
166 782
166 1183
166 1310
166 1639
166 1759
167 266
167 623
167 667
167 901
167 920
167 1637
167 1699
167 1859
167 1990
168 412
168 423
168 476
168 489
168 822
168 992
168 1082
168 1174
168 1396
168 1675
168 1754
169 462
169 1070
169 1164
169 1274
169 1523
169 1604
169 1736
170 194
170 501
170 729
170 774
171 487
171 507
171 562
171 696
171 744
171 1432
171 1875
171 1883
171 1894
172 207
172 467
172 659
172 713
172 886
172 1521
172 1920
173 200
173 322
173 438
173 689
173 844
173 879
173 927
173 970
173 1003
173 1038
173 1050
173 1331
173 1826
173 1936
174 515
174 597
174 856
174 875
174 1308
174 1545
174 1820
175 269
175 393
175 459
175 547
175 598
175 1105
175 1443
175 1540
175 1863
175 1925
176 204
176 221
176 877
176 1329
176 1582
176 1819
177 230
177 680
177 1370
177 1385
177 1709
177 1867
177 1878
178 416
178 1078
178 1413
178 1672
178 1755
178 1856
179 476
179 800
179 869
179 1051
179 1105
179 1362
179 1787
180 690
180 765
180 1081
180 1114
180 1350
180 1533
180 1685
181 303
181 343
181 443
181 546
181 1619
182 943
182 1178
182 1367
182 1858
183 262
183 307
183 583
183 912
183 1134
183 1192
183 1425
183 1637
183 1798
183 1958
184 382
184 388
184 535
184 815
184 1077
184 1659
184 1769
185 236
185 267
185 466
185 837
185 875
185 1334
185 1734
185 1803
185 1835
186 190
186 1011
186 1165
186 1417
186 1527
186 1550
186 1595
186 1754
187 478
187 879
187 880
187 898
187 1133
187 1518
187 1930
188 703
188 773
188 1776
188 1870
189 519
189 751
189 1302
189 1314
189 1438
189 1776
189 1812
189 1822
190 422
190 439
190 641
190 756
190 782
190 1255
190 1287
190 1300
190 1303
190 1553
190 1725
190 1743
190 1819
190 1934
191 298
191 339
191 1740
191 1849
191 1905
192 323
192 399
192 556
192 1125
192 1226
192 1314
192 1952
193 224
193 413
193 736
193 758
193 966
193 1143
194 330
194 965
194 1659
194 1851
195 321
195 340
195 645
195 704
195 883
195 950
195 1127
195 1256
195 1327
195 1507
195 1555
195 1590
195 1722
195 1742
195 1799
195 1968
196 260
196 328
196 1169
196 1748
196 1943
196 1956
196 1990
197 323
197 409
197 449
197 587
197 1027
197 1173
197 1239
197 1441
197 1685
197 1758
197 1766
197 1801
198 377
198 469
198 487
198 720
198 1077
198 1149
198 1178
198 1270
198 1288
198 1296
198 1873
199 565
199 593
199 1004
199 1093
199 1192
199 1564
199 1820
200 205
200 343
200 710
200 944
200 1546
200 1580
200 1705
201 317
201 489
201 583
201 1131
201 1347
201 1637
201 1651
201 1685
201 1686
201 1797
202 392
202 434
202 597
202 646
202 687
202 997
202 1101
202 1217
202 1644
202 1763
202 1801
202 1927
203 277
203 497
203 625
203 786
203 1035
203 1130
203 1541
204 564
204 751
204 1112
204 1449
204 1783
205 821
205 1334
205 1753
205 1859
206 307
206 1173
206 1969
206 1999
207 367
207 437
207 489
207 528
207 673
207 874
207 1300
207 1365
207 1442
208 268
208 289
208 316
208 542
208 636
208 661
208 672
208 688
208 989
208 1038
208 1163
208 1446
208 1826
209 929
209 931
209 942
209 1054
209 1681
209 1692
209 1845
210 265
210 679
210 1041
210 1180
210 1378
210 1385
210 1558
211 660
211 789
211 1229
211 1336
211 1622
211 1823
212 868
212 872
212 874
212 1379
212 1453
212 1996
213 451
213 594
213 711
213 872
213 967
213 1002
213 1168
213 1194
213 1344
213 1352
213 1370
213 1671
214 311
214 853
214 893
214 942
214 1011
214 1054
214 1270
214 1408
214 1843
214 1902
215 261
215 263
215 267
215 336
215 357
215 851
215 985
215 1340
216 272
216 314
216 508
216 565
216 649
216 806
216 951
216 1028
216 1150
216 1348
216 1381
216 1655
216 1732
216 1809
216 1890
217 622
217 707
217 808
217 847
217 940
217 1298
217 1454
217 1500
217 1730
218 312
218 318
218 453
218 484
218 572
218 611
218 617
218 728
218 1014
218 1133
218 1139
218 1241
218 1335
218 1379
219 766
219 1014
219 1312
219 1440
219 1653
220 909
220 1154
220 1174
220 1336
220 1498
220 1997
221 380
221 524
221 590
221 677
221 836
221 1222
221 1771
221 1783
222 293
222 362
222 436
222 1329
222 1599
222 1753
223 346
223 549
223 596
223 714
223 749
223 1367
223 1409
223 1562
223 1895
223 1906
224 317
224 679
224 1064
224 1134
224 1204
224 1321
224 1444
224 1520
224 1585
224 1726
224 1917
224 1927
225 624
225 895
225 1561
225 1616
225 1936
225 1966
226 412
226 467
226 778
226 837
226 848
226 1045
226 1170
226 1314
226 1329
226 1430
226 1488
226 1588
226 1813
227 302
227 428
227 557
227 690
227 910
227 949
227 1362
227 1422
227 1474
227 1597
227 1728
227 1788
227 1851
227 1906
227 1984
228 265
228 298
228 307
228 745
228 994
228 1102
228 1316
228 1483
228 1724
228 1880
228 1929
229 415
229 417
229 430
229 437
229 1188
229 1233
229 1372
229 1507
229 1540
229 1778
230 232
230 494
230 1038
230 1076
230 1151
230 1327
230 1366
230 1586
230 1639
230 1661
231 322
231 550
231 686
231 747
231 910
231 1021
231 1394
231 1869
231 1959
232 242
232 873
232 1102
232 1294
232 1478
232 1514
232 1564
233 414
233 933
233 1187
233 1265
233 1408
233 1450
233 1950
234 456
234 760
234 1221
234 1310
234 1352
234 1928
235 456
235 688
235 709
235 901
235 905
235 949
235 1143
235 1247
235 1417
235 1499
235 1817
235 1837
236 291
236 740
236 925
236 1746
236 1760
236 1782
236 1852
236 1897
237 311
237 503
237 916
237 930
237 1145
237 1237
237 1258
237 1616
237 1855
237 1938
238 273
238 449
238 585
238 663
238 861
238 1028
238 1629
238 1859
238 1953
238 1975
238 1986
239 484
239 592
239 699
239 709
239 1331
239 1752
240 422
240 766
240 1138
240 1936
241 557
241 680
241 691
241 767
241 772
241 1300
241 1403
241 1609
241 1700
241 1767
242 283
242 771
242 858
242 871
242 942
242 1058
242 1434
242 1476
242 1597
242 1730
243 422
243 727
243 829
243 848
243 1099
243 1327
243 1448
243 1466
243 1669
243 1915
244 329
244 930
244 1543
245 413
245 446
245 476
245 933
245 1033
245 1086
245 1663
245 1797
245 1955
246 256
246 343
246 393
246 810
246 1270
246 1301
246 1342
247 465
247 466
247 668
247 857
247 865
247 1374
247 1481
247 1773
247 1864
247 1887
248 470
248 628
248 695
248 878
248 1025
248 1194
248 1436
248 1517
248 1899
249 557
249 872
249 997
249 1023
249 1208
249 1869
249 1922
249 1929
249 1930
249 1986
250 307
250 411
250 606
250 671
250 963
250 1553
250 1587
250 1856
251 725
251 851
251 910
251 1051
251 1264
251 1487
251 1516
251 1849
252 432
252 608
252 750
252 1129
252 1231
252 1581
252 1632
252 1790
252 1818
253 334
253 345
253 456
253 768
253 1015
253 1373
253 1431
254 717
254 804
254 880
254 937
254 1223
254 1354
254 1600
255 979
255 1044
255 1652
256 398
256 611
256 1101
256 1123
256 1239
256 1520
256 1696
256 1755
257 511
257 1132
257 1196
257 1377
257 1579
258 525
258 853
258 1121
258 1295
258 1499
258 1694
258 1957
259 328
259 420
259 557
259 859
259 1067
259 1118
259 1180
259 1573
259 1874
260 498
260 512
260 572
260 1035
260 1251
260 1726
260 1835
260 1870
260 1990
261 892
261 919
261 1128
261 1155
261 1213
261 1525
261 1988
261 1994
262 307
262 419
262 629
262 852
262 1003
262 1072
262 1249
262 1278
262 1638
262 1891
263 346
263 503
263 953
263 1005
263 1163
263 1233
263 1312
263 1415
263 1445
264 385
264 449
264 574
264 575
264 635
264 718
264 981
264 1559
264 1648
264 1832
264 1935
265 440
265 613
265 846
265 916
265 1027
265 1109
265 1235
265 1507
265 1972
266 314
266 733
266 861
266 940
266 1055
266 1214
266 1289
267 449
267 546
267 600
267 702
267 999
267 1116
267 1326
267 1508
267 1800
267 1861
268 803
268 908
268 1764
269 380
269 807
269 944
269 959
269 1698
269 1747
269 1828
269 1928
270 371
270 772
270 959
270 1105
270 1189
270 1634
270 1788
270 1873
270 1972
270 1986
271 479
271 671
271 845
271 1117
271 1144
271 1556
271 1890
272 496
272 1326
272 1434
272 1452
272 1577
272 1790
273 492
273 931
273 946
273 1101
273 1584
273 1670
273 1683
273 1733
273 1745
273 1801
273 1863
273 1869
273 1904
274 400
274 474
274 625
274 797
274 828
274 951
274 983
274 1106
274 1888
275 475
275 559
275 728
275 1132
275 1250
275 1436
275 1478
275 1853
276 454
276 850
276 958
276 1091
276 1315
276 1436
276 1477
276 1529
276 1590
276 1759
276 1905
276 1913
277 807
277 968
277 1010
277 1251
277 1861
277 1897
277 1949
278 390
278 647
278 705
278 766
278 1225
278 1628
278 1705
278 1749
278 1838
278 1943
278 1949
279 527
279 684
279 863
279 864
279 1139
279 1160
279 1254
279 1279
279 1290
279 1325
279 1601
279 1618
279 1657
279 1712
279 1799
279 1966
280 831
280 996
280 1395
280 1406
280 1455
280 1483
280 1772
281 402
281 457
281 497
281 645
281 656
281 996
281 1134
281 1286
281 1330
281 1636
281 1674
281 1765
281 1929
282 657
282 1018
282 1241
282 1342
282 1533
282 1536
282 1647
283 381
283 485
283 754
283 946
283 1089
283 1144
283 1214
283 1587
283 1639
283 1901
284 463
284 778
284 1218
284 1254
284 1526
284 1624
284 1706
285 412
285 473
285 525
285 645
285 661
285 1759
285 1920
286 374
286 404
286 484
286 1595
286 1606
286 1790
286 1838
286 1928
287 957
287 1293
287 1331
287 1462
287 1684
288 329
288 577
288 649
288 685
288 863
288 979
288 1016
288 1176
288 1308
288 1341
288 1594
288 1762
288 1833
288 1956
289 308
289 505
289 849
289 977
289 1261
289 1507
289 1516
289 1608
289 1632
289 1649
290 567
290 631
290 844
290 1032
290 1089
290 1438
290 1594
290 1653
290 1735
291 837
291 913
291 992
291 1000
291 1227
291 1232
291 1624
291 1784
291 1788
291 1797
291 1900
292 454
292 545
292 1026
292 1048
292 1963
293 657
293 733
293 808
293 1385
293 1483
293 1484
293 1502
293 1755
293 1868
294 750
294 765
294 1278
294 1512
294 1645
295 484
295 485
295 798
295 1023
295 1398
295 1447
295 1630
295 1863
296 407
296 452
296 753
296 809
296 1023
296 1265
296 1813
297 523
297 558
297 634
297 793
297 890
297 994
297 1058
297 1092
297 1127
297 1268
297 1364
297 1388
297 1593
297 1707
297 1816
298 324
298 401
298 497
298 501
298 663
298 760
298 797
298 1116
298 1225
298 1558
298 1643
298 1751
298 1779
299 369
299 740
299 881
299 1082
299 1147
299 1258
299 1299
299 1434
299 1516
299 1780
299 1878
300 419
300 457
300 498
300 759
300 862
300 1006
300 1245
300 1407
300 1478
300 1680
301 641
301 824
301 856
301 951
301 1032
301 1428
301 1974
301 1993
302 691
302 1133
302 1354
302 1751
303 436
303 498
303 853
303 988
303 1103
303 1124
303 1182
303 1217
303 1416
303 1516
303 1881
304 360
304 595
304 715
304 728
304 855
304 924
304 934
304 1004
304 1224
304 1374
305 635
305 718
305 755
305 947
305 1011
305 1456
305 1603
305 1754
305 1813
305 1990
306 465
306 1022
306 1647
307 387
307 459
307 545
307 1087
307 1288
307 1379
307 1794
307 1828
307 1838
307 1874
307 1935
308 314
308 329
308 842
308 856
308 1006
308 1080
308 1083
308 1403
308 1541
308 1703
309 333
309 896
309 1088
309 1203
309 1274
309 1318
309 1413
309 1492
309 1602
309 1763
310 554
310 602
310 619
310 765
310 1016
310 1342
310 1417
311 726
311 899
311 962
311 1113
311 1946
312 321
312 396
312 579
312 749
312 976
312 999
312 1113
312 1232
312 1370
312 1481
312 1744
312 1961
313 357
313 576
313 863
313 1429
313 1525
313 1647
313 1684
313 1746
314 830
314 943
314 1029
314 1061
314 1273
314 1381
314 1447
314 1469
314 1943
315 427
315 531
315 711
315 718
315 900
315 977
315 1012
315 1252
315 1346
315 1353
315 1512
315 1643
316 421
316 429
316 528
316 1167
316 1400
316 1524
316 1757
317 525
317 693
317 786
317 1753
317 1791
317 1854
317 1983
317 1990
318 532
318 863
318 943
318 947
318 1045
318 1320
318 1701
318 1727
318 1771
319 436
319 593
319 1085
319 1202
319 1238
319 1338
319 1364
319 1634
319 1650
320 728
320 950
320 1249
320 1376
320 1549
320 1632
320 1887
321 563
321 1100
321 1125
321 1153
321 1300
321 1367
321 1476
321 1851
321 1863
321 1868
321 1945
322 340
322 776
322 1388
322 1694
323 725
323 893
323 966
323 1162
323 1207
323 1364
323 1503
323 1746
324 346
324 391
324 1204
324 1769
324 1842
325 328
325 571
325 709
325 756
326 1163
326 1503
326 1689
326 1840
327 594
327 1084
327 1277
327 1556
328 468
328 668
328 850
328 990
328 1077
328 1400
328 1615
328 1772
328 1991
329 761
329 896
329 925
329 1148
329 1379
329 1482
329 1757
329 1917
330 779
330 1011
330 1057
330 1186
330 1346
330 1504
330 1748
331 358
331 693
331 814
331 1130
331 1686
332 452
332 606
332 626
332 672
332 837
332 1216
332 1443
332 1503
332 1650
332 1753
332 1825
333 429
333 836
333 908
333 1583
333 1929
334 350
334 666
334 1254
334 1312
334 1367
334 1613
334 1633
335 487
335 822
335 1444
335 1512
335 1619
336 349
336 379
336 622
336 812
336 1004
336 1299
336 1327
336 1465
336 1538
337 387
337 440
337 685
337 767
337 1091
337 1228
337 1301
337 1397
337 1767
337 1772
338 406
338 728
338 849
338 1077
338 1201
338 1571
338 1670
339 530
339 639
339 1079
339 1234
339 1550
339 1739
340 511
340 621
340 677
340 686
340 852
340 902
340 954
340 990
340 1053
340 1565
340 1779
340 1813
340 1977
341 427
341 464
341 512
341 543
341 651
341 752
341 1085
341 1510
341 1616
341 1977
341 1994
342 917
342 987
342 1822
343 901
343 1144
343 1188
343 1505
343 1611
343 1676
344 365
344 574
344 578
344 718
344 894
344 901
344 1344
344 1637
345 370
345 470
345 616
345 1237
345 1242
345 1275
345 1734
345 1989
346 542
346 782
346 1232
346 1272
346 1481
346 1561
346 1878
347 513
347 603
347 667
347 785
347 1050
347 1230
347 1269
347 1544
347 1592
347 1684
347 1741
347 1796
348 583
348 850
348 857
348 898
348 1157
348 1163
348 1549
348 1575
348 1640
348 1819
349 401
349 673
349 734
349 815
349 1166
349 1517
349 1520
349 1794
349 1859
349 1989
350 651
350 722
350 1060
351 434
351 561
351 622
351 681
351 832
351 958
351 1324
351 1407
351 1763
351 1870
351 1942
352 379
352 629
352 1291
352 1518
352 1520
352 1529
353 364
353 416
353 1049
353 1155
353 1500
354 395
354 625
354 690
354 1037
354 1039
354 1150
354 1164
354 1344
354 1790
354 1812
354 1881
354 1994
355 422
355 661
355 802
355 842
355 851
355 864
355 1052
355 1159
355 1219
356 395
356 755
356 1146
356 1157
356 1493
357 450
357 693
357 700
357 1238
357 1604
357 1615
357 1646
357 1737
358 481
358 502
358 505
358 709
358 947
358 961
358 1003
358 1050
358 1159
358 1240
358 1468
358 1696
358 1850
359 390
359 1172
359 1198
359 1294
359 1523
359 1732
359 1744
360 898
360 1141
360 1248
360 1313
360 1451
361 655
361 711
361 1136
361 1235
361 1281
361 1828
361 1829
361 1982
362 387
362 759
362 803
362 1222
362 1322
362 1633
362 1770
362 1976
362 1995
363 411
363 412
363 813
363 1193
363 1263
363 1308
363 1317
363 1345
363 1853
363 1897
363 1921
364 476
364 582
364 614
364 691
364 944
364 1102
364 1617
364 1635
365 370
365 1179
365 1548
365 1764
365 1978
366 577
366 724
366 1032
366 1183
366 1369
366 1504
366 1790
366 1973
367 418
367 1146
367 1881
367 1952
368 800
368 1109
368 1365
368 1840
368 1851
368 1924
369 467
369 482
369 494
369 505
369 809
369 1377
369 1729
369 1764
369 1831
369 1864
370 603
370 714
370 755
370 1195
370 1246
370 1683
370 1832
371 502
371 733
371 737
371 816
371 1577
372 486
372 551
372 697
372 934
372 1399
372 1661
372 1689
372 1706
372 1742
372 1931
372 1966
373 438
373 1169
373 1247
373 1296
373 1297
373 1367
373 1399
373 1496
373 1617
373 1676
373 1708
373 1945
373 1967
374 689
374 947
374 1033
374 1355
374 1495
374 1611
374 1791
374 1835
375 797
375 971
375 1240
375 1488
375 1691
375 1728
375 1756
375 1905
376 409
376 522
376 1754
376 1768
377 470
377 900
377 1057
377 1423
377 1503
377 1906
377 1938
378 452
378 932
378 941
378 1366
378 1665
378 1722
379 673
379 905
379 964
379 991
379 1484
379 1614
379 1630
379 1633
379 1634
379 1706
379 1789
379 1984
380 657
380 1006
380 1137
380 1179
380 1284
380 1401
380 1549
380 1558
380 1590
380 1597
380 1810
381 456
381 547
381 671
381 764
381 885
381 997
381 1531
381 1802
382 497
382 607
382 802
382 1277
383 745
383 849
383 881
383 1556
383 1624
383 1666
383 1736
384 659
384 678
384 761
384 878
384 881
384 1082
384 1449
384 1623
384 1822
385 643
385 671
385 693
385 762
385 824
385 864
385 1169
385 1259
385 1327
385 1400
385 1483
385 1496
385 1944
386 491
386 522
386 732
386 899
386 1113
386 1212
386 1240
386 1743
387 590
387 649
387 737
387 869
387 1165
387 1504
387 1917
388 471
388 912
388 1060
388 1114
388 1803
388 1946
388 1964
389 529
389 1151
389 1211
389 1330
389 1732
389 1748
389 1796
390 602
390 627
390 748
390 761
390 1077
390 1161
390 1237
390 1447
390 1635
390 1641
390 1850
390 1884
390 1923
391 914
391 1161
391 1425
391 1808
392 609
392 923
392 958
392 1622
392 1858
393 1018
393 1022
393 1277
393 1759
394 507
394 963
394 1460
394 1485
394 1488
394 1920
395 462
395 966
395 1184
395 1261
395 1594
395 1637
395 1786
396 447
396 604
396 829
396 947
396 1555
397 470
397 758
397 785
397 840
397 885
397 930
397 1104
397 1466
397 1522
397 1656
397 1672
397 1680
398 421
398 513
398 761
398 1893
399 790
399 1149
399 1195
399 1288
399 1486
399 1585
399 1622
399 1925
400 539
400 544
400 669
400 954
400 1109
400 1163
400 1726
400 1756
401 500
401 601
401 762
401 971
401 1010
401 1254
401 1317
401 1497
401 1574
402 428
402 621
402 958
402 962
402 1260
402 1359
402 1387
402 1423
402 1542
402 1617
402 1920
402 1939
403 586
403 927
403 1177
403 1354
403 1391
403 1796
403 1876
403 1947
404 491
404 498
404 571
404 672
404 936
404 1047
404 1139
404 1349
404 1557
404 1655
404 1690
404 1748
404 1973
404 1978
404 1987
405 726
405 821
405 1012
405 1081
405 1136
405 1171
405 1225
405 1385
405 1400
405 1841
406 808
406 1289
406 1477
406 1562
406 1582
406 1902
406 1906
407 779
407 1253
407 1392
407 1501
407 1581
407 1796
407 1903
408 477
408 777
408 885
408 1010
408 1168
408 1498
408 1740
408 1791
409 437
409 468
409 671
409 746
409 846
409 892
409 917
409 1286
409 1377
409 1772
409 1776
410 1396
410 1408
410 1412
410 1490
410 1503
410 1845
411 518
411 1199
411 1395
412 580
412 965
412 982
412 1072
412 1089
412 1450
412 1461
412 1479
412 1675
412 1701
412 1810
413 680
413 765
413 848
413 856
413 959
413 985
413 1035
413 1084
413 1231
413 1346
413 1454
413 1496
414 491
414 848
414 992
414 1214
414 1880
415 481
415 516
415 553
415 725
415 945
415 1061
415 1096
415 1670
415 1735
415 1891
416 448
416 898
416 901
416 949
416 1263
416 1314
416 1378
416 1525
416 1944
417 581
417 820
417 864
417 1454
417 1717
418 621
418 785
418 819
418 990
418 1082
418 1203
418 1423
418 1700
418 1745
418 1760
418 1882
419 502
419 514
419 698
419 1253
419 1362
419 1415
419 1931
420 534
420 540
420 591
420 723
420 853
420 928
420 1839
420 1978
421 708
421 929
421 950
421 1188
421 1380
421 1528
421 1543
421 1950
421 1986
422 552
422 766
422 1315
422 1557
422 1676
422 1679
422 1915
423 864
423 911
423 1007
423 1366
423 1783
423 1861
423 1904
423 1909
423 1946
424 474
424 1148
424 1238
424 1592
424 1646
424 1854
425 611
425 789
425 975
425 1022
425 1249
425 1360
425 1617
425 1634
425 1988
426 548
426 866
426 1412
426 1518
426 1664
426 1795
426 1862
427 434
427 536
427 572
427 620
427 754
427 1005
427 1052
427 1338
427 1355
428 481
428 838
428 1032
428 1045
428 1089
428 1286
428 1969
429 619
429 1193
429 1643
429 1691
429 1770
429 1803
429 1808
429 1853
429 1967
430 431
430 840
430 1020
430 1092
430 1392
430 1463
430 1807
431 503
431 713
431 728
431 775
431 805
431 967
431 1067
431 1243
431 1360
431 1420
431 1482
431 1970
432 839
432 981
432 1200
432 1833
433 500
433 603
433 667
433 813
433 1089
433 1211
433 1417
433 1433
433 1474
434 537
434 562
434 694
434 788
434 877
434 886
434 1555
434 1673
434 1826
435 544
435 557
435 726
435 1077
435 1157
435 1311
435 1734
435 1860
435 1866
435 1908
436 600
436 744
436 838
436 1063
436 1092
436 1100
436 1469
436 1966
436 1993
437 601
437 1097
437 1578
437 1700
437 1891
437 1897
438 524
438 571
438 724
438 830
438 1021
438 1166
438 1314
438 1332
438 1860
438 1978
439 526
439 1343
439 1420
439 1525
439 1560
439 1608
439 1794
440 536
440 813
440 945
440 1106
440 1634
440 1642
440 1710
440 1816
441 648
441 693
441 1630
442 780
442 890
442 1332
442 1404
442 1603
442 1676
442 1781
442 1888
443 499
443 1275
444 488
444 532
444 573
444 867
444 887
444 1038
444 1141
444 1176
444 1303
444 1341
444 1576
444 1750
444 1954
445 448
445 778
445 894
445 1050
445 1632
445 1992
446 450
446 868
446 1013
446 1437
446 1594
446 1767
446 1980
447 560
447 649
447 783
447 961
447 1263
447 1363
447 1441
447 1604
447 1696
448 490
448 492
448 1269
448 1315
448 1353
448 1726
448 1942
449 574
449 752
449 1064
449 1111
449 1371
449 1593
450 671
450 703
450 792
450 900
450 1139
450 1210
450 1503
450 1685
450 1831
451 643
451 673
451 714
451 1295
451 1397
451 1868
451 1908
452 1076
452 1111
452 1315
452 1321
452 1717
452 1912
453 499
453 586
453 821
453 1070
453 1087
453 1100
453 1354
453 1536
453 1697
453 1761
453 1843
453 1879
453 2000
454 655
454 680
454 719
454 1526
454 1527
454 1532
454 1804
454 1967
455 501
455 626
455 655
455 694
455 839
455 994
455 1041
455 1184
455 1326
455 1533
455 1559
455 1667
455 1686
455 1706
455 1824
455 1828
456 619
456 645
456 722
456 770
456 843
456 953
456 1109
456 1220
456 1563
456 1675
456 1942
456 1952
457 508
457 750
457 927
457 1066
457 1069
457 1785
458 913
458 931
458 988
458 1007
458 1333
458 1604
458 1661
458 1735
459 809
459 855
459 917
459 1123
459 1226
459 1492
459 1675
459 1691
459 1795
459 1800
460 587
460 599
460 1315
460 1321
460 1449
460 1599
461 566
461 1245
461 1282
462 623
462 639
462 952
462 1297
462 1369
462 1399
462 1654
462 1681
463 527
463 961
463 1278
463 1385
463 1758
463 1829
463 1876
464 602
464 740
464 1057
464 1077
464 1127
464 1303
464 1598
464 1974
465 511
465 821
465 1047
465 1093
465 1967
466 698
466 872
466 934
466 983
466 1037
466 1721
466 1901
466 1926
467 951
467 970
467 1426
467 1620
467 1697
468 1036
468 1197
468 1319
468 1343
468 1664
469 626
469 687
469 1287
469 1380
469 1900
470 564
470 767
470 1118
470 1525
471 547
471 648
471 1064
471 1180
471 1496
471 1744
472 564
472 567
472 953
472 1034
472 1255
472 1323
472 1367
472 1376
472 1722
472 1745
472 1790
472 1915
473 522
473 581
473 792
473 1032
473 1047
473 1048
473 1204
473 1306
473 1436
473 1499
473 1729
473 1744
473 1966
473 1968
473 1981
474 588
474 878
474 932
474 982
474 1111
474 1212
474 1561
474 1863
475 546
475 763
475 862
475 884
475 1611
475 1721
475 1934
476 570
476 826
476 1088
476 1230
476 1848
477 597
477 746
477 816
477 863
477 870
477 1192
477 1659
477 1777
477 1820
477 1827
477 1979
477 2000
478 561
478 676
478 845
478 1048
478 1235
479 507
479 549
479 643
479 764
479 1133
479 1910
480 626
480 975
480 986
480 1244
480 1758
480 1830
481 495
481 562
481 740
481 852
481 884
481 1084
481 1175
481 1298
481 1731
481 1746
481 1914
482 651
482 661
482 1012
482 1017
482 1026
482 1302
482 1362
482 1478
482 1490
482 1655
482 1681
482 1734
483 715
483 806
483 904
483 1098
483 1337
483 1510
483 1564
483 1745
483 1780
483 1804
483 1873
483 1877
483 1921
484 715
484 726
484 836
484 990
484 1516
484 1522
485 513
485 806
485 927
485 1217
485 1349
485 1458
485 1872
485 1915
486 627
486 793
486 1081
486 1099
486 1236
486 1257
486 1261
486 1579
487 739
487 809
487 854
487 1004
487 1057
487 1355
487 1442
487 1497
487 1868
487 1904
487 1925
488 670
488 719
488 804
488 1169
488 1239
488 1300
488 1412
489 756
489 1389
489 1756
490 720
490 1143
490 1193
490 1484
490 1537
490 1651
490 1891
491 521
491 830
491 1067
491 1114
492 528
492 919
492 1139
492 1149
492 1318
492 1609
492 1769
492 1887
493 827
493 879
493 1302
493 1566
493 1793
494 919
494 1004
494 1131
494 1259
494 1294
494 1388
494 1519
494 1535
494 1573
494 1703
494 1981
494 1982
495 1005
495 1337
495 1567
495 1655
496 609
496 834
496 1008
496 1073
496 1485
496 1608
496 1705
496 1709
497 540
497 580
497 648
497 881
497 908
497 1227
497 1384
497 1457
498 1097
498 1217
498 1951
499 526
499 687
499 752
499 1087
499 1324
499 1584
499 1656
500 872
500 986
500 1395
500 1500
500 1624
500 1653
500 1794
500 1959
501 585
501 652
501 925
501 1455
501 1558
501 1611
502 597
502 899
502 1127
502 1174
502 1183
502 1478
502 1656
502 1988
503 767
503 1029
503 1136
503 1159
503 1317
503 1333
503 1350
503 1493
503 1543
503 1893
504 879
504 920
504 1041
504 1200
504 1249
504 1334
504 1396
504 1621
504 1725
504 1770
504 1895
505 587
505 611
505 622
505 799
505 810
505 994
505 1634
505 1719
505 1736
505 1760
505 1835
506 608
506 668
506 836
506 852
506 1010
506 1534
506 1721
506 1836
506 1843
506 1950
507 684
507 697
507 793
507 809
507 1284
507 1438
507 1501
507 1547
507 1597
507 1621
507 1702
507 1762
507 1791
508 662
508 756
508 1129
508 1263
508 1756
509 762
509 777
509 955
509 1025
509 1531
509 1687
509 1793
510 704
510 743
510 816
510 982
510 1043
510 1160
510 1260
510 1510
510 1696
510 1974
511 833
511 859
511 980
511 1424
511 1457
511 1566
511 1596
511 1821
511 1872
511 1989
512 1127
512 1463
512 1490
512 1519
512 1676
512 1812
512 1911
513 638
513 641
513 756
513 877
513 883
513 948
513 1237
513 1630
513 1728
513 1791
513 1887
514 1210
514 1524
514 1634
514 1695
514 1974
515 583
515 754
515 932
515 1438
515 1686
515 1936
516 612
516 840
516 856
516 992
516 1129
516 1200
516 1325
516 1592
516 1629
516 1979
517 850
517 913
517 1100
517 1133
517 1322
517 1420
517 1561
518 607
518 793
518 795
518 990
518 1142
518 1349
518 1362
518 1544
518 1741
519 631
519 1230
519 1258
519 1575
519 1667
519 1678
519 1780
519 1893
520 592
520 596
520 1170
520 1309
520 1980
521 624
521 703
521 816
521 961
521 1284
521 1389
521 1766
521 1778
521 1831
521 1842
521 1876
522 835
522 1567
522 1759
523 572
523 701
523 773
523 925
523 1189
523 1272
523 1417
523 1442
523 1631
524 648
524 712
524 1251
524 1590
524 1609
525 1192
525 1205
525 1296
525 1413
525 1625
525 1635
525 1942
526 553
526 661
526 1121
526 1182
526 1308
526 1581
527 777
527 785
527 846
527 1124
527 1315
527 1895
528 554
528 936
528 1097
528 1199
528 1271
528 1436
528 1838
529 555
529 575
529 915
529 1125
529 1134
529 1539
529 1857
530 788
530 860
530 884
530 952
530 1211
530 1258
530 1515
530 1725
531 535
531 546
531 587
531 667
531 685
531 1039
531 1100
531 1343
531 1627
531 1816
531 1860
532 536
532 641
532 1119
532 1148
532 1275
533 753
533 1112
533 1200
533 1579
533 1849
533 1915
533 1924
534 1100
534 1154
534 1650
535 605
535 615
535 955
535 1665
536 1116
536 1207
536 1243
536 1710
537 843
537 981
537 1062
537 1229
537 1500
537 1953
538 1341
538 1450
539 771
539 919
539 1051
539 1060
539 1630
540 613
540 721
540 851
540 919
540 1468
540 1705
540 1848
540 1860
540 1873
540 1952
540 1993
541 1140
541 1186
541 1673
541 1989
542 728
542 829
542 1052
542 1218
542 1683
542 1719
542 1800
542 1910
542 1972
543 870
543 906
543 953
543 1071
543 1146
543 1258
543 1490
543 1733
543 1808
544 565
544 614
544 617
544 929
545 933
545 995
545 1029
545 1116
545 1382
545 1877
545 1928
546 589
546 673
546 906
546 1483
547 709
547 1205
547 1314
547 1522
547 1630
547 1816
547 1937
548 568
548 714
548 1271
548 1288
549 700
549 991
549 1104
549 1134
549 1253
549 1327
549 1557
549 1935
549 1953
550 737
550 754
550 768
550 899
550 1041
550 1528
550 1554
551 670
551 1086
551 1666
552 1216
552 1252
552 1311
552 1378
552 1406
552 1800
553 868
553 918
553 929
553 1255
553 1920
554 616
554 1029
554 1731
554 1752
554 1792
555 561
555 631
555 875
555 1043
555 1052
555 1233
555 1250
555 1295
555 1326
555 1584
555 1948
556 653
556 902
556 919
556 1057
556 1170
556 1317
556 1370
557 686
557 933
557 1239
557 1408
557 1506
557 1724
557 1971
558 570
558 663
558 738
558 912
558 1221
558 1466
558 1916
559 1003
559 1193
559 1217
559 1254
559 1284
559 1839
560 942
560 1418
560 1610
561 616
561 625
561 644
561 792
561 959
561 1177
561 1189
561 1537
561 1735
562 671
562 861
562 1323
562 1588
562 1636
563 637
563 821
563 877
563 1045
563 1156
563 1560
564 1113
564 1197
564 1283
564 1309
564 1571
564 1840
565 617
565 681
565 838
565 1019
565 1086
565 1293
565 1533
565 1535
566 753
566 1284
566 1435
567 731
567 1282
567 1368
567 1491
567 1575
567 1658
567 1667
567 1692
567 1817
567 1823
567 1863
567 1998
568 754
568 988
568 1091
568 1279
568 1422
568 1652
568 1923
569 620
569 859
569 928
569 931
569 1387
569 1403
569 1566
569 1785
569 1905
570 581
570 1429
570 1476
570 1663
570 1791
570 1851
570 1857
570 1963
571 713
571 776
571 856
571 1372
571 1821
571 1887
571 1924
572 819
572 1089
572 1392
572 1617
572 1931
573 734
573 990
573 1388
573 1458
573 1703
573 1829
574 652
574 854
574 964
574 1098
574 1531
574 1559
574 1639
574 1680
574 1684
574 1836
574 1899
574 1933
574 1952
575 786
575 1659
575 1826
576 1009
576 1119
576 1302
576 1403
576 1465
576 1535
576 1663
576 1928
577 846
577 1038
577 1552
578 633
578 952
578 1287
578 1626
578 1842
578 1941
579 648
579 1436
579 1527
579 1798
579 1896
580 946
580 1000
580 1112
580 1347
580 1514
580 1541
581 1183
581 1424
581 1523
581 1838
581 1889
581 1986
582 743
582 1064
582 1087
582 1147
582 1692
583 895
583 1295
583 1437
583 1463
583 1615
583 1785
583 1941
583 1961
584 781
584 975
584 1031
584 1034
584 1037
584 1310
584 1436
584 1546
584 1603
584 1774
585 595
585 715
585 773
585 815
585 823
585 1141
585 1169
585 1326
586 697
586 946
586 1403
586 1480
586 1704
586 1727
587 1044
587 1133
587 1200
587 1586
588 762
588 960
588 1070
588 1187
588 1442
588 1511
589 1062
589 1064
589 1237
589 1263
589 1331
589 1552
589 1557
589 1705
589 1746
589 1979
590 616
590 1086
590 1286
590 1313
590 1401
591 615
591 630
591 1042
591 1076
592 920
592 979
592 1675
593 655
593 839
593 1165
593 1778
593 1911
594 717
594 742
594 957
594 1377
594 1450
594 1814
595 786
595 1049
595 1475
595 1598
595 1616
595 1745
596 695
596 1361
596 1464
596 1786
596 1950
597 879
597 917
597 990
597 1513
597 1767
597 1808
597 1997
598 791
598 986
598 995
598 1066
598 1071
598 1279
598 1521
598 1804
599 618
599 959
599 1010
599 1149
599 1520
599 1531
599 1581
599 1802
599 1965
601 994
601 1293
601 1327
601 1484
601 1552
601 1747
601 1777
601 1815
602 654
602 740
602 1154
602 1163
602 1426
602 1457
602 1464
602 1571
602 1725
603 639
603 822
603 1037
603 1114
603 1254
603 1328
603 1355
603 1551
603 1934
604 851
604 1063
604 1102
604 1252
604 1771
605 733
605 798
605 1646
605 1884
606 792
606 1865
607 625
607 735
607 938
607 1293
607 1628
608 669
608 810
608 869
608 928
608 942
608 1289
608 1357
609 999
609 1504
609 1551
609 1605
610 642
610 865
610 1055
610 1191
610 1335
610 1458
610 1476
610 1924
610 1975
611 1128
611 1631
611 1741
612 1352
612 1424
612 1830
613 640
613 652
613 930
613 1093
613 1529
613 1789
614 635
614 1077
614 1094
614 1186
614 1248
614 1438
614 1495
614 1582
614 1647
614 1684
614 1814
614 1986
615 848
615 955
615 1020
615 1053
615 1755
615 1788
616 680
616 783
616 896
616 921
616 1067
616 1744
617 707
617 1233
617 1455
618 920
618 1240
618 1531
618 1815
618 1834
618 1982
619 823
619 875
619 1057
619 1274
619 1367
619 1907
619 1927
620 697
620 1434
620 1510
620 1786
620 1800
620 1891
621 712
621 838
621 941
621 1162
621 1535
622 1011
622 1020
622 1726
622 1827
623 690
623 731
623 873
623 1218
623 1295
623 1561
623 1789
624 715
624 1157
624 1950
625 783
625 1032
625 1132
625 1549
626 728
626 753
626 840
626 909
626 1096
626 1194
627 640
627 996
627 1156
627 1425
627 1735
627 1946
628 636
628 720
628 777
628 828
628 988
628 1022
628 1159
628 1377
628 1437
628 1833
628 1912
628 1914
628 1973
629 894
629 1295
629 1786
630 914
630 1505
630 1527
630 1688
631 748
631 1461
631 1492
631 1540
632 827
632 1110
632 1402
632 1450
632 1590
632 1869
633 716
633 859
633 1041
633 1162
633 1264
633 1328
633 1647
634 733
634 1123
634 1511
634 1588
634 1731
635 760
635 895
635 897
635 917
635 1163
635 1247
635 1439
635 1664
635 1708
635 1710
635 1755
635 1784
635 1938
636 707
636 794
636 915
636 935
636 1185
636 1652
636 1688
637 673
637 851
637 946
637 1056
637 1079
637 1243
637 1523
637 1631
637 1683
638 805
638 838
638 1023
638 1053
638 1568
638 1720
638 1922
639 756
639 1204
639 1264
639 1475
639 1705
639 1745
639 1779
639 1860
639 1885
640 742
640 797
640 825
640 929
640 1139
640 1185
640 1525
640 1680
640 1832
640 1842
640 1875
640 1966
641 778
641 1591
641 1764
642 698
642 735
642 834
642 1555
642 1912
642 2000
643 846
643 865
643 1000
643 1074
643 1169
643 1181
643 1319
643 1495
643 1678
643 1890
643 1899
643 1942
643 1964
644 734
644 806
644 938
644 1032
644 1130
644 1469
644 1531
644 1932
645 1321
645 1446
645 1522
645 1680
645 1808
645 1836
645 1978
646 794
646 915
646 1264
646 1378
646 1656
646 1824
647 741
647 984
647 1015
647 1491
647 1572
647 1579
647 1629
647 1643
647 1847
648 1340
648 1612
649 718
649 764
649 853
649 940
649 1284
649 1576
649 1682
649 1992
650 669
650 808
650 819
650 953
650 1024
650 1058
650 1150
650 1993
650 1997
651 668
651 681
651 741
651 784
651 1214
651 1226
651 1623
651 1803
652 858
652 1101
652 1249
652 1362
652 1493
652 1656
652 1767
653 717
653 809
653 1086
653 1129
653 1206
653 1405
653 1513
653 1800
654 794
654 840
654 1087
654 1216
654 1313
654 1476
654 1544
654 1593
655 703
655 783
655 900
655 1101
655 1157
655 1320
655 1731
655 1901
655 1935
655 1948
656 671
656 1778
657 916
657 1517
658 690
658 701
658 866
658 1021
658 1035
658 1052
658 1264
658 1335
658 1339
658 1409
658 1865
658 1961
659 1143
659 1152
659 1514
659 1572
660 758
660 922
660 933
660 1018
660 1038
660 1527
660 1542
660 1744
660 1752
660 1814
660 1891
660 1908
661 980
661 1250
661 1678
661 1872
661 1882
661 1921
662 702
662 769
662 844
662 880
663 890
663 1001
663 1015
663 1054
663 1230
663 1286
663 1852
663 1874
663 1894
664 951
664 1053
664 1069
664 1483
665 691
665 1039
665 1239
665 1492
665 1509
665 1519
665 1857
666 811
666 837
666 948
666 1135
666 1301
666 1591
667 1885
667 1915
667 1936
668 760
668 777
668 899
668 1227
668 1490
668 1817
669 726
669 804
669 822
669 840
669 972
669 1004
669 1219
669 1536
669 1749
669 1770
669 1996
670 679
670 903
671 702
671 817
671 842
671 867
671 970
671 1274
671 1422
671 1559
671 1706
671 1716
671 1850
672 1577
672 1682
673 699
673 865
673 1084
673 1115
673 1210
673 1342
673 1796
673 1977
674 937
674 1245
674 1387
675 1100
675 1339
675 1498
675 1637
675 1679
675 1907
676 905
676 1210
676 1335
676 1566
676 1840
677 834
677 1043
677 1457
678 868
678 1101
678 1202
678 1496
678 1548
678 1898
678 1939
679 691
679 920
679 969
679 1191
679 1322
679 1664
680 972
680 1083
680 1336
680 1586
680 1610
681 768
681 1193
681 1427
681 1752
681 1932
682 912
682 918
682 985
682 1299
682 1361
682 1409
682 1438
682 1575
682 1851
682 1905
682 1996
683 737
683 747
683 892
683 1135
683 1234
683 1331
684 865
684 1233
685 843
685 1420
685 1841
686 734
686 1048
686 1128
686 1294
686 1541
686 1726
686 1775
687 823
687 888
687 1237
687 1549
687 1933
688 945
688 950
688 1426
688 1487
688 1587
688 1808
688 1829
689 771
689 952
689 1210
689 1235
689 1590
689 1631
690 700
690 800
690 1038
690 1170
690 1360
690 1570
690 1614
691 709
691 1625
691 1893
692 1165
692 1312
692 1650
692 1796
692 1903
693 955
693 1204
693 1253
693 1276
693 1447
693 1586
693 1991
694 859
694 1066
694 1519
695 797
695 863
695 1112
695 1227
695 1450
695 1519
695 1562
695 1746
695 1918
696 931
696 953
696 970
696 1086
696 1490
696 1537
696 1609
697 882
697 891
697 1543
697 1783
697 1855
697 1923
697 1971
698 730
698 940
698 1095
698 1214
698 1480
698 1659
698 1732
699 732
699 956
699 1054
699 1075
699 1144
699 1413
699 1548
700 932
700 1040
700 1246
700 1254
700 1312
700 1896
700 1961
701 1090
701 1110
701 1141
701 1317
701 1699
701 1776
701 1820
702 889
702 1644
702 1650
702 1767
703 1354
704 1269
704 1715
704 1858
705 718
705 871
705 1022
705 1200
705 1495
705 1774
706 776
706 841
706 1032
706 1371
706 1464
706 1489
706 1555
706 1662
706 1842
707 789
707 857
707 858
707 869
707 1100
707 1435
707 1628
707 1754
707 1966
708 757
708 1040
708 1086
708 1390
708 1426
709 717
709 877
709 1535
709 1921
709 1943
710 1138
710 1454
710 1660
711 771
711 782
711 821
711 1099
711 1317
711 1647
711 1856
712 731
712 1025
712 1326
712 1454
712 1668
713 816
713 1258
713 1536
714 732
714 821
714 1045
714 1123
714 1136
714 1138
714 1236
714 1256
714 1383
714 1765
714 1956
715 767
715 879
715 997
715 1049
715 1096
715 1120
715 1178
715 1318
715 1645
716 853
716 1178
716 1401
716 1473
716 1817
716 1946
716 1989
716 2000
717 722
717 732
717 878
717 892
717 1046
717 1048
717 1150
717 1165
717 1405
717 1556
717 1620
717 1638
717 1783
717 1808
717 1889
718 1827
719 1073
719 1556
719 1586
719 1674
719 1835
720 938
720 962
720 1270
720 1726
720 1793
721 782
721 822
721 942
721 1405
721 1561
722 968
722 1032
722 1160
722 1194
722 1298
722 1570
722 1892
722 1925
723 1164
723 1370
723 1406
723 1511
723 1589
723 1679
723 1899
723 1928
724 888
724 1163
724 1414
724 1637
725 1198
725 1202
725 1315
725 1424
725 1924
726 954
726 972
726 1150
726 1166
726 1197
726 1629
726 1773
727 891
727 1064
727 1218
727 1478
727 1576
727 1689
728 826
728 872
728 1001
728 1062
728 1343
728 1585
728 1670
728 1988
729 766
729 1235
729 1292
729 1739
729 1814
729 1971
730 756
730 780
730 1638
731 1071
731 1361
731 1596
731 1627
732 734
732 857
732 1053
732 1067
732 1109
732 1582
732 1642
733 900
733 1009
733 1242
733 1667
733 1773
733 1809
733 1840
733 1987
734 1055
734 1075
734 1384
734 1549
734 1639
734 1742
734 1883
735 784
735 853
735 970
735 1373
735 1717
735 1797
736 766
736 816
736 1228
736 1267
736 1296
736 1438
736 1608
737 981
737 1070
737 1188
737 1291
737 1583
737 1786
738 860
738 1311
738 1331
738 1524
738 1566
738 1591
738 1907
738 1961
738 1987
739 755
739 879
739 1190
739 1238
739 1459
739 1693
740 990
740 1270
740 1915
740 1968
741 887
741 967
741 1053
741 1061
741 1383
741 1647
741 1703
741 1747
741 1877
741 1923
742 790
742 972
742 986
742 1365
742 1443
742 1445
742 1582
742 1638
742 1686
742 1930
742 1983
743 769
743 870
743 1396
743 1498
743 1597
743 1999
744 837
744 840
744 853
744 1026
744 1140
744 1409
744 1932
745 1373
745 1745
745 1827
745 1948
746 1108
746 1259
746 1274
746 1296
746 1427
746 1618
746 1701
746 1796
746 1976
747 1073
747 1487
747 1597
747 1638
747 1685
747 1805
748 820
748 859
748 1094
749 976
749 1296
749 1435
749 1806
749 1808
749 1856
750 780
750 996
750 1253
750 1368
750 1558
750 1868
751 984
751 1036
751 1515
751 1586
751 1674
752 1033
752 1155
752 1624
752 1680
752 1956
753 917
753 919
753 971
753 1016
753 1110
753 1444
753 1486
753 1714
753 1736
753 1919
754 833
754 1302
754 1399
754 1553
754 1679
754 1833
754 1888
755 846
755 1003
755 1014
755 1140
755 1492
755 1820
755 1895
755 1936
755 2000
756 1378
756 1520
756 1542
756 1576
756 1975
757 960
757 1560
757 1763
758 763
758 1191
758 1418
758 1516
759 820
759 1006
759 1044
759 1159
759 1206
759 1325
759 1420
759 1671
759 1717
759 1892
760 1054
760 1102
760 1142
760 1156
760 1533
760 1694
760 1750
760 1793
760 1861
760 1874
761 867
761 948
761 1027
761 1070
761 1219
761 1461
761 1638
762 1141
762 1334
762 1458
762 1473
762 1605
762 1616
762 1653
763 877
763 946
763 1262
763 1339
763 1673
764 908
764 1725
765 971
765 1357
765 1573
765 1614
765 1745
765 1850
766 1249
766 1419
767 1100
767 1977
768 927
768 1101
768 1117
768 1315
768 1366
769 1086
769 1302
769 1672
769 1940
770 794
770 1276
770 1360
770 1759
771 788
771 883
771 1031
771 1092
771 1298
771 1528
771 1616
771 1618
771 1743
771 1982
772 788
772 825
772 921
772 1411
772 1427
772 1587
772 1758
772 1950
773 993
773 1489
773 1543
773 1867
774 1171
774 1391
774 1401
774 1484
774 1674
774 1786
775 1441
775 1641
775 1819
776 1188
776 1340
776 1349
776 1403
776 1829
777 1035
777 1147
777 1254
777 1559
777 1574
777 1619
777 1680
777 1766
777 1787
777 1989
778 813
778 1015
778 1250
778 1378
778 1491
778 1581
778 1706
779 927
779 1051
779 1397
779 1664
779 1690
780 1083
780 1798
780 1895
781 915
781 929
781 959
781 988
781 1240
781 1664
781 1950
782 1336
782 1768
782 1777
783 868
783 879
783 1076
783 1285
783 1465
783 1968
784 1068
784 1176
784 1264
784 1505
784 1838
784 1982
785 1243
785 1288
785 1323
785 1602
785 1805
785 1968
786 880
786 912
786 1105
786 1148
786 1482
786 1569
786 1580
786 1918
786 1951
787 992
787 1426
787 1819
787 1833
788 792
788 916
788 995
788 1170
788 1468
788 1819
789 974
789 1004
789 1242
789 1429
789 1757
789 1823
790 988
790 1219
790 1447
790 1718
790 1823
791 949
791 956
791 1841
791 1849
792 846
792 1035
792 1177
792 1571
792 1631
792 1720
792 1940
793 1034
793 1056
793 1067
793 1792
793 1804
793 1911
793 1942
794 881
794 1053
794 1227
794 1501
794 1528
794 1671
794 1776
794 1833
794 1865
794 1877
795 866
795 1816
795 1890
796 860
796 946
796 1531
796 1763
796 1939
797 957
797 1099
797 1441
797 1653
797 1893
798 858
798 924
798 1041
798 1179
798 1258
798 1492
798 1963
799 1092
799 1151
799 1371
799 1541
799 1989
799 1991
800 852
800 972
800 1165
800 1577
800 1711
801 1163
801 1209
801 1214
801 1526
801 1682
801 1742
801 1857
801 1868
802 1132
802 1397
802 1434
803 921
803 1242
803 1472
803 1884
804 903
804 1102
804 1540
804 1673
804 1754
804 1758
804 1890
804 1977
805 987
805 1552
805 1851
806 877
806 1032
806 1102
806 1652
806 1732
806 1761
806 1916
807 1023
807 1119
807 1342
807 1499
807 1595
807 1742
807 1912
808 1188
808 1409
808 1454
808 1736
809 939
809 1096
809 1237
809 1248
809 1398
809 1402
809 1460
809 1503
809 1505
809 1563
809 1728
809 1856
809 1868
809 1908
809 1914
810 890
810 899
810 1008
810 1076
810 1184
810 1264
810 1273
810 1434
810 1454
810 1773
811 814
811 1442
811 1523
811 1526
811 1716
811 1735
811 1821
811 1855
811 1872
812 1160
812 1192
812 1227
812 1720
812 1902
812 1983
813 844
813 853
813 974
813 1410
813 1481
813 1648
813 1652
814 986
814 998
814 1498
814 1679
814 1695
814 1700
815 1550
815 1732
815 1968
816 981
816 1054
816 1281
816 1396
816 1670
817 871
817 880
817 1422
817 1610
817 1773
818 974
818 1448
818 1499
818 1755
818 1783
819 1599
819 1719
819 1945
820 1250
820 1511
820 1592
820 1776
821 958
821 1628
821 1786
822 827
822 897
822 1084
822 1184
822 1192
822 1278
822 1683
822 1946
823 831
823 955
823 1024
823 1366
823 1470
823 1519
823 1943
824 1011
824 1139
824 1151
824 1731
824 1857
825 953
825 1668
826 1282
826 1404
826 1453
826 1608
826 1904
827 894
827 941
827 1163
827 1262
827 1439
827 1760
827 1849
828 999
828 1270
828 1532
828 1604
829 974
829 1328
829 1377
829 1641
829 1829
830 960
830 1204
830 1248
830 1449
830 1555
831 966
831 1735
832 842
832 1162
832 1269
832 1887
832 1904
833 990
833 1032
833 1100
833 1274
833 1334
833 1465
834 1484
834 1516
834 1591
834 1802
834 1956
835 867
835 1008
835 1241
835 1987
836 919
836 1035
836 1170
836 1278
836 1613
836 1640
836 1733
836 1926
836 1934
837 1060
837 1663
837 1889
838 956
838 1133
838 1403
838 1567
838 1631
838 1837
838 1952
839 1306
839 1319
839 1322
839 1362
839 1548
839 1703
840 1017
840 1586
840 1645
840 1699
840 1947
840 1952
841 1036
841 1124
841 1236
842 1262
843 1565
843 1743
843 1971
844 1286
844 1597
844 1941
845 982
845 1153
845 1272
845 1373
845 1584
846 1076
846 1211
846 1406
846 1769
846 1792
846 1940
846 1985
847 902
847 1735
847 1762
848 974
848 1075
848 1168
848 1316
848 1473
848 1610
848 1675
848 1677
849 1281
849 1469
849 1783
849 1930
850 979
850 1191
850 1733
851 954
851 1153
851 1208
851 1376
851 1459
851 1802
851 1954
852 872
852 920
852 1765
852 1969
853 992
853 1240
853 1522
853 1588
853 1645
853 1744
853 1951
854 864
854 963
854 1112
854 1123
854 1148
854 1365
854 1548
854 1674
854 1681
855 1169
855 1769
855 1935
855 1975
856 949
856 1043
856 1483
856 1503
856 1885
857 863
857 964
857 1412
857 1633
857 1737
857 1923
857 1986
858 1099
858 1176
858 1485
858 1695
858 1728
858 1911
858 1917
859 979
859 1418
859 1465
860 1192
860 1602
860 1695
860 1965
861 951
861 1261
861 1410
861 1641
861 1648
861 1777
861 1998
862 1378
862 1676
862 1975
863 999
863 1001
863 1325
863 1436
864 1038
865 1282
865 1291
865 1662
865 1897
865 1994
866 956
866 1122
866 1707
866 1812
866 1815
866 1828
867 1166
867 1593
867 1677
867 1794
868 1153
868 1181
868 1262
868 1377
869 981
869 1019
869 1468
870 917
870 1114
870 1340
870 1477
870 1635
870 1684
870 1706
870 1762
870 1923
871 950
871 1302
871 1396
871 1427
871 1481
871 1509
871 1952
872 897
872 1864
873 972
873 1044
873 1541
873 1565
873 1591
873 1647
873 1891
874 965
874 1157
874 1174
874 1210
874 1246
874 1686
874 1724
874 1821
874 1861
875 934
875 1117
875 1527
875 1785
876 967
876 1542
876 1679
877 909
877 1019
877 1110
877 1298
877 1333
877 1490
877 1563
877 1717
877 1856
877 1987
878 1155
878 1189
878 1764
878 1883
879 1124
879 1399
879 1603
880 987
880 1266
880 1884
880 1942
880 1967
881 1068
881 1201
881 1664
881 1738
881 1830
882 937
882 981
882 1347
882 1688
882 1689
883 982
883 999
883 1292
883 1332
884 1084
884 1338
884 1583
885 890
885 1093
885 1239
885 1621
885 1735
886 1474
886 1699
886 1830
886 1867
886 1944
887 1393
887 1404
887 1512
888 1359
888 1553
888 1624
888 1969
889 1494
889 1833
889 1995
890 1032
890 1125
890 1265
891 956
891 1073
891 1123
891 1226
891 1411
891 1525
891 1697
891 1856
892 954
892 956
892 1021
892 1371
892 1385
892 1419
892 1432
892 1439
892 1528
892 1531
892 1584
892 1659
892 1663
892 1916
892 1917
892 1981
893 1113
893 1195
893 1213
893 1248
893 1339
894 1096
894 1295
894 1683
894 1700
895 1117
895 1147
895 1197
895 1383
896 1152
896 1358
896 1634
896 1832
897 903
897 1119
897 1234
897 1502
897 1514
897 1517
897 1615
897 1739
897 1840
898 1365
898 1394
898 1667
898 1902
899 1035
899 1228
899 1302
899 1413
899 1587
899 1618
900 1072
900 1413
900 1665
900 1942
901 992
901 1121
901 1138
901 1262
901 1535
902 948
902 1331
902 1742
903 1246
903 1287
903 1291
903 1299
903 1535
903 1624
903 1753
903 1853
903 1974
904 967
904 1076
904 1116
904 1175
904 1226
904 1358
904 1556
904 1776
904 1777
904 1854
904 1855
904 1863
904 1880
904 1923
905 1009
905 1098
905 1273
905 1687
905 1769
905 1781
905 1783
906 958
906 1659
906 1692
906 1800
906 1915
906 1931
907 1033
907 1178
907 1540
907 1648
907 1796
907 1831
907 1991
908 1147
908 1366
908 1376
908 1590
908 1627
908 1706
908 1791
908 1894
909 1016
909 1415
909 1504
909 1618
909 1949
910 1167
910 1526
910 1690
911 1022
911 1293
911 1533
911 1718
912 1319
912 1538
912 1662
912 1681
912 1856
912 1881
912 1973
912 1993
913 999
913 1266
913 1337
913 1378
913 1458
913 1495
913 1497
913 1862
913 1925
914 1459
914 1594
914 1599
914 1601
915 951
915 981
915 998
915 1323
915 1359
915 1970
916 998
916 1063
916 1107
916 1337
916 1423
916 1439
916 1596
916 1922
917 952
917 977
917 982
917 1198
917 1199
917 1377
917 1502
917 1718
917 1911
918 994
918 1297
918 1635
918 1982
918 1983
919 1258
919 1557
919 1623
919 1662
919 1912
919 1947
920 921
920 1059
920 1194
920 1413
920 1436
920 1458
920 1475
920 1535
920 2000
921 1038
921 1248
921 1561
921 1575
922 977
922 1296
922 1461
922 1907
923 1142
923 1495
923 1575
923 1629
923 1837
923 1924
924 1049
924 1116
924 1253
924 1495
924 1761
924 1866
924 1909
925 1213
925 1218
925 1273
925 1770
926 1129
926 1316
926 1551
926 1605
926 1644
926 1835
927 1116
927 1512
927 1632
928 1004
928 1071
928 1113
928 1397
928 1622
928 1905
929 1103
929 1248
929 1388
930 1565
931 980
931 1015
931 1391
931 1691
931 1748
931 1753
932 1334
932 1518
932 1526
932 1585
932 1686
932 1691
933 1006
933 1222
933 1543
933 1551
933 1861
934 1122
934 1148
934 1237
934 1247
934 1422
934 1545
934 1575
934 1643
934 1738
934 1807
935 1089
935 1109
935 1592
936 1036
936 1105
936 1122
936 1417
936 1419
936 1532
936 1539
936 1542
936 1566
936 1724
936 1770
936 1842
936 1965
937 1006
938 1132
938 1174
938 1325
938 1664
938 1676
938 1695
938 1700
938 1915
939 1106
939 1166
939 1653
940 1109
940 1405
940 1524
941 1361
941 1586
941 1670
941 1732
941 1746
942 1157
942 1196
942 1514
943 960
943 995
943 1134
943 1156
943 1304
943 1463
943 1568
943 1746
944 1051
944 1153
944 1354
945 1247
945 1463
945 1540
945 1981
946 1113
946 1159
946 1516
946 1630
946 1847
946 1865
946 1867
947 995
947 1175
947 1198
947 1248
947 1441
947 1852
947 1877
948 985
948 1138
948 1219
948 1284
948 1335
948 1624
949 979
949 1020
949 1089
949 1633
949 1725
949 1819
949 1832
950 1200
950 1581
950 1881
951 1003
951 1026
951 1152
951 1217
951 1579
951 1647
951 1722
951 1952
952 1213
952 1600
952 1969
953 1265
953 1760
954 991
954 1139
954 1327
954 1361
954 1576
954 1722
954 1868
954 1915
955 1020
955 1102
955 1219
955 1506
955 1518
956 1479
957 1193
957 1651
957 1698
958 1014
958 1539
958 1806
958 1834
959 1491
959 1697
960 1678
960 1803
961 988
961 1013
962 1003
962 1246
962 1424
962 1754
962 1847
963 1102
963 1204
963 1226
963 1358
963 1431
963 1866
963 1898
964 1301
964 1849
964 1927
965 1899
966 1020
966 1035
966 1268
966 1472
966 1622
967 1328
967 1582
967 1750
967 1762
967 1872
967 1907
968 970
968 1007
968 1442
969 1047
969 1059
969 1533
969 1559
970 1080
970 1583
970 1642
970 1918
971 1118
971 1221
971 1380
971 1742
972 1393
972 1682
972 1927
973 1359
973 1835
974 1237
974 1395
974 1992
975 1017
975 1321
975 1819
975 1825
976 1110
976 1439
976 1472
976 1612
976 1835
977 1215
977 1223
977 1248
977 1652
977 1880
977 1919
977 1923
977 1966
978 1011
978 1151
978 1729
978 1897
979 1380
980 1080
980 1185
980 1397
981 1021
981 1102
981 1126
981 1226
981 1421
981 1739
982 1250
982 1264
983 1136
983 1248
983 1256
983 1340
983 1722
983 1791
983 1879
984 1185
984 1441
984 1642
984 1891
984 1974
985 1535
986 1154
986 1169
986 1340
986 1343
986 1386
986 1449
986 1474
986 1808
987 1026
987 1323
987 1836
987 1999
988 1064
988 1122
988 1403
988 1414
988 1443
988 1684
988 1695
988 1814
988 1982
988 1988
989 1000
989 1119
989 1192
989 1286
989 1498
989 1725
989 1772
990 1292
990 1374
990 1430
990 1477
990 1871
990 1959
991 1178
991 1258
991 1352
991 1433
992 1162
992 1326
992 1365
992 1575
992 1602
992 1679
992 1850
993 1189
993 1356
993 1505
993 1616
993 1651
993 1708
993 1787
993 1931
993 1963
994 1057
994 1107
994 1735
994 1842
994 1938
995 1154
995 1615
995 1805
995 1834
996 1531
997 1021
998 1613
998 1695
999 1392
1000 1518
1000 1928
1001 1247
1001 1703
1001 1794
1001 1860
1001 1871
1002 1181
1002 1225
1002 1343
1002 1389
1003 1333
1003 1344
1003 1383
1003 1671
1003 1691
1003 1835
1003 1887
1003 1999
1004 1023
1004 1040
1004 1205
1004 1720
1005 1043
1005 1159
1005 1464
1005 1478
1006 1228
1006 1255
1006 1380
1006 1528
1006 1566
1006 1661
1007 1009
1007 1445
1007 1502
1007 1544
1007 1785
1007 1859
1007 1945
1008 1429
1008 1457
1008 1854
1008 1897
1008 1922
1008 1959
1008 1982
1009 1234
1009 1294
1009 1371
1009 1472
1009 1511
1009 1715
1010 1462
1010 1557
1010 1661
1010 1754
1010 1978
1011 1122
1011 1245
1011 1278
1011 1668
1011 1712
1012 1200
1012 1346
1012 1348
1012 1452
1012 1837
1013 1019
1013 1667
1013 1703
1014 1045
1014 1227
1014 1310
1014 1381
1014 1516
1014 1799
1015 1547
1015 1588
1015 1609
1015 1630
1016 1339
1017 1175
1017 1622
1017 1687
1017 1712
1018 1044
1018 1145
1018 1168
1018 1946
1019 1050
1019 1081
1019 1172
1019 1198
1019 1282
1019 1486
1019 1544
1019 1730
1019 1925
1020 1056
1020 1080
1020 1375
1020 1506
1020 1591
1020 1846
1021 1047
1021 1132
1021 1612
1021 1913
1022 1266
1022 1631
1023 1151
1023 1644
1023 1655
1023 1782
1023 1829
1024 1076
1024 1195
1024 1508
1024 1647
1024 1696
1024 1941
1024 1997
1025 1311
1025 1375
1026 1029
1026 1274
1026 1478
1026 1501
1026 1604
1026 1636
1026 1726
1027 1162
1027 1424
1027 1456
1027 1549
1027 1856
1028 1296
1028 1383
1028 1975
1028 1988
1029 1051
1029 1381
1029 1400
1029 1417
1029 1560
1029 1634
1029 1688
1029 1784
1029 1814
1030 1230
1030 1234
1030 1414
1030 1424
1030 1598
1030 1673
1030 1792
1030 1825
1031 1417
1031 1444
1031 1492
1031 1540
1031 1632
1031 1654
1031 1798
1031 1869
1032 1065
1032 1202
1032 1475
1032 1823
1033 1062
1033 1216
1033 1633
1033 1970
1034 1062
1034 1161
1034 1471
1034 1475
1034 1601
1034 1734
1034 1821
1034 1922
1034 1935
1035 1094
1035 1139
1035 1275
1035 1536
1035 1541
1035 1972
1036 1037
1036 1181
1037 1216
1037 1240
1037 1521
1037 1861
1037 1932
1037 1987
1038 1095
1038 1180
1038 1383
1038 1627
1038 1978
1039 1126
1039 1214
1039 1414
1039 1536
1039 1627
1039 1644
1039 1887
1039 1947
1040 1070
1040 1289
1040 1308
1040 1576
1040 1801
1040 1914
1041 1214
1041 1482
1042 1134
1042 1244
1042 1386
1042 1416
1043 1489
1043 1492
1043 1769
1043 1809
1044 1124
1044 1435
1044 1449
1044 1561
1045 1162
1045 1203
1045 1359
1045 1379
1045 1472
1046 1364
1046 1684
1046 1913
1046 1914
1046 1957
1047 1141
1047 1786
1047 1902
1048 1257
1048 1264
1048 1661
1048 1811
1049 1321
1049 1396
1049 1497
1049 1589
1049 1782
1050 1149
1050 1426
1051 1057
1051 1460
1051 1461
1052 1188
1052 1615
1052 1659
1052 1754
1052 1897
1052 1936
1053 1620
1053 1879
1053 1939
1054 1515
1055 1228
1055 1574
1055 1677
1055 1680
1055 1747
1055 1867
1056 1143
1056 1230
1056 1403
1056 1596
1057 1088
1057 1119
1057 1165
1057 1174
1057 1248
1057 1266
1057 1270
1057 1313
1057 1595
1058 1107
1058 1246
1058 1449
1058 1664
1058 1812
1058 1994
1059 1323
1059 1366
1059 1530
1059 1797
1059 1919
1059 1983
1060 1218
1060 1362
1060 1815
1060 1851
1061 1265
1061 1916
1061 1950
1062 1508
1062 1584
1063 1066
1063 1124
1063 1472
1063 1537
1063 1682
1063 1777
1063 1847
1064 1162
1064 1304
1064 1328
1064 1411
1064 1598
1064 1602
1064 1642
1065 1576
1065 1578
1065 1773
1065 1935
1066 1068
1066 1392
1066 1555
1066 1850
1066 1855
1066 1878
1067 1128
1067 1968
1068 1074
1068 1602
1068 1664
1068 1989
1069 1102
1069 1121
1069 1571
1069 1986
1070 1166
1070 1193
1070 1207
1070 1482
1070 1877
1070 1898
1071 1172
1071 1196
1071 1586
1071 1593
1072 1288
1072 1525
1072 1806
1072 1832
1073 1286
1073 1497
1073 1587
1073 1620
1074 1402
1074 1557
1074 1744
1075 1712
1075 1736
1075 1785
1075 1984
1076 1276
1076 1310
1076 1730
1077 1246
1077 1395
1078 1149
1078 1365
1078 1785
1078 1817
1079 1357
1079 1682
1079 1797
1079 1800
1080 1108
1080 1287
1080 1542
1080 1679
1080 1986
1081 1478
1081 1795
1082 1137
1082 1258
1082 1320
1082 1491
1082 1578
1082 1615
1082 1856
1082 1935
1083 1124
1083 1381
1083 1444
1083 1744
1083 1815
1083 1875
1084 1234
1084 1574
1084 1577
1084 1708
1084 1837
1084 1838
1084 1969
1085 1122
1085 1371
1085 1503
1085 1727
1085 1832
1085 1861
1086 1149
1086 1228
1086 1571
1087 1114
1087 1389
1087 1620
1087 1899
1087 1900
1089 1127
1089 1292
1089 1434
1089 1445
1089 1571
1089 1627
1089 1734
1089 1848
1089 1954
1089 1986
1090 1159
1090 1691
1090 1957
1091 1151
1091 1154
1091 1270
1091 1284
1091 1627
1091 1640
1091 1697
1091 1784
1091 1806
1091 1954
1091 1959
1092 1161
1092 1211
1092 1436
1092 1650
1092 1923
1093 1415
1093 1688
1093 1700
1093 1838
1094 1205
1094 1265
1094 1363
1094 1424
1094 1498
1095 1356
1095 1718
1095 1741
1095 1744
1095 1939
1096 1246
1096 1621
1097 1386
1097 1698
1097 1743
1098 1327
1098 1398
1098 1436
1098 1559
1098 1696
1098 1914
1098 1933
1098 1972
1099 1214
1099 1281
1099 1804
1100 1131
1100 1251
1101 1582
1101 1910
1101 1967
1101 1982
1102 1145
1102 1321
1102 1538
1102 1946
1102 1976
1103 1114
1103 1347
1103 1522
1104 1812
1104 1953
1105 1213
1106 1699
1106 1851
1107 1417
1107 1520
1107 1526
1107 1978
1108 1774
1109 1286
1109 1366
1109 1445
1109 1636
1110 1138
1110 1266
1110 1361
1110 1395
1110 1615
1110 1996
1111 1609
1111 1940
1112 1499
1112 1809
1112 1821
1112 1837
1113 1307
1113 1322
1113 1330
1113 1398
1113 1462
1113 1473
1113 1681
1113 1706
1114 1579
1114 1730
1114 1773
1115 1121
1115 1277
1115 1604
1115 1973
1116 1292
1116 1688
1116 1871
1116 1909
1116 1924
1116 1965
1117 1338
1117 1417
1117 1449
1117 1731
1118 1122
1118 1194
1118 1216
1118 1367
1119 1432
1119 1486
1119 1580
1119 1779
1119 1833
1119 1843
1119 1980
1119 1983
1120 1781
1120 1852
1120 1882
1121 1443
1121 1835
1121 1887
1122 1860
1122 1893
1123 1203
1123 1236
1123 1364
1123 1459
1123 1509
1123 1560
1124 1520
1124 1853
1124 1935
1124 1977
1125 1149
1125 1244
1125 1733
1126 1329
1126 1758
1127 1132
1127 1286
1127 1569
1127 1594
1127 1656
1127 1769
1127 1770
1127 1974
1128 1221
1128 1334
1128 1379
1128 1963
1129 1356
1129 1546
1129 1604
1129 1715
1129 1792
1129 1806
1130 1578
1130 1806
1131 1141
1131 1436
1131 1477
1131 1701
1132 1305
1132 1309
1132 1477
1132 1902
1133 1329
1133 1787
1134 1219
1134 1249
1135 1543
1135 1563
1135 1609
1135 1695
1135 1952
1136 1289
1136 1413
1136 1585
1136 1813
1136 1863
1136 1949
1137 1236
1137 1365
1137 1707
1138 1693
1139 1287
1139 1974
1140 1206
1140 1349
1141 1335
1141 1455
1141 1815
1142 1161
1142 1258
1142 1331
1142 1399
1142 1404
1142 1793
1143 1162
1143 1171
1143 1227
1143 1362
1143 1504
1143 1832
1143 1862
1144 1155
1144 1386
1144 1430
1144 1591
1144 1887
1144 1923
1145 1377
1145 1714
1145 1800
1146 1497
1146 1616
1146 1665
1146 1684
1146 1866
1146 1906
1147 1182
1147 1493
1147 1530
1147 1668
1147 1748
1147 1752
1147 1800
1148 1507
1149 1288
1149 1437
1149 1553
1149 1909
1150 1182
1150 1432
1150 1818
1150 1849
1150 1923
1151 1477
1151 1606
1151 1619
1152 1199
1152 1370
1152 1512
1152 1632
1152 1878
1153 1169
1154 1212
1154 1366
1154 1495
1154 1689
1154 1759
1155 1649
1155 1768
1156 1185
1156 1357
1156 1402
1156 1854
1156 1918
1156 1941
1156 1986
1156 1997
1157 1546
1157 1650
1157 1734
1157 1865
1157 1896
1157 1909
1157 1953
1158 1201
1158 1440
1158 1600
1158 1756
1159 1558
1160 1184
1160 1599
1160 1764
1161 1363
1161 1496
1161 1598
1161 1897
1161 1935
1162 1328
1162 1439
1162 1830
1163 1558
1163 1849
1164 1211
1164 1319
1164 1443
1164 1835
1165 1268
1165 1297
1165 1304
1165 1327
1165 1426
1165 1702
1165 1743
1165 1876
1165 1960
1166 1252
1166 1287
1166 1386
1167 1171
1167 1222
1167 1297
1167 1315
1167 1393
1167 1723
1167 1777
1168 1213
1168 1497
1168 1605
1169 1196
1169 1703
1170 1379
1170 1432
1170 1718
1170 1884
1171 1890
1172 1502
1172 1713
1172 1812
1172 1912
1173 1351
1173 1929
1174 1592
1174 1786
1174 1970
1175 1202
1175 1203
1175 1262
1175 1375
1175 1399
1175 1413
1175 1422
1175 1744
1176 1188
1176 1805
1177 1231
1177 1543
1177 1563
1177 1565
1178 1563
1178 1581
1178 1893
1179 1676
1179 1679
1179 1976
1180 1242
1180 1285
1180 1520
1180 1560
1180 1812
1181 1237
1181 1240
1181 1348
1181 1867
1182 1459
1182 1629
1182 1689
1182 1944
1183 1417
1183 1484
1183 1572
1183 1662
1183 1718
1183 1854
1183 1995
1184 1308
1184 1447
1184 1481
1184 1516
1184 1811
1184 1863
1184 1981
1185 1494
1185 1496
1185 1791
1185 1954
1186 1449
1186 1786
1186 1815
1186 1895
1186 1971
1187 1681
1188 1299
1188 1615
1188 1700
1189 1401
1189 1600
1189 1740
1189 1982
1190 1286
1190 1738
1191 1318
1191 1341
1191 1771
1191 1823
1192 1202
1192 1214
1192 1890
1193 1449
1194 1286
1194 1630
1194 1638
1194 1936
1195 1317
1196 1392
1196 1983
1197 1244
1197 1445
1198 1291
1198 1573
1199 1896
1200 1403
1200 1429
1200 1823
1201 1479
1201 1504
1201 1868
1202 1217
1202 1330
1202 1516
1202 1687
1202 1994
1203 1297
1203 1431
1203 1669
1203 1762
1203 1987
1204 1579
1204 1925
1205 1413
1205 1440
1205 1539
1205 1876
1206 1237
1206 1451
1206 1481
1206 1649
1206 1746
1206 1808
1207 1238
1207 1502
1207 1664
1207 1668
1207 1700
1207 1855
1208 1340
1208 1610
1208 1662
1208 1984
1209 1441
1209 1478
1209 1725
1209 1854
1209 1861
1210 1318
1210 1817
1211 1315
1211 1386
1211 1650
1211 1890
1211 1931
1212 1772
1213 1434
1213 1773
1213 1791
1214 1379
1214 1770
1214 1882
1214 1920
1214 1967
1215 1560
1215 1769
1215 1784
1216 1426
1216 1493
1216 1551
1216 1731
1218 1435
1218 1587
1218 1687
1218 1850
1218 1864
1219 1683
1219 1878
1219 1973
1219 1982
1220 1284
1220 1557
1220 1575
1220 1599
1221 1411
1221 1533
1222 1294
1222 1728
1222 1741
1222 1917
1223 1317
1223 1442
1223 1492
1223 1891
1223 1996
1224 1496
1224 1649
1224 1880
1225 1390
1225 1505
1226 1484
1226 1497
1226 1650
1226 1781
1226 1880
1226 1940
1227 1361
1227 1408
1227 1521
1227 1601
1227 1973
1227 1984
1228 1427
1228 1611
1228 1795
1229 1589
1229 1629
1229 1673
1229 1707
1229 1728
1230 1475
1230 1696
1231 1767
1232 1448
1232 1456
1232 1795
1233 1384
1233 1513
1233 1690
1233 1877
1233 1887
1233 1905
1234 1466
1234 1566
1234 1738
1234 1859
1234 1861
1235 1356
1235 1866
1236 1468
1236 1553
1236 1748
1236 1809
1236 1891
1237 1386
1237 1674
1237 1734
1237 1736
1238 1431
1238 1483
1238 1554
1238 1640
1238 1835
1238 1972
1238 1976
1239 1561
1239 1694
1240 1378
1240 1442
1240 1520
1241 1306
1241 1399
1241 1434
1241 1633
1241 1812
1241 1823
1241 1866
1242 1322
1242 1404
1242 1780
1242 1836
1242 1919
1243 1267
1243 1357
1243 1391
1243 1407
1243 1560
1243 1567
1243 1845
1244 1301
1244 1327
1244 1964
1245 1405
1245 1406
1245 1463
1245 1471
1245 1598
1245 1813
1245 1914
1246 1358
1246 1414
1246 1531
1246 1697
1246 1880
1247 1656
1247 1663
1247 1934
1247 1939
1247 1948
1247 1986
1248 1605
1248 1648
1248 1842
1248 1927
1249 1504
1250 1406
1250 1452
1250 1511
1250 1619
1250 1802
1251 1331
1251 1733
1251 1887
1252 1275
1252 1503
1252 1620
1253 1281
1253 1536
1253 1839
1254 1486
1254 1834
1254 1858
1254 1979
1255 1282
1255 1571
1255 1696
1256 1491
1256 1569
1256 1606
1256 1646
1256 1879
1256 1907
1257 1645
1258 1442
1258 1691
1258 1709
1258 1925
1258 1969
1259 1441
1259 1653
1260 1336
1260 1438
1260 1523
1260 1751
1260 1858
1261 1594
1261 1749
1261 1894
1262 1339
1262 1908
1263 1266
1263 1447
1263 1703
1263 1719
1263 1752
1264 1719
1265 1840
1265 1993
1266 1541
1266 1576
1267 1355
1267 1664
1267 1676
1267 1701
1267 1771
1267 1790
1267 1795
1267 1809
1267 1893
1268 1337
1268 1415
1268 1498
1268 1502
1268 1549
1268 1555
1268 1670
1268 1762
1268 1951
1269 1759
1269 1994
1270 1387
1270 1548
1270 1604
1270 1948
1270 1996
1271 1357
1271 1590
1271 1668
1271 1976
1272 1377
1272 1486
1272 1656
1272 1888
1272 1942
1272 1973
1273 1543
1273 1668
1273 1814
1274 1430
1274 1819
1274 1942
1275 1711
1275 1786
1275 1816
1275 1978
1276 1278
1276 1305
1276 1413
1276 1769
1276 1774
1277 1416
1277 1493
1277 1875
1278 1778
1278 1785
1279 1528
1279 1535
1279 1857
1280 1657
1281 1355
1281 1402
1281 1619
1281 1767
1281 1820
1281 1954
1282 1674
1282 1717
1282 1880
1283 1463
1283 1754
1283 1755
1283 1808
1283 1884
1284 1389
1284 1446
1284 1511
1284 1532
1284 1719
1285 1294
1285 1667
1285 1783
1285 1954
1286 1426
1286 1527
1286 1904
1286 1937
1287 1420
1287 1585
1287 1606
1287 1626
1287 1898
1288 1462
1288 1628
1288 1846
1288 1917
1289 1457
1289 1645
1289 1666
1289 1766
1289 1846
1289 1916
1290 1518
1290 1581
1290 1595
1290 1643
1290 1810
1290 1890
1291 1332
1291 1479
1291 1557
1291 1596
1291 1762
1291 1965
1292 1650
1292 1738
1292 1821
1293 1337
1293 1694
1293 1986
1294 1760
1295 1404
1295 1922
1295 1964
1296 1455
1296 1583
1296 1722
1296 1851
1297 1397
1297 1695
1297 1846
1297 1931
1298 1886
1298 1938
1298 1984
1299 1630
1299 1723
1299 1728
1300 1767
1300 1958
1300 1992
1301 1327
1301 1425
1301 1557
1301 1672
1301 1704
1301 1946
1302 1423
1302 1471
1302 1547
1302 1632
1302 1663
1302 1900
1302 1976
1303 1506
1303 1513
1303 1618
1303 1689
1303 1812
1304 1334
1304 1453
1304 1685
1304 1922
1305 1389
1305 1419
1305 1445
1305 1480
1305 1811
1305 1947
1306 1377
1306 1407
1306 1528
1308 1369
1308 1385
1308 1564
1308 1567
1308 1751
1308 1954
1308 1974
1309 1498
1310 1485
1310 1489
1310 1539
1310 1575
1310 1627
1310 1668
1310 1722
1310 1752
1311 1434
1311 1543
1311 1935
1312 1319
1312 1366
1312 1451
1313 1558
1313 1822
1313 1858
1313 1967
1314 1524
1314 1795
1315 1538
1315 1570
1315 1583
1315 1745
1315 1925
1315 1989
1316 1372
1316 1393
1316 1400
1316 1725
1316 1976
1317 1322
1317 1481
1317 1653
1318 1431
1318 1563
1318 1594
1318 1686
1318 1949
1319 1455
1319 1591
1320 1980
1320 1986
1322 1513
1322 1917
1323 1443
1323 1818
1324 1704
1324 1713
1324 1716
1324 1820
1324 1906
1324 1951
1325 1446
1325 1586
1326 1463
1326 1576
1326 1765
1326 1804
1326 1878
1326 1938
1326 1962
1326 1971
1327 1545
1328 1491
1328 1527
1328 1910
1328 1970
1329 1676
1330 1577
1330 1636
1330 1724
1330 1793
1331 1710
1331 1773
1331 1793
1332 1469
1332 1971
1332 1981
1333 1587
1333 1954
1333 1964
1334 1720
1335 1622
1336 1694
1336 1707
1336 1859
1337 1600
1337 1613
1337 1619
1338 1447
1339 1629
1339 1762
1340 1620
1340 1818
1341 1779
1341 1961
1341 1970
1342 1513
1342 1635
1342 1670
1342 1778
1343 1490
1343 1700
1343 1726
1343 1751
1344 1567
1345 1888
1346 1446
1346 1713
1347 1596
1347 1632
1347 1922
1348 1406
1348 1603
1348 1723
1348 1769
1348 1827
1349 1580
1349 1707
1349 1850
1349 1911
1350 1420
1350 1719
1350 1757
1351 1825
1351 1952
1352 1418
1352 1494
1352 1780
1352 1784
1352 1791
1353 1431
1353 1840
1354 1495
1354 1543
1354 1612
1354 1634
1354 1718
1354 1792
1354 1943
1354 1983
1355 1728
1356 1582
1357 1359
1357 1607
1357 1643
1357 1858
1358 1445
1358 1648
1358 1952
1362 1896
1363 1403
1363 1444
1363 1527
1363 1595
1364 1717
1364 1733
1364 1780
1364 1974
1365 1422
1365 1521
1365 1817
1365 1899
1365 1966
1366 1427
1366 1557
1366 1599
1367 1760
1367 1840
1368 1370
1368 1489
1368 1559
1368 1589
1369 1376
1369 1487
1369 1887
1369 1973
1370 1698
1370 1735
1370 1831
1370 1965
1371 1775
1371 1910
1371 1947
1372 1578
1373 1624
1373 1718
1374 1451
1374 1569
1374 1592
1375 1766
1375 1883
1376 1399
1376 1587
1376 1655
1376 1734
1376 1910
1377 1558
1377 1597
1377 1915
1378 1435
1378 1821
1378 1874
1379 1691
1379 1701
1379 1993
1380 1478
1380 1800
1380 1907
1381 1518
1381 1667
1381 1698
1381 1803
1381 1821
1381 1828
1381 1953
1382 1461
1382 1549
1382 1734
1382 1810
1382 1819
1383 1388
1383 1486
1383 1680
1384 1519
1384 1717
1384 1789
1384 1812
1385 1454
1385 1663
1386 1692
1386 1756
1386 1903
1387 1896
1387 1904
1387 1923
1387 1942
1389 1576
1389 1707
1389 1943
1390 1479
1390 1482
1390 1519
1390 1654
1390 1713
1391 1492
1391 1547
1391 1766
1391 1972
1392 1779
1393 1407
1393 1686
1393 1745
1393 1831
1394 1475
1394 1577
1394 1594
1394 1638
1395 1562
1395 1763
1395 1850
1396 1862
1397 1694
1397 1718
1398 1845
1398 1910
1400 1468
1400 1580
1400 1625
1400 1659
1401 1596
1401 1791
1401 1872
1401 1985
1402 1521
1402 1787
1402 1976
1402 1985
1403 1692
1404 1729
1404 1807
1404 1890
1405 1979
1406 1500
1406 1502
1406 1816
1406 1997
1407 1417
1407 1508
1407 1566
1407 1753
1408 1988
1409 1701
1409 1835
1410 1461
1410 1487
1410 1676
1411 1552
1411 1731
1411 1954
1412 1609
1413 1739
1413 1910
1414 1756
1414 1846
1414 1867
1415 1598
1415 1755
1415 1993
1416 1598
1417 1473
1417 1860
1418 1482
1418 1824
1419 1675
1420 1457
1420 1507
1420 1594
1420 1760
1421 1725
1421 1754
1421 1844
1421 1877
1422 1532
1422 1858
1422 1871
1423 1958
1424 1440
1424 1702
1424 1786
1425 1649
1425 1696
1425 1989
1426 1853
1426 1998
1427 1667
1427 1691
1427 1736
1427 1764
1427 1911
1429 1506
1429 1651
1429 1977
1430 1740
1430 1794
1430 1822
1430 1943
1431 1583
1431 1956
1432 1501
1433 1478
1433 1658
1433 1664
1434 1679
1434 1742
1435 1628
1435 1698
1435 1826
1436 1670
1437 1506
1437 1620
1437 1658
1437 1828
1437 1864
1437 1953
1438 1480
1438 1698
1438 1727
1439 1647
1440 1496
1440 1575
1440 1725
1441 1821
1442 1683
1442 1740
1442 1910
1443 1560
1443 1711
1443 1801
1443 1899
1443 1961
1444 1458
1444 1722
1444 1791
1444 1968
1445 1761
1445 1784
1446 1907
1447 1945
1448 1558
1448 1812
1448 1867
1450 1735
1451 1813
1451 1970
1452 1554
1452 1957
1453 1526
1453 1663
1453 1740
1454 1824
1455 1637
1455 1959
1456 1585
1457 1578
1457 1861
1457 1908
1458 1880
1459 1511
1459 1557
1459 1700
1460 1550
1460 1554
1460 1565
1460 1573
1460 1819
1460 1974
1463 1625
1464 1559
1464 1980
1465 1916
1465 1918
1465 1935
1466 1502
1466 1534
1466 1578
1466 1651
1466 1837
1467 1735
1467 1746
1468 1858
1468 1944
1468 1978
1470 1672
1471 1996
1473 1858
1474 1713
1475 1568
1475 1970
1476 1672
1476 1786
1476 1839
1476 1892
1477 1707
1477 1709
1478 1499
1478 1735
1478 1830
1480 1493
1480 1513
1480 1666
1480 1729
1481 1563
1481 1637
1481 1665
1482 1513
1482 1646
1482 1688
1482 1771
1483 1732
1483 1778
1483 1794
1483 1932
1483 1943
1484 1636
1484 1747
1485 1772
1486 1915
1486 1937
1487 1660
1487 1740
1487 1887
1488 1543
1488 1700
1488 1717
1488 1947
1489 1661
1489 1919
1490 1770
1490 1809
1490 1852
1490 1914
1491 1613
1491 1841
1491 1925
1492 1507
1492 1819
1493 1697
1494 1817
1495 1532
1495 1881
1495 1937
1496 1803
1496 1942
1496 1977
1497 1766
1497 1854
1498 1580
1498 1802
1498 1928
1499 1592
1499 1646
1499 1736
1499 1849
1499 1962
1500 1883
1500 1920
1501 1719
1501 1769
1503 1517
1503 1589
1503 1744
1503 1794
1503 1829
1504 1580
1505 1926
1506 1655
1506 1686
1506 1748
1507 1759
1508 1595
1508 1885
1508 1956
1508 1977
1509 1527
1509 1548
1510 1969
1511 1709
1512 1828
1512 1966
1512 1993
1513 1543
1514 1531
1514 1557
1514 1653
1514 1734
1515 1765
1516 1545
1516 1631
1516 1662
1516 1855
1518 1822
1519 1673
1519 1727
1520 1835
1520 1849
1520 1869
1520 1981
1521 1552
1521 1605
1521 1738
1522 1553
1522 1727
1522 1922
1524 1955
1525 1559
1525 1680
1525 1857
1525 1888
1527 1564
1527 1624
1527 1728
1527 1904
1528 1627
1529 1680
1530 1907
1530 1935
1531 1946
1532 1701
1533 1893
1535 1580
1535 1717
1536 1601
1536 1669
1536 1791
1536 1960
1537 1652
1537 1755
1538 1661
1539 1821
1539 1878
1540 1832
1540 1982
1541 1838
1542 1593
1542 1830
1542 1901
1542 1929
1543 1766
1544 1550
1544 1700
1544 1788
1545 1835
1545 1933
1545 1944
1545 1978
1546 1709
1547 1898
1548 1923
1549 1745
1552 1553
1552 1560
1552 1723
1552 1786
1552 1972
1553 1682
1553 1774
1553 1830
1554 1751
1554 1759
1554 1779
1554 1887
1554 1901
1555 1902
1556 1708
1556 1762
1557 1598
1557 1636
1557 1679
1557 1924
1559 1605
1559 1681
1559 1916
1560 1633
1560 1816
1561 1595
1562 1638
1562 1732
1562 1764
1562 1802
1562 1871
1562 1876
1562 1923
1564 1662
1564 1726
1564 1729
1564 1898
1565 1687
1565 1915
1566 1644
1567 1734
1567 1935
1568 1935
1569 1967
1571 1965
1572 1961
1572 1972
1573 1682
1573 1759
1573 1995
1575 1788
1575 1790
1575 1847
1575 1894
1576 1577
1576 1905
1576 1911
1576 1954
1577 1611
1577 1719
1577 1768
1578 1823
1578 1838
1578 1967
1579 1591
1579 1619
1579 1762
1580 1628
1580 1682
1580 1804
1580 1909
1581 1647
1581 1953
1582 1595
1582 1752
1583 1954
1585 1632
1585 1703
1586 1773
1586 1989
1587 1676
1587 1724
1587 1952
1588 1630
1588 1786
1588 1939
1589 1739
1589 1844
1590 1628
1590 1714
1590 1808
1590 1909
1590 1914
1591 1598
1591 1613
1591 1941
1592 1906
1594 1954
1594 1982
1595 1607
1595 1619
1595 1623
1595 1659
1595 1930
1596 1984
1596 1996
1597 1677
1597 1948
1598 1707
1599 1651
1599 1948
1600 1819
1600 1875
1601 1655
1601 1848
1601 1901
1602 1626
1602 1737
1602 1886
1602 1961
1604 1605
1604 1987
1605 1637
1605 1761
1605 1924
1606 1853
1606 1892
1608 1750
1608 1928
1608 1951
1609 1705
1609 1730
1609 1749
1609 1892
1610 1770
1610 1963
1611 1769
1611 1834
1611 1886
1611 1939
1613 1726
1613 1818
1613 1876
1614 1773
1614 1991
1616 1926
1619 1763
1620 1681
1620 1901
1620 1962
1622 1890
1622 1935
1623 1732
1623 1801
1623 1831
1623 1866
1625 1676
1625 1824
1626 1636
1626 1767
1626 1778
1627 1688
1628 1780
1628 1992
1631 1714
1631 1756
1631 1760
1631 1872
1631 1880
1631 1953
1632 1676
1633 1912
1633 1998
1637 1709
1637 1832
1639 1873
1639 1881
1639 1948
1640 1646
1640 1792
1641 1962
1642 1664
1642 1678
1642 1846
1643 1916
1643 1983
1644 1760
1644 1880
1645 1844
1647 1865
1648 1744
1648 1986
1649 1821
1649 1953
1650 1987
1651 1669
1651 1751
1653 1943
1654 1716
1655 1819
1655 1913
1656 1658
1657 1666
1657 1752
1657 1950
1658 1747
1658 1969
1658 1990
1659 1873
1660 1848
1661 1936
1661 1946
1661 1986
1662 1767
1663 1665
1663 1798
1663 1883
1664 1785
1664 1911
1664 1922
1665 1793
1666 1741
1666 1956
1667 1707
1668 1738
1668 1939
1669 1681
1669 1860
1669 1869
1670 1774
1670 1830
1671 1778
1671 1906
1672 1833
1672 1968
1673 1776
1673 1924
1674 1770
1674 1953
1676 1810
1677 1835
1677 1946
1677 1956
1679 1925
1679 1977
1681 1795
1681 1892
1682 1724
1682 1947
1683 1898
1685 1802
1685 1922
1686 1839
1687 1820
1687 1887
1688 1939
1689 1734
1689 1833
1690 1859
1690 1947
1691 1846
1692 1738
1693 1851
1693 1856
1694 1859
1697 1849
1698 1769
1698 1911
1699 1965
1700 1783
1701 1909
1701 1949
1702 1888
1702 1961
1703 1754
1703 1925
1703 1931
1704 1705
1704 1850
1704 1973
1704 1979
1705 1714
1705 1854
1705 1943
1705 1949
1705 1960
1706 1837
1706 1908
1707 1776
1707 1845
1707 1959
1709 1831
1709 1848
1709 1972
1710 1716
1711 1935
1713 1782
1714 1725
1714 1758
1715 1787
1716 1731
1716 1907
1717 1892
1718 1754
1718 1788
1718 1965
1719 1754
1720 1909
1720 1937
1721 1726
1722 1798
1723 1786
1724 1929
1725 1872
1725 1988
1727 1763
1729 1909
1730 1879
1731 1931
1732 1864
1733 1801
1735 1994
1736 1790
1736 1848
1736 1868
1736 1886
1736 1903
1738 1761
1739 1949
1739 1980
1740 1905
1741 1959
1742 1950
1743 1868
1745 1860
1746 1880
1746 1916
1747 1788
1749 1809
1749 1938
1750 1755
1750 1910
1750 1963
1750 1978
1751 1782
1751 1891
1756 1816
1758 1978
1759 1797
1759 1898
1760 1803
1760 1873
1760 1984
1761 1918
1762 1898
1763 1864
1763 1984
1764 1820
1765 1876
1765 1975
1766 1943
1769 1835
1770 1866
1770 1964
1770 1986
1771 1879
1772 1993
1773 1893
1774 1837
1774 1885
1774 1978
1775 1815
1776 1862
1778 1886
1778 1945
1783 1811
1786 1838
1787 1965
1788 1909
1789 1924
1789 1995
1790 1805
1790 1866
1790 1953
1791 1855
1792 1860
1794 1869
1794 1870
1795 1838
1795 1907
1795 1914
1799 1871
1800 1818
1803 1886
1803 1977
1803 1987
1804 1859
1806 1844
1806 1885
1807 1880
1808 1853
1809 1832
1809 1881
1810 1843
1811 1875
1813 1867
1815 1841
1816 1821
1816 1942
1820 1878
1821 1835
1821 1876
1821 1965
1824 1830
1825 1844
1825 1884
1830 1993
1831 1975
1832 1969
1836 1967
1837 1852
1837 1857
1837 1900
1839 1963
1839 1979
1840 1876
1840 1886
1842 1865
1842 1973
1843 1871
1843 1947
1843 1948
1844 1855
1845 1910
1845 1945
1845 1946
1848 1973
1849 1886
1849 1896
1850 1871
1854 1885
1855 1878
1855 1899
1855 1955
1857 1910
1857 1994
1859 1864
1859 1899
1859 1938
1860 1922
1862 1942
1863 1897
1863 1998
1864 1937
1865 1938
1867 1868
1867 1906
1867 1981
1868 1976
1869 1964
1871 1873
1874 1951
1875 1980
1879 1981
1887 1994
1894 1961
1895 1919
1896 1935
1898 1971
1900 1914
1901 1932
1901 1977
1907 1918
1907 1967
1908 1948
1915 1931
1916 1979
1917 1949
1918 1956
1920 1929
1921 1987
1922 1958
1923 1962
1925 1943
1926 1939
1929 1954
1930 1945
1932 1978
1934 1935
1936 1992
1941 1965
1944 1947
1947 1988
1948 1985
1948 1993
1949 1975
1950 1964
1952 1975
1954 1998
1955 1996
1956 1994
1956 2000
1964 1995
1985 1987
1986 1996
