2000
1 47
1 227
1 273
1 810
1 1198
1 1228
1 1399
1 1542
2 877
2 999
2 1156
2 1186
3 199
3 236
3 289
3 336
3 370
3 877
3 1096
3 1384
3 1622
3 1788
4 81
4 1251
4 1334
4 1517
5 54
5 79
5 555
5 575
5 1250
5 1586
5 1695
6 922
6 1160
6 1290
6 1301
6 1995
6 2000
7 62
7 587
7 597
7 949
7 1272
7 1437
7 1600
7 1818
7 1859
8 128
8 584
8 586
8 698
8 1160
9 517
9 774
9 870
9 947
9 1295
9 1552
9 1905
10 213
10 484
10 1324
10 1542
10 1624
10 1822
10 1887
11 24
11 1178
11 1181
11 1276
11 1318
11 1539
12 246
12 784
12 1510
12 1802
12 1910
13 476
13 588
13 709
13 1042
13 1069
13 1179
13 1461
14 22
14 27
14 383
14 1010
14 1508
14 1669
14 1839
14 1855
15 145
15 1440
15 1646
15 1670
16 137
16 153
16 1030
16 1174
16 1511
16 1731
16 1856
16 1944
17 428
17 584
17 857
17 961
17 1199
17 1228
17 1250
17 1727
17 1798
17 1836
17 1909
18 118
18 379
18 750
18 890
18 1063
18 1264
18 1340
19 328
19 357
19 480
19 724
20 104
20 159
20 527
20 1202
20 1276
20 1989
21 103
21 448
21 890
21 1022
22 171
22 603
22 743
22 842
23 354
23 562
23 563
23 1027
23 1113
23 1319
23 1581
23 1652
24 118
24 437
24 824
24 1021
24 1025
24 1219
24 1256
24 1571
25 49
25 585
25 966
25 1261
26 159
26 248
26 766
26 1718
27 132
27 264
27 384
27 403
27 726
27 1118
27 1257
27 1850
27 1855
27 1974
28 120
28 801
28 803
28 880
28 1033
28 1122
28 1785
29 500
29 512
29 755
29 818
29 980
29 1348
29 1480
29 1618
29 1807
29 1909
30 72
30 595
30 1548
30 1733
30 1867
31 71
31 579
31 751
31 1347
31 1523
31 1683
31 1685
31 1774
32 508
32 711
32 827
32 1628
32 1741
32 1773
33 312
33 1043
34 269
34 1186
34 1198
35 582
35 1145
35 1150
35 1422
35 1527
35 1671
36 41
36 424
36 672
36 793
36 1586
36 1694
36 1829
36 1949
37 47
37 250
37 384
37 499
37 568
37 641
37 768
37 839
37 878
37 1363
37 1886
37 1920
38 135
38 141
38 613
38 1153
38 1222
39 971
39 998
39 1116
39 1679
39 1769
40 179
40 1297
40 1337
41 193
41 198
41 280
41 1087
41 1449
41 1538
41 1562
41 1969
42 196
42 360
42 428
42 630
42 700
42 798
42 1503
43 197
43 911
43 924
43 998
43 1450
43 1615
44 87
44 160
44 441
44 489
44 689
44 1081
44 1112
44 1228
44 1448
44 1981
45 303
45 559
45 805
45 978
45 1453
45 1524
45 1756
46 188
46 296
46 530
46 1085
46 1272
47 105
47 660
47 1096
47 1518
47 1550
47 1782
48 528
48 531
48 756
48 1314
48 1394
48 1437
48 1812
49 498
49 1372
49 1821
50 494
50 968
50 1989
51 788
51 979
51 1311
51 1314
51 1331
52 355
52 766
52 769
52 1582
52 1601
53 919
53 1423
54 265
54 328
54 423
54 506
54 965
54 1299
54 1414
54 1536
54 1661
55 443
55 574
55 1031
56 462
56 565
57 584
57 956
57 1837
58 594
58 682
58 1050
58 1928
58 1950
59 184
59 276
59 445
59 579
59 633
59 1180
59 1411
60 335
60 675
60 1088
60 1226
60 1359
60 1951
61 469
61 639
61 704
61 908
61 953
61 1129
61 1197
61 1473
61 1640
61 1958
62 70
62 169
62 277
62 407
62 1474
62 1688
63 87
63 802
63 1330
63 1805
64 123
64 341
64 411
64 538
64 543
64 585
64 887
64 1634
64 1829
65 134
65 201
65 400
65 452
65 809
65 1059
65 1357
65 1896
65 1931
66 826
66 1083
66 1590
67 214
67 350
67 624
67 648
67 942
67 1576
67 1631
67 1904
68 512
68 515
68 549
68 726
68 768
68 1584
68 1839
69 103
69 261
69 367
69 660
69 722
69 723
69 906
69 1185
69 1891
70 498
70 696
70 757
70 976
71 74
71 495
71 521
71 1341
71 1461
71 1629
72 385
72 394
72 473
72 483
72 1828
73 141
73 235
73 372
73 619
73 840
73 856
73 1021
73 1436
73 1982
74 283
74 714
74 737
74 1626
74 1661
74 1843
75 93
75 160
75 455
75 1007
75 1277
75 1496
75 1918
76 103
76 175
76 291
76 396
76 1213
77 1263
77 1346
77 1496
77 1733
77 1891
78 1539
78 1580
78 1646
79 308
79 536
79 1121
79 1261
79 1539
80 123
80 573
80 805
80 1545
81 315
81 608
81 715
81 1387
81 1805
81 1890
82 192
82 693
82 922
82 1612
82 1881
83 597
83 765
83 912
83 927
83 1020
83 1815
84 685
84 1179
84 1315
84 1756
84 1906
84 1931
85 404
85 480
85 745
85 1447
85 1976
86 496
86 638
86 889
86 1673
86 1770
86 1783
86 1787
86 1794
86 1871
87 91
87 305
87 1321
87 1605
87 1679
87 1738
87 1812
88 572
88 1490
88 1702
89 291
89 596
89 605
89 830
89 926
89 1066
89 1631
89 1681
89 1880
89 1945
90 202
90 403
90 588
90 1087
91 284
91 733
91 1372
91 1655
91 1819
92 1064
92 1397
92 1577
92 1732
92 1934
93 119
93 606
93 653
93 874
93 892
93 1379
93 1505
93 1605
93 1877
94 298
94 451
94 668
94 850
94 1251
94 1527
94 1530
94 1762
95 159
95 590
95 1222
95 1682
96 809
96 953
96 975
96 999
96 1062
96 1151
96 1503
96 1511
97 109
97 139
97 731
97 773
97 917
97 938
97 1209
97 1677
97 1937
98 211
98 880
98 1061
98 1085
98 1516
98 1676
98 1679
99 412
99 567
99 1563
99 1990
100 206
100 1475
101 1146
101 1416
102 521
102 1913
102 1990
103 218
103 221
103 811
103 1224
103 1704
103 1798
103 1812
104 1904
105 309
105 379
105 408
105 1184
105 1455
105 1705
105 1720
105 1880
106 122
106 384
106 1118
106 1704
107 216
107 465
107 1043
107 1129
107 1498
107 1544
107 1674
108 187
108 405
108 484
108 597
108 1699
109 129
109 224
109 382
109 432
109 640
109 792
109 868
109 878
109 960
109 1290
110 437
110 1104
110 1432
110 1559
110 1802
110 1996
111 269
111 1199
111 1284
111 1515
111 1943
111 1954
112 406
112 679
112 849
112 1006
112 1278
112 1397
112 1426
112 1437
112 1787
112 1799
112 1869
113 184
113 1244
113 1609
113 1644
114 609
114 1371
114 1576
115 1261
115 1804
115 1826
116 922
116 1530
116 1836
117 688
117 774
118 1054
118 1154
118 1579
119 269
119 497
119 697
119 1002
119 1041
119 1196
119 1530
119 1554
119 1605
120 573
120 731
120 807
120 989
120 1144
121 537
121 677
121 886
121 1285
121 1484
121 1719
121 1760
122 293
122 1094
122 1259
123 184
123 472
123 500
123 508
123 1087
123 1234
123 1264
123 1823
124 291
124 343
124 681
124 1204
125 553
125 1726
126 788
126 1355
126 1882
126 1951
127 614
127 668
127 999
127 1028
127 1212
127 1677
127 1954
128 676
128 884
128 1033
128 1958
129 172
129 482
129 766
129 1021
129 1041
129 1151
129 1524
130 499
130 860
131 422
131 735
131 776
131 1575
132 266
132 306
132 531
132 1871
133 352
133 551
133 915
133 943
133 1006
133 1386
133 1637
134 167
134 391
134 477
134 1207
134 1543
135 1854
136 239
136 407
136 1220
136 1413
137 719
137 752
137 862
137 1614
138 888
138 1333
138 1452
138 1577
138 1707
138 1827
138 1860
139 202
139 479
139 691
139 1072
139 1721
140 881
140 1483
140 1597
140 1605
140 1862
141 157
141 258
141 1147
141 1494
142 206
142 383
142 885
142 901
142 982
142 1047
142 1202
142 1674
142 1997
143 256
143 714
143 1165
144 165
144 931
144 1136
144 1268
144 1467
144 1591
144 1632
144 1980
145 401
145 740
145 1332
145 1453
145 1531
145 1625
145 1658
146 164
146 897
146 1056
146 1272
146 1698
146 1854
147 598
147 676
147 894
147 997
147 1313
147 1329
147 1398
147 1567
147 1674
148 686
148 924
148 1039
148 1129
148 1273
148 1598
148 1702
149 479
149 624
149 875
149 1226
149 1401
149 1812
150 453
150 489
150 844
150 910
150 1113
150 1776
151 191
151 544
151 934
151 945
152 171
152 661
152 1119
152 1214
152 1445
152 1477
152 1839
153 1333
153 1372
153 1378
153 1940
154 157
154 487
154 555
154 880
154 1272
155 211
155 247
155 378
155 1376
155 1671
155 1779
155 1860
155 1910
156 1035
156 1295
156 1848
157 187
157 584
157 860
157 1427
157 1998
158 491
158 820
158 1546
158 1818
158 1866
159 205
159 370
159 714
159 874
159 953
160 422
160 1349
160 1671
160 1884
162 180
162 286
162 404
162 492
162 620
162 874
162 890
162 1264
162 1324
162 1482
163 174
163 496
163 659
163 732
163 1221
163 1502
163 1504
163 1541
163 1650
164 429
164 1035
164 1250
164 1962
165 350
165 544
165 613
165 875
165 1057
165 1234
165 1317
165 1397
165 1778
166 349
166 671
166 1147
166 1536
166 1939
167 690
167 748
167 1313
167 1630
167 1795
167 1841
167 1879
167 1992
168 632
168 692
168 1657
169 555
169 606
169 810
169 835
169 1040
169 1361
169 1451
169 1963
170 301
170 406
170 1211
170 1263
170 1427
170 1569
170 1793
171 257
171 636
171 686
171 992
171 1055
171 1062
171 1123
171 1452
171 1471
171 1943
172 288
172 918
172 926
172 986
172 1063
172 1204
172 1766
172 1790
173 313
173 604
173 748
173 1060
173 1528
173 1632
173 1896
174 440
174 877
174 1307
174 1426
174 1926
175 452
175 526
175 534
175 586
175 1800
175 1950
176 477
176 960
176 1052
176 1230
176 1535
176 1806
177 374
177 580
177 659
177 857
177 901
177 1826
177 1999
178 504
178 1405
178 1653
179 413
179 565
179 995
179 1064
179 1182
179 1916
180 318
180 729
180 1207
180 1322
180 1381
180 1637
180 1753
180 1781
181 421
181 460
181 1688
182 325
182 593
182 1042
182 1083
182 1486
182 1511
182 1529
182 1730
182 1739
182 1984
183 190
183 202
183 304
183 677
183 880
183 1079
183 1658
183 1830
183 1996
184 314
184 383
184 891
184 1238
184 1482
184 1782
184 1881
185 1070
185 1108
185 1163
185 1310
185 1401
185 1647
186 793
186 1007
186 1080
186 1194
186 1399
187 205
187 664
187 675
187 726
187 1014
187 1024
187 1226
187 1328
187 1590
187 1619
187 1702
187 1915
187 1953
188 266
188 301
188 528
188 819
188 1193
188 1234
188 1382
188 1664
188 1719
188 1980
189 395
189 839
189 993
189 1291
189 1539
189 1760
190 447
190 820
190 890
190 897
190 1171
190 1641
191 195
191 333
191 344
191 486
191 832
191 903
191 1067
191 1272
191 1494
192 1224
192 1505
192 1786
192 1797
193 296
193 577
193 627
193 968
193 1213
193 1254
193 1362
193 1610
193 1740
193 1874
194 270
194 900
194 1273
194 1710
194 1721
194 1807
194 1832
194 1852
194 1860
194 1951
195 402
195 675
195 1569
195 1785
196 1106
196 1242
196 1292
196 1383
196 1565
197 394
197 483
197 510
197 542
198 312
198 474
198 694
198 1029
198 1210
198 1230
198 1321
198 1786
198 1921
199 263
199 331
199 545
199 921
199 1281
199 1566
199 1726
200 413
200 530
200 999
200 1093
200 1430
200 1494
200 1744
200 1838
200 1844
201 202
201 508
201 1550
201 1580
201 1679
201 1834
202 266
202 268
202 723
202 1133
202 1767
203 237
203 329
203 930
203 1339
204 636
204 735
204 1599
204 1822
205 958
205 1043
205 1480
205 1857
206 549
206 1410
206 1415
206 1514
206 1562
206 1747
206 1787
206 1868
207 294
207 845
207 1158
207 1597
207 1648
208 523
208 570
208 580
208 615
208 623
208 1250
208 1670
208 1864
209 379
209 946
209 947
209 1131
209 1206
209 1390
209 1494
209 1826
210 267
210 425
210 627
210 651
210 1077
210 1300
210 1313
211 693
211 1565
211 1770
211 1808
212 1747
212 1780
212 1955
213 567
213 775
213 1515
213 1573
213 1749
214 364
214 572
214 625
214 790
214 911
214 1142
214 1446
214 1567
214 1639
215 1396
215 1790
215 1863
216 361
216 585
216 871
217 363
217 636
217 1206
217 1447
217 1683
217 1768
218 427
218 540
218 1053
218 1504
218 1531
219 1450
219 1620
219 1621
219 1668
219 1717
220 350
220 1306
220 1565
221 772
221 1116
221 1231
222 401
222 597
222 1183
222 1716
222 1892
223 479
223 852
223 905
223 1015
223 1384
223 1848
224 294
224 936
224 1377
224 1508
224 1885
225 259
225 377
225 475
225 1051
225 1136
225 1337
225 1527
225 1888
226 291
226 329
226 768
227 575
227 1174
227 1551
227 1970
228 1195
228 1295
228 1317
228 1471
228 1888
229 411
229 473
229 1108
229 1464
230 306
230 422
230 609
230 705
230 1241
230 1444
230 1694
230 1934
231 1226
231 1352
231 1821
232 255
232 715
232 916
232 1239
232 1419
232 1621
232 1844
233 400
233 1474
234 244
234 378
234 421
234 529
234 656
234 761
234 939
234 1527
235 800
235 1269
235 1456
235 1663
235 1829
236 411
236 550
236 1213
236 1305
236 1490
236 1712
236 1880
237 1002
237 1066
237 1378
237 1595
238 315
238 937
238 1156
238 1408
238 1858
238 1878
238 1924
239 612
239 854
239 967
239 1062
239 1304
239 1361
239 1483
239 1976
240 300
240 448
240 655
240 735
240 832
240 915
240 1024
240 1481
240 1494
240 1714
240 1770
240 1945
241 341
241 736
241 1082
241 1805
241 1932
242 526
242 894
242 1037
242 1730
242 1941
243 265
243 795
243 1102
243 1329
243 1944
244 469
244 862
244 999
245 386
245 1296
245 1456
245 1465
245 1929
246 340
246 389
246 511
246 885
246 906
246 1095
246 1164
246 1287
247 1490
247 1559
247 1945
248 403
248 529
248 1012
248 1323
248 1713
248 1731
249 537
249 618
249 821
249 1233
249 1508
249 1781
250 434
250 682
250 984
250 1517
251 272
251 1214
251 1314
251 1334
251 1408
251 1952
252 960
252 1466
252 1744
252 1873
252 1976
253 1214
253 1222
253 1418
254 543
254 759
254 1136
254 1381
255 849
255 1010
255 1072
255 1337
255 1372
256 866
256 1228
256 1241
256 1293
256 1535
257 322
257 909
257 943
257 1080
257 1208
257 1671
257 1779
257 1934
258 464
258 1060
258 1378
259 289
259 969
259 1147
259 1800
260 380
260 423
260 982
260 1128
260 1866
261 540
261 708
261 727
261 1403
262 341
262 359
262 444
262 1321
262 1568
263 674
263 819
263 1579
263 1654
263 1735
264 1109
264 1461
265 746
265 1508
265 1560
265 1797
266 762
266 1102
266 1282
266 1858
266 1887
266 2000
267 344
267 415
267 684
267 861
267 1631
267 1689
267 1883
268 442
268 525
268 1565
268 1664
268 1903
268 1983
269 450
269 510
269 972
269 1553
269 1729
269 1755
270 315
270 476
270 1245
270 1328
271 386
271 757
271 1543
271 1631
272 1208
272 1363
272 1662
273 1343
273 1636
273 1710
273 1884
274 553
274 1228
274 1859
275 618
275 923
275 974
276 377
276 722
276 1984
277 517
277 700
277 887
277 944
277 1775
277 1867
278 734
278 1157
278 1601
279 368
279 767
279 961
279 1196
279 1308
279 1914
280 543
280 600
280 704
280 981
280 1686
280 1963
281 1337
281 1451
282 287
282 825
282 1152
282 1255
283 420
283 436
283 492
283 871
283 919
283 1123
283 1255
283 1269
283 1433
283 1752
283 1825
284 748
284 943
284 1102
284 1176
284 1446
285 845
285 1109
285 1315
285 1684
285 1722
286 720
286 1347
286 1721
286 1850
287 329
287 1336
287 1461
287 1715
288 850
288 1387
288 1400
288 1703
289 1055
289 1058
289 1151
289 1334
289 1390
289 1850
289 1996
290 779
291 326
291 555
291 1155
291 1315
291 1796
292 750
292 756
292 1020
292 1347
292 1616
292 1889
293 994
293 1368
293 1475
293 1557
293 1605
293 1833
294 467
294 843
294 1508
294 1551
294 1564
294 1720
295 766
295 779
295 794
295 1735
295 1977
295 1991
296 350
296 441
296 793
296 1278
297 369
297 614
297 1027
297 1495
297 1594
297 1912
298 558
298 601
298 613
298 1242
298 1347
298 1807
298 1995
299 471
299 1467
299 1604
299 1882
300 769
300 837
300 939
300 1114
300 1304
300 1401
300 1548
300 1662
300 1736
300 1993
301 959
302 1555
302 1926
302 1974
303 1309
304 773
304 1270
304 1624
304 1641
305 870
305 882
305 1956
306 370
306 975
307 604
307 890
307 979
307 1725
307 1977
308 316
308 579
308 999
308 1289
308 1335
308 1869
309 896
309 1519
309 1662
309 1735
309 1757
310 389
310 590
310 605
310 992
310 1048
310 1403
310 1424
311 1089
311 1842
312 448
312 1666
313 464
313 608
313 805
313 1560
313 1579
314 885
314 1782
315 537
315 801
315 1407
315 1929
315 1961
316 595
316 940
316 1447
317 999
317 1466
317 1498
317 1557
318 473
318 1281
318 1689
318 1917
319 776
319 1525
320 512
320 712
320 787
320 812
320 957
320 959
320 1076
320 1191
320 1641
320 1678
320 1929
321 1293
321 1594
322 436
322 929
322 1555
322 1730
322 1906
323 474
323 843
323 1815
323 1819
323 1821
323 1892
323 1964
324 369
325 730
325 1040
325 1047
325 1221
325 1267
325 1358
326 504
326 856
326 1171
326 1803
327 509
327 577
327 1090
327 1152
327 1374
327 1418
328 667
328 1233
328 1721
329 1506
329 1541
329 1913
330 719
330 1089
331 515
331 753
331 1903
332 544
332 622
332 916
332 1147
332 1190
332 1415
332 1638
332 1677
332 1858
333 686
333 1797
333 1889
334 366
334 958
334 1154
334 1488
334 1502
334 1763
335 469
335 1337
335 1481
335 1497
335 1580
335 1702
335 1815
336 1705
336 1940
336 1970
337 1038
337 1167
337 1294
338 424
338 933
338 1023
338 1092
338 1308
338 1458
338 1459
338 1535
339 389
339 740
339 975
339 993
339 1002
340 357
340 437
341 516
341 600
341 638
341 682
341 719
341 1171
341 1180
341 1281
341 1614
341 1622
342 970
342 1184
342 1189
342 1447
343 435
343 460
343 1058
343 1847
344 382
344 548
344 1070
344 1328
344 1424
345 1513
346 456
346 655
346 1029
346 1622
346 1809
347 554
347 582
347 636
347 787
347 1726
348 1222
349 1106
349 1787
350 703
350 750
350 1025
350 1292
350 1546
350 1581
350 1728
350 1817
351 556
351 841
351 1317
351 1731
351 1734
351 1778
351 1787
352 850
352 883
352 887
352 1277
352 1430
353 878
353 982
353 1122
354 788
354 959
354 1252
354 1522
354 1820
355 380
355 467
355 1342
356 409
356 1417
356 1929
357 442
357 487
357 503
357 801
357 1628
357 1639
357 1641
357 1909
358 661
358 676
358 980
358 1068
359 589
359 636
359 1151
359 1327
359 1560
359 1617
359 1650
360 906
360 1211
360 1316
360 1582
360 1658
361 1039
361 1474
361 1719
361 1925
362 970
362 1415
362 1881
363 1024
363 1866
363 1958
364 393
364 1328
364 1611
364 1684
365 800
365 1184
365 1516
365 1569
366 503
366 614
366 650
366 864
366 1593
366 1700
366 1911
366 1915
366 1998
367 383
367 856
367 1128
367 1279
367 1760
368 572
368 713
368 948
368 1277
369 417
369 888
369 1168
369 1404
369 1668
370 480
370 1256
370 1654
371 632
371 933
371 1029
371 1109
371 1496
371 1528
371 1781
371 1787
372 709
372 1633
373 733
373 743
373 1641
373 1784
374 442
374 920
374 1319
374 1630
374 1946
375 509
375 584
375 708
375 793
375 894
375 1808
375 1982
375 1989
376 1085
376 1249
376 1880
377 571
377 613
377 1508
377 1831
378 916
378 1154
378 1285
378 1329
378 1545
379 592
379 878
379 1706
379 1789
380 688
380 1502
380 1629
380 1701
380 1813
381 978
381 1385
381 1966
382 1119
383 731
383 1388
384 409
384 805
384 868
384 920
384 1075
384 1171
384 1519
384 1609
385 615
385 1066
386 874
386 1395
386 1399
386 1632
386 1735
387 474
387 665
387 875
387 999
387 1527
387 1627
388 580
389 600
389 1234
389 1632
389 1669
389 1976
390 723
390 1162
390 1367
390 1412
390 1585
390 1751
391 1499
391 1521
391 1709
391 1931
392 1666
393 1702
394 783
394 817
394 935
394 1016
394 1119
394 1193
394 1340
394 1348
394 1854
395 719
395 1193
395 1923
395 1994
396 708
396 1442
396 1960
397 419
397 518
397 631
397 1150
397 1260
397 1943
398 404
398 459
398 660
398 1019
398 1533
398 1750
399 959
399 993
399 1234
400 522
400 739
400 1107
400 1359
400 1383
400 1582
400 1931
401 900
401 1277
402 860
402 1057
402 1098
402 1378
402 1425
403 568
403 1617
403 1641
403 1741
404 605
404 1303
404 1433
405 539
405 706
405 861
406 750
406 1109
406 1172
406 1542
406 1963
407 1279
407 1802
408 821
408 1120
408 1337
409 1495
410 574
410 688
410 1103
410 1696
411 1163
411 1506
411 1511
411 1693
411 1719
411 1758
411 1883
411 1941
412 721
412 1358
413 522
413 976
413 1204
413 1329
413 1465
413 1496
413 1682
413 1719
413 1758
413 1991
413 1997
414 1104
414 1240
414 1430
415 492
415 1244
415 1344
415 1875
416 654
416 836
416 1224
416 1357
417 518
417 1028
417 1703
417 1881
417 1939
418 589
418 595
418 654
418 863
418 904
418 1169
418 1460
418 1652
419 558
419 625
419 823
419 984
419 1155
419 1309
419 1712
419 1923
420 697
420 728
420 1208
420 1317
420 1393
420 1449
420 1534
420 1743
420 1836
421 939
421 1340
421 1347
421 1483
421 1488
421 1716
421 1725
422 619
422 643
422 916
422 1669
422 1865
422 1937
423 558
423 671
423 972
423 1503
424 836
424 1108
425 631
425 675
425 1071
425 1096
425 1438
426 738
426 741
426 1286
427 542
427 606
427 695
427 1065
427 1073
427 1493
427 1663
427 1789
428 636
428 671
428 1434
428 1463
428 1673
429 541
429 1281
429 1415
429 1767
430 711
430 910
430 1040
430 1270
430 1305
430 1460
430 1741
430 1764
431 780
431 829
431 1074
431 1176
431 1376
431 1404
431 1715
431 1751
431 1835
432 482
432 672
432 1199
433 521
433 609
433 1140
433 1847
434 833
434 1660
435 467
435 496
435 674
435 781
435 926
435 1737
436 814
436 841
436 1291
436 1803
437 1220
437 1802
437 1904
438 484
438 526
438 540
438 554
438 982
438 1680
439 1156
439 1638
439 1764
440 1062
440 1522
440 1816
441 489
441 699
441 779
441 882
441 1165
441 1362
441 1567
442 1056
442 1287
442 1454
442 1649
443 850
443 1151
443 1258
443 1716
443 1925
444 957
444 999
444 1090
445 568
445 1917
446 684
446 837
446 918
446 1550
447 454
447 1435
447 1661
447 1796
447 1839
448 685
448 1069
448 1498
448 1590
448 1656
448 1677
449 747
449 1371
450 1182
450 1420
450 1675
451 561
451 567
451 860
451 1445
451 1542
451 1624
451 1681
452 530
452 547
452 896
452 924
452 1074
452 1225
452 1282
452 1398
452 1883
453 528
453 1645
453 1688
454 470
454 805
454 1946
455 522
455 553
455 1416
455 1480
455 1721
456 631
456 833
456 1161
456 1736
457 589
457 659
457 914
457 1044
457 1669
457 1735
457 1949
458 1382
458 1486
458 1512
458 1528
458 1641
459 941
459 1154
459 1189
459 1705
460 725
460 1544
460 1905
461 507
461 986
461 1235
461 1510
462 1084
462 1255
462 1372
462 1413
462 1720
463 645
463 832
463 1035
464 1553
464 1599
464 1768
465 1048
465 1240
465 1267
465 1361
465 1489
465 1548
465 1695
465 1780
465 1867
466 583
466 1065
466 1643
467 981
467 1214
467 1240
467 1525
467 1884
468 1059
468 1237
468 1337
468 1366
468 1745
468 1896
469 485
469 864
469 1325
469 1398
469 1683
469 1698
469 1770
470 1015
470 1132
470 1297
470 1409
471 533
471 548
471 635
471 839
471 964
471 1274
472 675
472 1166
472 1564
473 484
473 651
473 750
473 916
473 1617
474 507
474 725
474 1066
474 1121
474 1403
474 1574
475 837
475 910
475 1337
475 1383
476 625
476 685
476 874
476 1139
476 1223
476 1298
476 1408
476 1514
476 1915
477 740
477 1671
478 512
478 584
478 863
478 869
478 1029
478 1280
478 1367
478 1450
479 769
479 997
479 1756
480 553
480 735
480 813
480 1393
480 1907
480 1960
481 710
481 1208
481 1355
481 1805
481 1858
481 1940
482 904
482 960
482 1008
482 1170
483 710
483 735
483 1435
483 1702
483 1803
483 1853
484 580
484 607
484 980
484 1458
484 1529
484 1813
484 1901
485 1114
485 1158
485 1282
485 1320
485 1376
485 1404
485 1587
485 1718
485 1779
486 499
486 1085
486 1499
486 1724
486 1948
487 1513
488 647
488 714
488 1103
488 1384
488 1416
488 1696
488 1762
489 533
489 542
489 607
489 1394
489 1484
489 1890
490 841
490 1466
491 999
492 909
492 1085
493 502
493 753
493 798
493 1089
493 1421
494 837
494 932
494 1234
494 1398
494 1773
494 1816
495 783
495 841
495 1649
496 510
496 691
496 867
496 922
496 1147
496 1212
496 1416
496 1586
496 1872
497 662
497 878
497 1229
497 1396
497 1899
497 1995
498 547
498 776
498 927
498 1041
498 1201
498 1202
498 1564
499 778
499 889
499 1215
499 1458
499 1823
500 975
500 1098
500 1178
500 1210
500 1447
500 1615
501 866
501 892
501 998
501 1566
502 662
502 720
502 728
502 1148
502 1277
502 1364
502 1370
503 516
503 1095
503 1226
504 1132
504 1440
504 1619
505 538
505 1143
505 1558
505 1563
505 1822
506 1439
506 1654
507 1097
507 1335
507 1485
507 1725
507 1850
508 525
508 531
508 672
508 936
508 1510
508 1524
509 710
509 1351
509 1361
509 1571
509 1605
509 1780
510 1148
510 1337
510 1670
511 864
511 870
511 1330
511 1654
511 1840
511 1916
512 528
512 946
512 1051
512 1249
512 1485
513 691
514 771
514 833
514 841
514 1326
514 1874
515 1141
515 1889
516 657
516 902
516 994
516 1084
516 1105
517 874
518 1276
519 626
519 808
519 1276
519 1305
519 1625
519 1758
519 1762
520 633
520 754
520 804
520 865
520 1157
520 1159
520 1198
520 1583
520 1967
520 2000
521 1274
522 1323
522 1377
523 1597
523 1720
523 1882
524 1367
524 1655
524 1985
525 758
525 799
525 1253
525 1416
525 1777
525 1782
525 1988
526 565
526 944
526 1046
526 1159
526 1327
527 704
527 1046
527 1064
527 1088
527 1271
527 1520
527 1666
527 1707
528 1348
528 1380
528 1999
529 594
529 853
529 860
529 1135
529 1144
529 1323
529 1461
529 1636
530 1380
531 688
531 1453
531 1859
532 621
532 1710
533 703
533 1329
533 1378
533 1769
533 1846
534 766
534 1056
534 1585
535 650
535 1279
535 1620
535 1715
535 1978
536 549
536 749
536 830
536 875
536 1026
536 1051
536 1315
537 1131
538 988
539 873
539 1086
539 1093
539 1528
540 1354
540 1483
540 1579
540 1708
540 1834
541 760
542 759
542 1608
542 1841
543 1238
543 1370
543 1436
544 1035
544 1173
544 1186
544 1690
545 831
545 967
545 1077
545 1278
545 1406
545 1566
545 1882
546 880
546 1264
546 1347
547 684
547 1427
547 1735
547 1770
548 859
548 954
548 1228
548 1401
548 1403
548 1642
548 1722
548 1965
550 1258
550 1285
550 1308
550 1401
551 1422
552 566
552 580
552 1003
552 1014
552 1185
552 1317
552 1517
553 579
553 633
553 1041
553 1152
553 1334
553 1537
553 1771
554 565
554 1506
554 1680
554 1803
555 703
555 1091
555 1122
555 1129
555 1455
555 1806
556 1148
556 1934
557 1350
557 1655
557 1720
558 843
558 939
558 1036
558 1962
558 1990
559 1020
559 1135
560 1311
560 1688
560 1871
561 1259
561 1370
561 1627
562 1232
562 1252
562 1490
563 823
563 1014
563 1428
563 1857
564 608
564 910
564 926
564 1580
564 1655
565 1017
565 1468
565 1555
565 1820
565 1979
566 1715
566 1840
567 951
567 1129
567 1188
568 701
568 716
568 865
568 1127
568 1421
568 1426
568 1949
569 788
569 918
569 995
569 1056
570 780
570 990
570 1117
570 1210
570 1843
571 929
572 879
572 1310
572 1849
573 1191
573 1198
573 1568
573 1984
574 643
574 726
574 993
574 1522
574 1820
574 1841
574 1996
575 1128
575 1234
575 1439
576 899
576 914
576 1589
576 1923
577 900
577 901
577 1573
577 1982
578 1250
578 1904
579 597
579 726
579 1793
580 813
580 1295
580 1333
580 1486
580 1638
580 1736
580 1798
581 673
581 677
581 866
581 1151
581 1515
581 1667
581 1706
582 611
582 821
582 862
582 1115
582 1605
582 1661
582 1901
583 708
583 1728
583 1872
584 587
584 1467
584 1732
584 1739
585 1356
585 1384
585 1891
586 625
586 819
586 1441
586 1462
586 1566
586 1884
587 760
587 838
587 920
587 989
587 1137
587 1182
588 673
588 1003
588 1018
588 1711
588 1767
589 903
589 1300
589 1423
589 1701
590 959
590 1838
591 1397
591 1626
591 1745
591 1874
592 707
592 756
592 767
592 1070
592 1235
592 1305
592 1509
592 1533
592 1935
593 750
593 1089
593 1294
593 1507
593 1588
593 1740
593 1749
593 1970
594 1223
594 1532
594 1794
594 1827
594 1934
595 1689
596 912
596 971
596 1451
596 1556
596 1624
596 1772
597 823
597 993
597 1110
597 1238
597 1244
598 989
598 1118
599 1064
599 1105
599 1407
599 1506
599 1734
600 629
600 926
600 1013
600 1114
601 655
601 753
601 785
601 1488
601 1708
601 1722
602 691
602 976
602 1134
602 1218
602 1313
602 1415
602 1585
602 1632
602 1955
603 668
603 1201
603 1533
603 1753
604 921
604 1910
605 629
605 775
605 1066
605 1343
605 1861
606 795
606 984
607 837
607 1191
607 1422
608 680
608 706
608 881
608 1052
608 1281
608 1450
608 1537
608 1638
608 1775
608 1832
608 1860
609 830
609 833
609 1035
609 1283
609 1513
609 1586
609 1644
610 991
610 1197
610 1748
610 1955
611 798
611 822
611 1103
612 961
612 1602
613 685
613 700
613 796
613 908
613 1167
613 1483
613 1809
614 1122
614 1490
614 1802
614 1958
615 1739
615 1900
615 1911
616 692
616 792
616 855
616 1242
616 1330
616 1686
616 1891
617 805
617 1311
618 833
618 1074
618 1135
618 1241
618 1795
619 711
619 926
619 1240
619 1316
619 1756
620 851
620 1055
620 1679
621 1816
622 1521
622 1627
622 1836
622 1960
622 1973
623 837
623 1007
623 1224
623 1849
624 875
624 1018
624 1346
625 824
625 1957
627 849
627 1076
627 1361
628 1008
628 1245
628 1682
629 723
629 1116
629 1787
629 1891
630 930
630 1235
630 1433
630 1483
630 1551
630 1777
631 1612
632 672
632 1045
632 1244
632 1267
632 1352
632 1381
632 1460
633 920
633 1650
634 1245
634 1288
634 1717
634 1991
635 776
635 847
635 1314
635 1531
635 1540
635 1974
636 1212
637 1028
638 946
638 1084
638 1097
638 1984
639 669
639 757
639 1166
639 1710
640 849
640 1762
641 759
641 1826
642 812
642 1096
643 719
643 1229
643 1246
643 1283
643 1907
644 731
644 989
644 1053
644 1154
644 1219
644 1470
644 1573
644 1883
645 1315
645 1983
646 748
646 930
646 978
646 1013
646 1328
646 1459
646 1994
647 735
647 1130
647 1611
648 651
648 734
648 1134
648 1941
649 800
650 851
650 1079
650 1816
650 1817
651 701
651 833
651 847
651 1233
651 1247
651 1917
651 1998
652 1074
652 1187
652 1582
652 1824
652 1893
653 658
653 1519
653 1645
653 1967
654 1248
654 1255
654 1576
654 1772
655 1171
655 1200
655 1346
655 1528
655 1654
655 1755
656 911
656 1021
656 1264
656 1274
657 742
657 1252
657 1723
657 1968
657 1978
658 814
658 1039
658 1508
658 1526
658 1611
658 1745
658 1977
659 938
659 1083
659 1100
659 1576
659 1796
659 1950
660 905
660 1209
661 886
661 1614
662 896
662 1668
662 1887
663 957
663 1005
663 1082
663 1693
663 1969
663 1979
664 686
664 1490
665 722
665 953
665 1158
665 1163
665 1471
665 1636
666 680
666 850
666 901
666 1110
666 1129
667 670
667 729
667 820
667 1760
668 899
668 1193
668 1304
668 1505
668 1514
668 1927
669 1254
669 1787
669 1837
670 748
670 769
670 1095
670 1198
670 1816
671 1247
671 1251
671 1749
672 758
672 1255
673 757
673 916
673 1633
673 1711
673 1765
674 1034
674 1172
674 1411
674 1426
674 1702
674 1850
675 1454
675 1481
675 1516
675 1573
676 754
676 1271
676 1296
676 1914
677 1145
677 1197
677 1253
677 1508
677 1726
678 754
678 852
678 1024
678 1503
678 1805
678 1918
679 721
679 911
679 1242
680 1323
680 1367
680 1512
680 1778
681 752
681 1258
681 1652
681 1734
681 1762
682 692
682 919
682 1486
682 1511
682 1893
684 773
684 908
684 1269
684 1465
684 1669
684 1806
685 925
685 1049
685 1190
685 1198
685 1249
685 1888
686 1921
687 1462
687 1715
688 841
688 929
688 1062
688 1369
688 1382
688 1424
688 1458
688 1699
689 1334
689 1526
689 1802
689 1950
689 1998
690 869
690 923
690 1147
690 1318
690 1441
690 1885
691 707
691 863
691 1184
691 1278
691 1661
691 1934
692 992
692 1108
692 1447
692 1511
692 1587
692 1825
692 1891
693 1063
693 1177
693 1209
693 1650
693 1956
694 727
694 940
694 1211
694 1569
694 1591
695 777
695 835
695 990
695 1075
695 1262
695 1890
697 1056
697 1219
697 1251
697 1740
697 1786
698 890
698 1305
698 1412
698 1585
698 1692
698 1834
698 1919
698 1990
699 1744
700 811
700 1478
701 842
702 1109
702 1223
702 1418
702 1876
703 988
703 1887
704 930
704 1152
704 1160
704 1293
704 1317
704 1343
704 1457
704 1904
704 1975
705 1283
705 1405
705 1755
705 1917
706 1308
706 1402
706 1686
707 959
707 1251
707 1607
707 1796
708 1594
708 1896
709 710
709 855
709 1135
709 1184
709 1523
709 1836
710 1571
711 1038
711 1087
711 1285
712 759
712 808
712 1172
712 1388
712 1601
712 1695
713 753
713 962
713 1130
713 1186
714 751
714 1072
714 1288
714 1338
715 1027
715 1042
715 1935
716 1019
716 1468
716 1686
717 782
717 838
717 973
718 1507
718 1920
719 894
719 1072
719 1645
720 793
720 1076
720 1097
720 1105
720 1273
721 889
721 958
721 991
721 1745
721 1867
722 842
722 1127
722 1361
723 1288
723 1378
723 1736
723 1785
723 1848
723 1917
724 748
724 1575
724 1638
724 1917
725 1098
725 1168
725 1372
725 1490
725 1539
725 1758
725 1970
725 1974
726 1502
726 1709
726 1808
727 736
727 1443
727 1611
727 1897
728 924
728 970
728 1112
728 1718
729 940
729 1143
729 1723
729 1914
730 1148
730 1241
730 1853
731 1552
732 864
732 944
732 1761
733 1338
733 1791
734 1849
734 1851
735 799
735 874
736 795
736 841
736 968
736 1012
736 1783
736 1928
737 1112
738 976
738 1158
738 1416
738 1767
738 1874
739 902
739 1409
739 1583
739 1604
740 883
740 1078
740 1316
740 1609
741 986
741 1010
742 767
742 878
742 1012
742 1049
742 1057
742 1091
742 1454
742 1658
742 1962
743 832
744 1332
744 1508
744 1645
744 1753
744 1979
745 914
745 1008
745 1100
745 1188
745 1682
745 1788
746 823
746 1951
747 1086
747 1809
747 1882
747 1930
748 1766
749 833
749 950
749 1136
749 1621
750 951
750 1394
750 1907
751 1128
752 775
752 907
752 944
752 1076
752 1547
752 1906
753 936
753 1429
753 1673
753 1742
753 1849
754 1581
754 1829
755 1235
755 1373
755 1773
756 887
756 1066
756 1836
756 1883
757 789
757 1154
757 1524
757 1687
758 869
758 1590
758 1602
758 1897
759 1095
759 1168
759 1935
759 1938
760 1936
761 891
761 1112
761 1216
762 1002
762 1137
762 1189
762 1601
762 1829
763 979
763 1847
764 838
765 879
765 909
765 1256
765 1421
766 1173
766 1239
766 1697
766 1780
766 1817
766 1851
766 1862
767 934
767 1844
767 1995
768 794
768 1082
768 1425
768 1866
768 1901
769 793
769 1107
769 1791
770 855
770 878
770 899
770 1144
770 1350
770 1500
771 1252
771 1351
771 1788
771 1953
772 934
772 1396
772 1428
772 1659
772 1916
772 1918
773 1210
773 1310
773 1362
774 1518
775 987
775 1139
775 1234
775 1480
775 1636
775 1643
775 1910
775 1924
776 998
776 1283
776 1301
776 1384
776 1795
778 1077
778 1475
778 1800
778 1925
779 1037
779 1615
780 835
780 894
780 1443
780 1486
780 1690
781 1036
781 1295
781 1479
782 848
782 949
783 1307
783 1732
783 1816
783 1827
783 1869
784 1078
784 1559
785 840
785 1475
785 1924
786 1520
786 1610
787 890
787 1141
787 1310
787 1519
787 1707
788 1101
788 1454
788 1742
788 1871
789 923
789 1225
789 1400
789 1405
789 1540
789 1971
790 967
790 1501
790 1508
790 1801
790 1835
791 824
791 873
791 1166
792 1010
792 1114
792 1260
793 817
793 984
793 1521
793 1611
794 1004
794 1219
794 1838
795 1204
795 1298
795 1399
795 1551
795 1590
795 1784
796 1567
796 1710
796 1849
796 1984
797 1112
797 1174
797 1214
797 1417
797 1546
797 1709
797 1796
798 995
798 1618
799 1059
799 1695
799 1770
800 818
800 1389
800 1732
801 814
801 849
801 1352
802 1123
802 1201
802 1468
802 1738
803 894
803 1041
803 1092
803 1204
803 1289
803 1327
803 1460
804 1054
804 1798
804 1939
804 1956
805 948
805 1292
805 1317
806 1071
806 1890
806 1895
807 977
808 862
808 1505
808 1763
808 1966
808 1970
809 980
809 1547
810 850
810 971
810 997
810 1209
810 1305
811 1017
811 1287
811 1486
811 1526
812 1074
812 1540
812 1731
812 1824
813 930
813 1549
813 1671
813 1792
814 825
814 885
814 923
814 964
814 1624
814 1740
814 1848
816 1011
816 1602
816 1861
816 1876
817 1155
817 1495
817 1549
818 1331
818 1346
818 1536
818 1543
818 1750
819 878
819 1228
820 1165
820 1321
821 1069
821 1895
821 1960
821 1985
822 1276
822 1312
822 1379
822 1433
824 1033
824 1328
824 1349
824 1658
824 1676
824 1997
825 1138
825 1323
825 1364
825 1779
826 1317
827 856
827 993
827 1221
827 1411
828 844
828 1417
828 1425
828 1600
828 1750
829 1454
829 1646
829 1878
829 1948
830 1102
830 1172
830 1314
830 1385
830 1727
830 1763
831 961
831 1774
832 1346
832 1620
832 1894
833 895
833 1135
833 1526
833 1773
833 1828
834 1413
835 967
835 1239
835 1401
835 1445
835 1592
835 1688
835 1831
836 838
836 869
836 1282
836 1685
837 1142
837 1481
837 1630
837 1913
838 1296
838 1557
839 1166
839 1294
839 1310
839 1670
839 1731
840 1006
840 1311
840 1334
840 1365
840 1796
840 1837
841 908
841 1409
842 902
842 1029
842 1106
843 1001
843 1119
843 1320
843 1439
843 1678
844 1502
844 1512
845 960
845 1646
845 1805
846 879
846 1064
846 1088
846 1469
846 1552
846 1642
846 1646
846 1720
846 1740
846 1809
846 1825
846 1892
847 1443
848 1018
848 1545
848 1553
848 1598
848 1962
849 910
849 1102
849 1213
850 1623
850 1830
851 1222
851 1561
852 1468
852 1601
853 1437
854 1176
854 1430
854 1538
854 1739
854 1853
855 1161
855 1179
855 1265
855 1630
856 1012
856 1046
856 1142
856 1329
856 1332
856 1501
856 1848
857 892
857 951
857 1467
857 1549
857 1909
858 975
858 1194
858 1746
858 1897
859 874
859 1056
859 1298
859 1561
860 892
860 1221
860 1377
860 1587
861 924
861 948
861 1013
861 1407
862 890
862 963
862 1273
862 1593
862 1611
862 1842
863 984
863 1287
863 1315
863 1601
864 1276
864 1512
864 1889
865 934
865 1082
865 1664
867 1197
867 1601
867 1922
868 1450
868 1683
869 914
869 1147
869 1427
869 1545
869 1636
869 1741
870 980
870 1016
870 1169
870 1598
870 1705
870 1706
870 1771
870 1967
871 1003
871 1501
871 1665
872 1376
872 1727
873 991
873 1100
873 1132
873 1208
873 1669
873 1846
874 1190
874 1281
874 1996
875 1724
876 1539
876 1610
876 1786
876 1916
876 1994
877 1252
877 1279
877 1617
877 1772
878 1430
878 1699
878 1758
879 1039
879 1230
879 1278
879 1443
879 1804
880 1251
880 1587
881 989
881 1465
881 1625
881 1715
881 1824
882 929
882 1178
882 1624
883 888
883 1161
883 1417
883 1571
883 1739
883 1829
884 1482
884 1517
884 1607
884 1829
884 1864
884 1933
884 1951
885 1431
886 900
886 1352
887 1061
887 1078
887 1849
888 1035
888 1188
889 1143
889 1671
889 1975
890 1324
890 1399
891 1118
891 1192
891 1475
891 1523
893 1005
893 1325
893 1560
893 1916
893 1932
894 1724
895 899
896 1006
896 1113
896 1898
896 1947
897 1120
897 1589
898 911
898 970
898 1548
898 1679
898 1924
899 1449
900 985
900 1252
900 1651
900 1834
901 1622
902 1157
902 1275
902 1674
902 1711
902 1822
903 1023
903 1314
903 1468
903 1736
904 920
904 995
904 1010
904 1993
905 1738
905 1820
905 1852
905 1883
906 1493
906 1604
907 1191
907 1515
908 1049
908 1656
909 926
909 1157
909 1623
910 954
910 976
910 1704
911 953
911 1575
912 1041
912 1105
913 941
913 1157
913 1329
913 1659
914 987
914 1324
914 1393
915 1222
915 1771
915 1995
916 1438
917 1167
917 1230
917 1540
917 1666
917 1967
918 1365
918 1477
918 1935
919 997
919 1517
920 1148
920 1294
920 1839
921 954
921 1025
921 1903
922 1288
922 1715
922 1834
923 1169
924 1189
924 1325
924 1471
924 1580
925 1225
925 1617
926 1667
927 1577
927 1847
928 1597
928 1640
929 962
929 1150
929 1529
929 1802
929 1880
929 1959
930 959
930 1065
930 1245
930 1489
931 1283
931 1344
932 980
932 1090
932 1602
932 1907
933 956
933 984
933 1258
933 1614
933 1707
933 1875
933 1949
934 1118
934 1399
935 976
935 1926
935 1955
935 1971
936 1966
937 1162
937 1433
937 1586
938 996
938 1142
938 1281
938 1808
939 1386
939 1540
939 1902
940 993
940 1338
940 1437
940 1597
940 1754
941 1505
941 1606
942 1006
942 1025
942 1870
943 1140
943 1183
943 1652
944 958
944 1108
944 1127
944 1245
944 1706
944 1950
945 1776
946 1393
946 1668
946 1699
947 1332
947 1605
947 1615
948 1003
948 1004
948 1238
948 1704
948 1801
948 1914
949 1245
949 1333
949 1449
949 1548
950 1539
950 1799
951 1634
951 1722
951 1734
951 1881
951 1944
952 1284
952 1550
952 1944
953 979
953 1368
953 1381
953 1453
953 1716
953 1853
953 1986
954 1026
954 1381
954 1409
954 1601
954 1822
954 1863
955 1092
955 1223
955 1472
955 1531
955 1626
955 1797
956 1146
957 1045
957 1469
958 1148
958 1293
959 1066
959 1076
959 1695
959 1758
959 1826
961 975
961 1078
961 1178
961 1413
961 1812
962 1876
963 1143
963 1561
965 1206
965 1402
965 1772
965 1955
966 971
966 1407
966 1432
966 1805
967 1087
967 1641
968 985
968 1048
968 1076
968 1223
968 1517
968 1662
969 1281
969 1646
970 1104
970 1233
970 1411
970 1477
970 1739
970 1831
970 1959
971 982
971 1322
971 1645
972 1032
972 1295
972 1333
972 1957
973 1531
973 1553
973 1568
974 1412
974 1445
974 1969
975 1579
975 1706
975 1805
976 1540
976 1725
976 1736
977 1403
977 1426
978 1246
978 1645
979 1098
980 1854
981 1436
981 1761
982 986
982 1165
982 1526
982 1803
983 1227
984 1404
984 1778
985 1653
985 1805
986 1351
986 1586
987 1010
987 1276
987 1301
987 1803
988 1079
988 1609
988 1866
989 1118
989 1165
989 1182
989 1349
989 1929
990 1085
990 1159
990 1357
990 1550
991 1195
991 1937
992 1017
992 1503
992 1519
992 1614
992 1651
992 1761
993 1067
993 1261
993 1302
993 1449
993 1990
994 1004
994 1312
994 1348
994 1499
995 1888
996 1071
996 1534
997 1089
997 1564
997 1653
998 1374
998 1560
998 1673
998 1979
998 1987
999 1112
999 1192
1000 1320
1000 1783
1001 1174
1001 1185
1001 1450
1001 1694
1002 1112
1002 1156
1002 1270
1002 1497
1002 1609
1002 1867
1003 1123
1003 1291
1003 1630
1004 1053
1004 1117
1005 1441
1005 1884
1006 1317
1006 1647
1007 1477
1007 1838
1008 1888
1008 1953
1009 1094
1009 1449
1009 1717
1010 1289
1011 1139
1011 1186
1011 1319
1011 1480
1011 1616
1011 1825
1012 1104
1012 1217
1012 1369
1012 1638
1013 1152
1013 1191
1013 1373
1014 1229
1014 1422
1014 1597
1015 1128
1015 1145
1016 1498
1016 1571
1016 1757
1016 1879
1016 1978
1017 1120
1017 1695
1017 1746
1018 1215
1018 1273
1018 1357
1018 1602
1019 1282
1019 1833
1019 1844
1019 1975
1020 1056
1020 1659
1021 1931
1022 1106
1023 1607
1023 1618
1023 1972
1024 1218
1024 1362
1024 1621
1024 1820
1025 1797
1025 1821
1026 1056
1026 1240
1026 1674
1027 1148
1027 1786
1027 1809
1028 1288
1028 1393
1028 1458
1028 1897
1029 1038
1029 1451
1030 1572
1030 1811
1031 1221
1031 1838
1032 1561
1033 1304
1033 1606
1033 1786
1034 1172
1034 1656
1035 1485
1035 1684
1036 1374
1037 1180
1037 1233
1037 1435
1037 1592
1038 1133
1038 1872
1039 1049
1039 1075
1039 1266
1039 1680
1040 1183
1040 1192
1041 1918
1042 1295
1042 1353
1042 1878
1043 1394
1043 1658
1043 1676
1043 1946
1044 1047
1044 1403
1044 1427
1045 1447
1045 1892
1046 1078
1046 1409
1046 1736
1046 1992
1046 1997
1047 1344
1047 1419
1047 1615
1047 1980
1048 1188
1048 1568
1048 1990
1049 1133
1049 1158
1049 1184
1049 1192
1049 1707
1050 1087
1050 1162
1050 1724
1050 1821
1051 1091
1051 1104
1051 1474
1051 1713
1051 1997
1052 1304
1052 1848
1054 1182
1054 1625
1054 1630
1055 1151
1055 1271
1055 1432
1055 1520
1055 1864
1055 1915
1055 1973
1056 1207
1056 1808
1056 1900
1057 1141
1057 1486
1057 1507
1059 1515
1059 1528
1060 1077
1060 1244
1060 1862
1060 1908
1060 1969
1060 1987
1061 1070
1061 1402
1061 1561
1063 1318
1063 1519
1063 1580
1064 1135
1064 1348
1064 1875
1065 1950
1066 1121
1066 1144
1066 1540
1067 1332
1067 1853
1067 1910
1067 1970
1068 1091
1068 1891
1068 1957
1068 1979
1070 1197
1070 1948
1072 1088
1072 1132
1072 1273
1072 1617
1072 1967
1073 1204
1073 1313
1074 1280
1074 1826
1075 1090
1075 1701
1075 1974
1076 1626
1076 1699
1076 1700
1077 1341
1077 1563
1077 1719
1077 1994
1078 1210
1078 1847
1079 1153
1079 1532
1080 1164
1080 1392
1080 1553
1080 1944
1081 1365
1081 1547
1081 1682
1082 1140
1082 1316
1082 1356
1082 1412
1082 1663
1083 1092
1083 1463
1083 1890
1084 1288
1084 1433
1084 1830
1085 1334
1085 1360
1085 1504
1085 1775
1086 1438
1086 1737
1087 1228
1087 1377
1087 1806
1088 1129
1088 1778
1088 1977
1089 1231
1089 1626
1090 1170
1090 1532
1091 1306
1091 1616
1091 1662
1091 1905
1092 1149
1092 1287
1092 1425
1092 1458
1092 1661
1092 1747
1093 1362
1093 1373
1094 1113
1094 1384
1094 1428
1094 1610
1095 1566
1096 1105
1096 1375
1097 1159
1097 1171
1097 1186
1097 1191
1097 1313
1097 1570
1098 1420
1098 1531
1098 1790
1099 1221
1100 1105
1100 1199
1100 1684
1100 1700
1100 1711
1100 1942
1100 1984
1101 1339
1101 1562
1101 1575
1101 1680
1101 1822
1101 1908
1101 1943
1102 1315
1102 1491
1102 1778
1103 1181
1103 1455
1103 1481
1103 1959
1104 1162
1104 1447
1104 1836
1105 1117
1105 1122
1105 1200
1105 1259
1105 1422
1105 1700
1105 1971
1106 1686
1107 1295
1107 1912
1108 1145
1108 1778
1108 1919
1109 1120
1109 1174
1109 1766
1110 1651
1110 1675
1110 1805
1110 1974
1111 1693
1111 1862
1111 1899
1112 1586
1113 1326
1113 1595
1113 1749
1114 1586
1114 1736
1114 1942
1115 1586
1115 1614
1116 1621
1116 1963
1117 1131
1117 1189
1117 1595
1118 1972
1118 1992
1119 1150
1119 1236
1119 1259
1119 1839
1120 1965
1121 1223
1122 1265
1122 1999
1123 1321
1123 1378
1124 1299
1124 1406
1124 1434
1124 1489
1124 1507
1124 1678
1124 1755
1126 1204
1126 1264
1126 1635
1126 1773
1127 1152
1127 1413
1127 1698
1129 1138
1129 1143
1129 1970
1130 1139
1130 1155
1130 1530
1130 1784
1131 1288
1131 1412
1131 1820
1131 1885
1131 1890
1132 1216
1132 1573
1132 1829
1132 1936
1133 1178
1133 1288
1133 1444
1134 1946
1135 1406
1135 1540
1135 1899
1136 1241
1136 1300
1136 1639
1136 1930
1137 1425
1138 1752
1138 1921
1139 1699
1139 1824
1139 1845
1140 1263
1140 1481
1140 1792
1141 1372
1142 1756
1142 1927
1143 1888
1144 1170
1144 1591
1144 1670
1144 1873
1145 1189
1145 1639
1145 1999
1146 1499
1146 1549
1147 1302
1148 1165
1148 1191
1149 1244
1149 1313
1149 1696
1149 1704
1149 1845
1150 1345
1150 1547
1150 1772
1151 1409
1151 1631
1151 1671
1152 1603
1153 1223
1153 1680
1153 1691
1154 1210
1154 1347
1154 1547
1155 1337
1155 1395
1155 1593
1156 1261
1156 1403
1156 1479
1156 1931
1157 1280
1157 1426
1157 1545
1157 1727
1159 1175
1160 1840
1161 1267
1161 1438
1161 1781
1161 1855
1162 1506
1162 1622
1162 1825
1163 1339
1163 1668
1164 1295
1166 1517
1166 1523
1166 1959
1167 1636
1167 1654
1168 1691
1168 1984
1170 1353
1170 1484
1171 1623
1171 1989
1172 1246
1172 1552
1172 1621
1172 1802
1172 1929
1173 1728
1173 1818
1174 1864
1175 1398
1175 1426
1175 1486
1175 1554
1175 1711
1176 1199
1176 1911
1178 1432
1178 1533
1178 1584
1178 1860
1179 1520
1179 1591
1179 1649
1180 1320
1182 1472
1183 1463
1183 1915
1184 1249
1184 1251
1184 1290
1184 1527
1184 1593
1184 1705
1184 1730
1184 1900
1184 1942
1185 1559
1185 1832
1186 1786
1187 1494
1187 1556
1188 1787
1188 1847
1189 1229
1189 1486
1189 1983
1190 1520
1190 1581
1190 1740
1190 1868
1191 1561
1191 1903
1192 1335
1192 1665
1192 1975
1194 1269
1194 1546
1194 1632
1194 1991
1195 1414
1195 1654
1195 1696
1195 1911
1195 1976
1196 1283
1196 1512
1197 1469
1198 1486
1199 1321
1199 1909
1200 1483
1200 1829
1200 1980
1201 1289
1201 1555
1203 1360
1203 1936
1204 1709
1204 1752
1204 1965
1205 1357
1205 1542
1205 1594
1205 1848
1206 1295
1206 1342
1206 1623
1207 1252
1207 1488
1207 1616
1207 1955
1208 1400
1208 1658
1209 1286
1209 1398
1209 1654
1210 1297
1211 1403
1211 1589
1212 1278
1212 1386
1212 1529
1212 1692
1212 1757
1213 1424
1213 1748
1213 1807
1214 1494
1214 1843
1214 1902
1215 1348
1215 1624
1216 1305
1216 1463
1216 1686
1216 1687
1217 1689
1219 1272
1219 1473
1219 1596
1219 1639
1219 1728
1220 1243
1220 1586
1220 1648
1220 1716
1220 1986
1221 1688
1221 1744
1221 1989
1222 1275
1222 1449
1222 1551
1223 1444
1223 1985
1224 1326
1224 1833
1224 1840
1225 1511
1225 1644
1225 1654
1226 1634
1226 1704
1226 1752
1226 1758
1227 1497
1227 1578
1227 1742
1227 1853
1227 1984
1228 1727
1228 1979
1229 1300
1229 1941
1230 1507
1230 1670
1230 1910
1230 1932
1230 1958
1230 1976
1232 1956
1233 1353
1233 1359
1233 1455
1233 1537
1233 1624
1233 1635
1234 1570
1235 1413
1235 1505
1235 1880
1235 1997
1236 1615
1236 1827
1237 1315
1237 1320
1238 1456
1238 1544
1238 1898
1238 1961
1239 1466
1239 1477
1240 1703
1240 1708
1241 1457
1241 1712
1241 1797
1241 1882
1242 1497
1242 1501
1242 1747
1242 1912
1245 1701
1245 1845
1246 1278
1246 1342
1246 1785
1247 1364
1247 1412
1247 1420
1247 1454
1247 1531
1247 1693
1247 1713
1249 1261
1249 1719
1249 1827
1250 1315
1250 1488
1250 1750
1250 1865
1251 1412
1251 1563
1251 1578
1252 1724
1252 1763
1253 1483
1253 1854
1254 1952
1255 1919
1256 1291
1256 1846
1257 1534
1257 1725
1257 1902
1257 1904
1257 1950
1258 1827
1258 1951
1260 1391
1260 1397
1260 1715
1261 1310
1261 1673
1261 1792
1261 1793
1261 1818
1261 1888
1262 1953
1263 1508
1263 1691
1263 1720
1263 1804
1263 1854
1265 1579
1265 1607
1265 1936
1266 1931
1266 1995
1267 1892
1268 1335
1268 1452
1268 1786
1269 1713
1270 1614
1271 1320
1271 1708
1272 1528
1272 1819
1273 1340
1273 1453
1273 1718
1274 1416
1274 1741
1275 1691
1276 1674
1277 1849
1278 1294
1278 1340
1278 1619
1278 1691
1278 1828
1278 1863
1279 1381
1280 1707
1280 1791
1281 1327
1281 1349
1281 1549
1282 1796
1283 1331
1283 1564
1283 1889
1284 1463
1285 1766
1285 1943
1286 1678
1286 1795
1288 1699
1288 1823
1288 1909
1289 1413
1289 1694
1289 1842
1289 1961
1290 1375
1292 1987
1293 1800
1293 1830
1293 1897
1294 1632
1294 1893
1295 1318
1295 1369
1296 1422
1296 1483
1297 1480
1297 1953
1297 1985
1299 1441
1299 1460
1299 1513
1299 1984
1300 1308
1300 1553
1300 1904
1301 1763
1303 1515
1303 1693
1303 1788
1303 1806
1303 1888
1305 1337
1305 1442
1305 1489
1305 1544
1305 1574
1305 1900
1306 1802
1306 1827
1306 1908
1307 1322
1307 1656
1307 1704
1307 1927
1309 1534
1310 1675
1310 1718
1311 1568
1311 1612
1311 1648
1311 1890
1312 1689
1312 1999
1313 1315
1314 1567
1314 1769
1315 1657
1315 1733
1315 1758
1316 1787
1316 1939
1317 1946
1319 1555
1319 1564
1320 1509
1321 1552
1322 1391
1322 1701
1322 1717
1322 1904
1324 1871
1325 1857
1325 1970
1326 1968
1327 1342
1327 1629
1329 1547
1329 1551
1330 1799
1331 1375
1331 1753
1331 1837
1331 1887
1331 1903
1333 1358
1333 1898
1335 1375
1335 1512
1335 1910
1336 1414
1336 1593
1336 1971
1337 1397
1337 1430
1337 1670
1339 1694
1339 1888
1340 1797
1342 1466
1342 1571
1343 1372
1343 1777
1344 1360
1344 1442
1345 1359
1345 1735
1345 1935
1345 1987
1346 1571
1347 1423
1347 1463
1348 1725
1348 1777
1348 1942
1349 1757
1349 1812
1350 1631
1350 1675
1350 1893
1351 1538
1352 1838
1353 1529
1353 1570
1353 1954
1355 1721
1355 1938
1356 1572
1356 1682
1356 1784
1356 1961
1357 1519
1357 1919
1358 1375
1358 1453
1358 1680
1358 1691
1358 1912
1359 1652
1359 1765
1360 1434
1360 1492
1360 1792
1360 1880
1361 1435
1362 1957
1363 1975
1364 1731
1365 1537
1367 1493
1367 1742
1368 1770
1368 1788
1368 1990
1369 1972
1370 1840
1370 1849
1371 1457
1371 1472
1371 1492
1372 1621
1374 1826
1374 1931
1375 1612
1375 1790
1377 1471
1377 1480
1377 1618
1377 1856
1377 1914
1378 1383
1378 1533
1378 1779
1379 1450
1379 1543
1379 1744
1380 1548
1380 1873
1381 1481
1381 1709
1381 1753
1382 1721
1383 1963
1384 1744
1384 1877
1384 1929
1385 1431
1385 1868
1385 1939
1386 1702
1387 1737
1387 1776
1387 1779
1387 1876
1387 1947
1388 1583
1388 1616
1389 1969
1390 1501
1390 1525
1390 1818
1390 1857
1390 1870
1390 2000
1391 1573
1391 1619
1391 1663
1391 2000
1392 1906
1393 1435
1393 1514
1393 1567
1393 1749
1394 1501
1394 1520
1395 1398
1395 1490
1395 1511
1395 1675
1397 1736
1397 1915
1398 1591
1398 1723
1399 1416
1401 1573
1401 1656
1401 1733
1402 1845
1402 1911
1403 1741
1403 1821
1404 1740
1405 1631
1405 1856
1406 1911
1407 1408
1407 1490
1407 1917
1408 1431
1408 1754
1408 1872
1408 1948
1409 1955
1410 1528
1411 1547
1411 1604
1411 1824
1411 1974
1412 1817
1413 1520
1413 1759
1414 1739
1414 1887
1414 1905
1415 1739
1416 1608
1416 1661
1416 1971
1417 1623
1417 1897
1417 1942
1418 1596
1418 1721
1419 1420
1419 1609
1420 1833
1420 1865
1420 1922
1422 1861
1422 1936
1423 1630
1424 1678
1425 1673
1426 1531
1426 1875
1427 1780
1428 1594
1429 1811
1429 1848
1430 1591
1430 1781
1430 1988
1431 1730
1431 1771
1432 1631
1432 1769
1433 1518
1433 1584
1433 1593
1433 1847
1433 1953
1434 1574
1434 1626
1435 1595
1435 1698
1436 1755
1437 1465
1437 1648
1438 1490
1438 1814
1439 1552
1439 1668
1440 1735
1440 1745
1440 1966
1441 1627
1442 1610
1442 1943
1443 1827
1444 1555
1444 1759
1444 1990
1445 1745
1446 1573
1447 1530
1449 1671
1449 1997
1450 1645
1451 1834
1451 1966
1453 1906
1453 1945
1454 1791
1454 1807
1455 1852
1458 1828
1459 1911
1460 1552
1461 1636
1461 1817
1462 1565
1462 1594
1462 1678
1462 1773
1463 1482
1463 1917
1464 1561
1464 1636
1464 1651
1465 1609
1465 1661
1465 1702
1466 1993
1467 1495
1467 1577
1469 1795
1469 1828
1470 1493
1470 1737
1471 1753
1472 1944
1473 1517
1474 1601
1474 1734
1474 1754
1474 1782
1474 1957
1477 1675
1478 1822
1479 1547
1480 1500
1483 1697
1483 1739
1483 1820
1484 1993
1486 1690
1486 1909
1486 1963
1488 1500
1488 1749
1488 1816
1488 1880
1489 1844
1490 1724
1491 1531
1491 1628
1491 1776
1492 1679
1493 1688
1493 1730
1493 1792
1493 1973
1494 1499
1494 1914
1495 1609
1497 1510
1498 1763
1499 1777
1499 1781
1499 1879
1500 1875
1500 1902
1500 1968
1500 1996
1501 1691
1502 1796
1503 1730
1503 1964
1505 1725
1505 1780
1505 1782
1506 1891
1507 1703
1507 1781
1512 1575
1513 1558
1515 1583
1516 1788
1517 1660
1517 1749
1517 1961
1518 1592
1518 1802
1518 1916
1519 1547
1520 1587
1520 1634
1521 1548
1521 1884
1521 1887
1523 1682
1524 1539
1526 1879
1527 1952
1532 1588
1532 1793
1533 1571
1533 1661
1533 1662
1533 1719
1534 1566
1534 1610
1535 1930
1535 1996
1536 1875
1537 1765
1538 1752
1538 1817
1538 1864
1540 1624
1540 1871
1541 1684
1543 1626
1543 1651
1544 1768
1545 1801
1545 1849
1545 1962
1546 1694
1547 1709
1548 1652
1548 1751
1549 1695
1549 1938
1550 1778
1550 1779
1555 1694
1555 1711
1555 1724
1558 1795
1558 1938
1559 1634
1559 1842
1559 1907
1560 1862
1561 1825
1562 1594
1562 1614
1562 1965
1564 1860
1564 1972
1564 1993
1564 1995
1566 1842
1568 1938
1569 1746
1570 1878
1572 1589
1572 1669
1572 1834
1572 1906
1572 1986
1573 1889
1575 1766
1576 1646
1576 1658
1578 1685
1578 1810
1579 1904
1580 1588
1581 1615
1582 1661
1582 1740
1583 1679
1583 1759
1583 1825
1583 1841
1585 1790
1585 1844
1586 1820
1587 1714
1587 1772
1588 1750
1589 1629
1589 1707
1589 1836
1590 1762
1590 1917
1591 1711
1593 1636
1593 1649
1593 1915
1594 1748
1595 1822
1595 1893
1596 1979
1597 1654
1597 1669
1597 1676
1597 1787
1598 1918
1599 1755
1599 1792
1600 1661
1601 1622
1601 1978
1602 1637
1603 1939
1603 1987
1603 1994
1604 1678
1604 1809
1604 1862
1605 1608
1605 1868
1606 1805
1607 1701
1608 1649
1608 1750
1608 1766
1608 1824
1608 1927
1611 1687
1611 1769
1611 1780
1611 1819
1613 1838
1613 1839
1614 1839
1614 1904
1615 1935
1615 1945
1618 1881
1618 1892
1618 1900
1619 1752
1619 1757
1620 1726
1620 1915
1620 1943
1622 1878
1623 1748
1625 1932
1626 1837
1628 1678
1628 1809
1629 1795
1632 1840
1634 1704
1635 1814
1636 1814
1636 1998
1637 1743
1637 1831
1639 1671
1640 1689
1643 1664
1643 1701
1643 1703
1644 1733
1644 1753
1645 1876
1645 1942
1648 1880
1649 1734
1649 1752
1649 1888
1649 1926
1649 1945
1650 1721
1650 1980
1652 1751
1655 1661
1656 1701
1658 1891
1660 1816
1662 1825
1663 1818
1663 1856
1664 1978
1665 1762
1665 1977
1666 1697
1666 1889
1666 1979
1668 1730
1668 1796
1670 1713
1671 1945
1672 1906
1676 1861
1678 1767
1679 1912
1680 1730
1683 1964
1684 1739
1684 1989
1685 1868
1690 1857
1692 1790
1694 1695
1694 1805
1695 1704
1695 1744
1695 1849
1697 1788
1697 1952
1699 1783
1699 1788
1700 1960
1700 1978
1701 1830
1701 1913
1701 1947
1704 1846
1704 1854
1707 1998
1708 1761
1708 1821
1710 1728
1711 1867
1712 1908
1713 1891
1715 1767
1716 1988
1723 1731
1725 1903
1726 1762
1727 1902
1728 1735
1728 1743
1728 1905
1729 1825
1729 1921
1730 1919
1731 1918
1732 1819
1733 1967
1734 1748
1734 1890
1735 1757
1736 1861
1736 1995
1737 1845
1737 1977
1738 1836
1738 1869
1738 1898
1739 1840
1741 1852
1743 1881
1743 1888
1744 1967
1745 1746
1745 1806
1745 1940
1747 1899
1748 1765
1752 1792
1752 1844
1752 1879
1752 1926
1752 1955
1757 1798
1757 1893
1758 1789
1758 1889
1760 1958
1761 1930
1763 1816
1765 1861
1766 1999
1769 1782
1770 1878
1775 1990
1777 1929
1777 1988
1778 1863
1779 1851
1783 1820
1783 1880
1783 1910
1785 1942
1785 1972
1786 1999
1792 1831
1793 1942
1794 1842
1796 1983
1796 1989
1799 1975
1800 1990
1801 1869
1803 1853
1803 1888
1803 1971
1804 1879
1805 1997
1810 1959
1810 1969
1812 1902
1812 1942
1814 1853
1818 1979
1824 1945
1825 1878
1827 1864
1828 1926
1830 1858
1832 1985
1834 1862
1836 1916
1840 1864
1843 1958
1844 1977
1845 1945
1847 1946
1849 1961
1852 1942
1853 1894
1853 1983
1856 1887
1872 1875
1872 1907
1878 1935
1879 1992
1883 2000
1887 1891
1887 1988
1894 1967
1899 1991
1902 1982
1906 1918
1910 1983
1915 1963
1917 1979
1919 1950
1920 1923
1920 1998
1922 1936
1924 1995
1928 1984
1930 1935
1930 1938
1930 1996
1952 1995
1953 1995
1953 1996
1956 1989
1984 1985
