2000
1 116
1 266
1 549
1 1109
1 1486
1 1500
1 1668
2 42
2 320
2 1220
2 1678
2 1716
2 1939
3 304
3 752
3 850
3 949
3 992
3 1318
3 1563
3 1679
3 1872
3 1960
4 807
4 985
4 1649
4 1933
5 245
5 271
5 455
5 646
5 698
5 1303
5 1326
5 1763
5 1962
6 578
6 1055
6 1265
6 1437
6 1783
7 29
7 315
7 358
7 404
7 1193
7 1653
7 1672
8 17
8 133
8 197
8 366
8 496
8 919
8 986
8 1275
8 1284
8 1578
8 1600
9 131
9 390
9 484
9 515
9 676
9 797
9 1791
9 1831
9 1895
10 55
10 528
10 644
10 926
10 1133
10 1348
10 1616
10 1992
11 25
11 218
11 325
11 442
11 626
11 967
11 1217
11 1468
11 1713
11 1991
12 209
12 407
12 483
12 606
12 847
12 1125
12 1473
12 1892
12 1908
13 495
13 521
13 670
13 1170
13 1668
14 41
14 227
14 736
14 984
14 1792
14 1862
15 107
15 391
15 584
15 643
15 1037
15 1564
15 1773
15 1809
15 1905
16 509
16 628
16 636
16 684
16 970
16 1110
16 1278
17 134
17 173
17 311
17 466
17 498
17 548
17 912
17 1418
17 1432
17 1817
18 326
18 491
18 629
18 670
18 736
18 936
18 949
18 1500
18 1841
18 1848
18 1986
19 52
19 162
19 177
19 399
19 468
19 792
19 1051
19 1326
19 1403
19 1424
20 506
20 578
20 901
20 986
20 1063
20 1532
20 1613
20 1914
21 170
21 1482
21 1849
22 178
22 287
22 384
22 1049
22 1873
23 205
23 589
23 604
23 678
23 725
23 1035
23 1116
23 1197
23 1204
23 1428
23 1564
23 1757
24 232
24 293
24 299
24 332
24 356
24 385
24 497
24 501
24 1255
24 1264
24 1359
24 1591
24 1788
24 1848
25 565
25 1820
25 1919
26 67
26 141
26 208
26 392
26 397
26 589
26 1032
26 1292
26 1490
26 1565
26 1689
26 1792
27 525
27 1117
27 1236
27 1433
27 1666
28 584
28 947
28 1214
28 1420
28 1457
28 1766
28 1868
28 1900
29 123
29 176
29 274
29 304
29 603
29 812
29 951
29 1549
29 1686
29 1718
30 177
30 902
30 924
30 1042
31 333
31 494
31 570
31 687
31 812
31 1387
31 1443
31 1733
32 213
32 450
32 516
32 708
32 901
32 1170
32 1337
32 1383
32 1571
33 290
33 751
33 1247
33 1305
33 1739
34 676
34 1410
34 1479
34 1584
34 1742
35 554
35 1519
35 1521
35 1921
36 50
36 199
36 205
36 579
36 583
36 782
36 808
36 849
36 877
36 890
36 988
36 1268
36 1461
36 1665
36 1789
36 1955
37 202
37 457
37 508
37 561
37 763
37 1017
37 1258
37 1543
37 1683
37 1898
38 106
38 145
38 322
38 1223
38 1316
38 1472
38 1495
39 59
39 277
39 675
39 988
39 1446
39 1461
39 1689
39 1701
39 1902
39 1955
40 266
40 537
40 650
40 1538
40 1588
40 1613
40 1933
40 1934
40 1998
41 373
41 473
41 612
41 1401
41 1514
41 1740
41 1840
42 231
42 428
42 942
42 988
42 1226
42 1803
42 1860
43 419
43 917
43 978
43 1087
43 1163
43 1170
43 1273
43 1305
43 1410
43 1788
43 1850
44 343
44 1314
44 1363
44 1408
44 1522
44 1637
44 1849
44 1937
44 1978
45 123
45 152
45 474
45 1129
45 1157
45 1319
45 1796
45 1827
45 1831
45 1990
46 49
46 386
46 478
46 593
46 734
46 1084
46 1153
46 1812
46 1855
47 83
47 87
47 190
47 513
47 679
47 797
47 1177
47 1265
47 1369
47 1376
47 1449
48 62
48 72
48 134
48 446
48 569
48 624
48 1121
48 1316
48 1353
48 1615
48 1951
49 314
49 366
49 1156
49 1450
49 1485
49 1510
49 1869
50 327
50 660
50 855
50 950
50 1490
50 1748
50 1758
51 216
51 663
51 825
51 1401
52 61
52 725
52 769
52 878
52 1205
52 1467
53 276
53 404
53 622
53 745
53 1024
53 1031
53 1044
53 1161
53 1344
53 1831
53 1994
54 404
54 480
54 526
54 549
54 1069
54 1240
54 1379
54 1571
54 1631
54 1941
55 442
55 456
55 619
55 763
55 786
55 810
55 1075
55 1088
55 1180
55 1444
55 1598
55 1642
55 1767
55 1947
55 1982
56 487
56 515
56 852
56 1518
56 1935
56 1955
57 73
57 236
57 375
57 379
57 424
58 411
58 679
58 739
58 903
58 1179
58 1227
58 1649
58 1677
58 1890
59 162
59 415
59 490
59 595
59 944
59 1057
59 1563
59 1826
60 323
60 1329
61 429
61 941
61 969
61 1077
61 1106
61 1544
61 1586
62 334
62 656
62 1333
62 1436
62 1723
62 1992
63 86
63 167
63 345
63 441
63 605
63 919
63 970
63 1004
63 1009
63 1536
63 1883
64 151
64 811
64 864
64 877
64 1024
64 1287
64 1477
64 1769
64 1928
64 1968
65 168
65 245
65 758
65 760
65 1115
65 1173
65 1527
65 1662
66 124
66 629
66 759
66 1389
66 1465
66 1559
66 1702
66 1733
67 507
67 782
67 1306
68 183
68 233
68 594
68 1005
68 1527
68 1913
68 1928
69 111
69 290
69 426
69 704
69 955
69 1099
69 1332
69 1375
69 1819
69 1859
70 403
70 510
70 589
70 825
70 869
70 898
70 969
70 1429
70 1440
71 479
71 726
71 783
71 859
71 1542
71 1660
71 1710
71 1773
71 1800
71 1995
72 136
72 238
72 718
72 736
72 1237
72 1701
72 1766
73 740
73 1206
73 1401
73 1637
73 1923
74 331
74 386
74 389
74 581
74 605
74 945
74 965
74 1033
74 1155
74 1205
74 1335
74 1828
75 234
75 536
75 599
75 995
75 1401
75 1514
75 1624
75 1942
76 276
76 287
76 343
76 592
76 710
76 948
76 1245
77 150
77 298
77 395
77 1060
77 1156
77 1269
77 1504
77 1979
77 1986
78 131
78 208
78 511
78 784
78 989
78 1030
78 1265
78 1693
78 1865
78 1949
79 427
79 438
79 850
79 964
79 996
79 1424
79 1427
79 1520
79 1594
79 1871
79 1993
80 179
80 287
80 670
80 760
80 836
80 1766
81 532
81 877
81 1173
81 1433
81 1616
81 1649
82 155
82 176
82 225
82 818
82 955
82 981
82 1042
82 1164
82 1269
82 1360
82 1375
82 1562
83 717
83 724
83 816
83 1211
83 1527
83 1584
83 1737
83 1863
84 139
84 233
84 788
84 1049
84 1172
84 1388
84 1438
84 1608
84 1631
84 1658
84 1937
85 398
85 533
85 555
85 665
85 1210
85 1312
85 1499
85 1671
86 96
86 98
86 250
86 994
86 1213
86 1494
86 1664
86 1790
86 1885
87 209
87 245
87 495
87 672
87 890
87 899
87 1478
88 290
88 1160
88 1373
88 1565
88 1633
89 91
89 100
89 104
89 242
89 431
89 792
89 990
89 1007
89 1176
89 1312
89 1410
89 1782
90 145
90 149
90 220
90 1207
90 1397
90 1625
90 1922
90 1992
91 222
91 344
91 609
91 888
91 1457
91 1711
91 1747
92 224
92 690
92 754
92 763
92 1020
92 1108
92 1396
92 1795
92 1925
93 220
93 563
93 591
93 1368
94 1106
94 1179
94 1471
94 1502
94 1521
94 1561
94 1695
94 1699
95 592
95 1147
95 1443
95 1898
96 182
96 430
96 690
96 856
96 897
96 1195
96 1250
96 1415
96 1797
97 559
97 680
97 976
97 1447
97 1702
97 1901
97 1935
98 583
98 820
98 980
98 1403
98 1900
99 194
99 766
99 859
99 918
99 1178
99 1254
100 1034
100 1102
100 1364
100 1374
100 1527
100 1598
100 1966
101 155
101 302
101 444
101 474
101 630
101 713
101 1036
101 1193
101 1331
101 1501
101 1801
101 1838
101 1904
102 272
102 307
102 320
102 878
102 1308
102 1461
102 1573
102 1616
103 209
103 293
103 426
103 469
103 781
103 964
103 968
103 1209
103 1489
103 1804
104 120
104 409
104 695
104 699
104 1009
104 1310
104 1432
104 1586
104 1750
104 1865
105 203
105 224
105 579
105 800
105 852
105 898
105 1105
105 1129
105 1253
105 1363
105 1482
105 1563
106 362
106 415
106 897
106 1043
106 1051
106 1085
106 1176
106 1272
106 1474
107 153
107 324
107 414
107 498
107 619
107 918
107 1626
108 336
108 817
108 1045
108 1118
108 1342
108 1415
108 1502
108 1507
108 1888
109 222
109 701
109 771
109 885
109 1170
109 1241
109 1424
109 1473
109 1735
110 266
110 503
110 510
110 616
110 1111
110 1891
111 250
111 517
111 578
111 902
111 1225
111 1272
111 1540
111 1839
111 1929
111 1956
112 125
112 157
112 425
112 676
112 936
112 1174
112 1512
113 190
113 612
113 964
113 1152
113 1652
113 1696
113 1820
114 247
114 415
114 553
114 849
114 904
114 1140
114 1443
115 257
115 337
115 442
115 776
115 961
115 1016
115 1221
115 1388
115 1644
115 1944
115 1965
116 307
116 388
116 604
116 653
116 778
116 1055
116 1181
116 1385
116 1490
116 1998
117 153
117 548
117 620
117 918
117 1396
117 1456
117 1582
118 128
118 190
118 768
118 1111
118 1144
118 1574
118 1614
118 1619
118 1677
118 1725
118 1726
118 1926
119 433
119 902
119 977
119 1559
119 1593
119 1647
120 537
120 886
120 1036
120 1218
120 1271
121 514
121 756
121 996
121 1209
121 1492
121 1509
121 1587
121 1807
122 310
122 497
122 964
122 1190
122 1512
122 1549
122 1668
122 1718
122 1730
122 1769
122 1849
123 530
123 762
123 1037
123 1176
123 1700
123 1763
124 281
124 487
124 1291
124 1469
124 1601
124 1667
124 1811
125 186
125 884
125 1140
125 1471
125 1537
126 270
126 640
126 993
126 1177
126 1417
126 1839
127 159
127 471
127 534
127 1207
127 1336
127 1458
127 1570
127 1679
127 1881
127 1914
128 196
128 260
128 340
128 397
128 534
128 859
128 928
129 195
129 299
129 574
129 944
129 954
129 1078
129 1188
130 230
130 377
130 491
130 1241
130 1609
131 264
131 427
131 775
131 938
131 1103
131 1138
131 1224
132 480
132 1330
133 149
133 416
133 986
133 1047
133 1274
133 1415
133 1518
133 1616
133 1729
133 1737
133 1889
134 297
134 736
134 1032
134 1588
134 1608
134 1616
134 1704
134 1750
135 348
135 382
135 439
135 488
135 544
135 584
135 629
135 691
135 849
135 952
135 1039
135 1074
135 1297
135 1500
135 1552
136 754
136 760
136 905
136 1095
136 1152
136 1642
136 1676
136 1698
136 1841
136 1883
137 140
137 624
137 636
137 673
137 749
137 956
137 991
137 1128
137 1900
137 1959
138 456
138 531
138 604
138 634
138 675
138 786
138 991
138 1047
139 194
139 431
139 532
139 1060
139 1103
139 1662
139 1697
139 1913
140 289
140 345
140 617
140 697
140 1233
140 1969
141 221
141 482
141 894
141 1149
141 1442
141 1568
141 1764
141 1991
142 278
142 601
142 1086
142 1138
142 1363
142 1823
142 1855
143 521
143 1127
143 1742
144 237
144 253
144 366
144 925
144 1603
144 1998
145 411
145 656
145 689
145 856
145 1063
145 1725
145 1862
146 644
146 793
146 931
146 1020
146 1324
146 1423
146 1650
147 1230
147 1918
148 354
148 455
148 866
148 1170
148 1369
148 1385
148 1496
148 1864
148 1988
149 1108
149 1225
149 1383
149 1687
149 1797
149 1812
149 1970
150 336
150 352
150 562
150 565
150 1556
150 1583
150 1653
150 1664
150 1673
150 1963
151 272
151 485
151 750
151 786
151 919
151 1440
151 1828
152 339
152 806
152 1267
152 1946
153 234
153 752
153 761
153 1389
153 1543
153 1895
154 471
154 769
154 1048
154 1368
154 1398
154 1582
154 1856
154 1917
155 416
155 976
155 1025
155 1026
155 1032
155 1152
155 1395
156 414
156 564
156 966
156 1014
156 1033
156 1535
156 1652
157 446
157 623
157 687
157 738
157 779
157 1092
157 1227
157 1347
157 1371
157 1428
157 1699
158 332
158 761
158 1124
158 1487
158 1803
159 451
159 510
159 771
159 990
159 1263
159 1367
159 1394
159 1399
159 1517
159 1620
159 1660
159 1796
159 1850
160 303
160 316
160 897
160 1014
160 1659
161 958
161 1548
162 203
162 308
162 939
162 1124
162 1142
162 1337
162 1540
162 1768
163 377
163 483
163 744
163 862
163 980
163 1148
163 1319
163 1437
163 1677
163 1806
163 1906
164 446
164 872
164 1231
164 1239
164 1420
164 1450
164 1808
165 225
165 699
165 757
165 1077
165 1122
165 1899
166 333
166 788
166 1133
166 1415
166 1823
166 1836
167 324
167 485
167 529
167 647
167 696
167 1279
167 1603
167 1744
168 930
168 1333
168 1563
168 1594
168 1823
168 1825
168 1939
169 237
169 331
169 504
169 539
169 755
169 896
169 1337
169 1594
169 1719
169 1781
170 780
170 1189
170 1927
171 179
171 261
171 318
171 364
171 394
171 799
171 1274
171 1624
171 1740
171 1891
172 194
172 382
172 479
172 582
172 844
172 1117
172 1500
172 1742
173 510
173 515
173 763
173 1107
173 1840
173 1877
173 1907
173 1930
173 1985
174 275
174 732
174 996
174 1199
174 1301
174 1316
174 1338
174 1688
174 1911
175 1017
175 1098
175 1138
175 1548
175 1769
176 181
176 717
176 744
176 1167
176 1368
176 1683
176 1876
176 1971
177 515
177 625
177 734
177 1460
177 1778
177 1955
177 1992
178 553
178 919
178 1310
178 1810
179 186
179 241
179 862
179 1035
179 1049
179 1137
179 1228
179 1724
180 256
180 713
180 771
180 865
180 882
180 1076
180 1415
180 1442
180 1517
180 1536
180 1846
180 1864
181 778
181 1039
181 1140
181 1237
181 1517
181 1552
181 1747
182 310
182 670
182 928
182 1005
182 1268
182 1291
182 1402
182 1598
183 274
183 316
183 683
183 687
183 766
183 862
183 1271
183 1369
183 1452
183 1669
184 254
184 346
184 743
184 1460
184 1481
185 272
185 446
185 655
185 839
185 865
185 1007
185 1102
185 1414
185 1565
185 1700
185 1890
185 1902
186 589
186 1262
186 1409
186 1874
187 402
187 435
187 508
187 800
187 912
187 1444
187 1599
187 1619
187 1711
188 953
188 1033
188 1360
188 1384
188 1781
188 1851
189 625
189 752
189 938
189 975
189 1130
189 1208
190 327
190 704
190 937
190 1217
190 1677
190 1857
191 297
191 304
191 323
191 573
191 730
191 794
191 1237
191 1283
191 1608
191 1670
191 1964
192 646
192 761
192 806
192 1047
192 1487
192 1535
193 245
193 473
193 536
193 994
193 1012
193 1110
193 1113
193 1263
193 1344
193 1722
193 1942
194 834
194 1096
194 1179
194 1531
194 1671
194 1679
194 1867
194 1874
194 1987
195 233
195 396
195 401
195 495
195 1187
195 1277
195 1607
195 1805
196 384
196 457
196 673
196 675
196 797
196 935
196 997
197 473
197 533
197 556
197 611
197 771
197 952
197 1362
197 1723
198 706
198 1158
198 1480
198 1520
198 1706
198 1731
198 1918
199 363
199 557
199 558
199 707
199 720
199 873
199 1273
199 1364
199 1428
199 1518
199 1900
199 1991
200 360
200 370
200 453
200 729
200 934
200 1111
200 1703
200 1901
201 1176
201 1503
201 1560
202 279
202 1987
203 700
203 974
203 1012
203 1382
203 1683
203 1736
203 1741
203 1763
203 1795
204 1124
204 1775
205 905
205 1296
205 1444
205 1801
205 1812
205 1878
206 224
206 359
206 457
206 573
206 980
206 1188
206 1302
206 1319
206 1478
206 1546
206 1608
206 1712
206 1717
206 1876
206 1982
207 292
207 554
207 578
207 668
207 739
207 1189
207 1316
207 1993
208 595
208 1091
208 1104
208 1171
208 1300
208 1318
208 1472
208 1632
208 1651
208 1684
209 211
209 810
209 994
209 1044
209 1055
209 1268
209 1456
209 1477
209 1883
209 1967
209 1969
210 414
210 655
210 924
210 934
210 1396
210 1407
210 1420
210 1887
210 1893
211 859
211 901
211 1252
211 1526
211 1570
211 1982
212 395
212 802
212 1070
212 1719
213 897
213 904
213 1046
213 1151
213 1620
213 1879
214 455
214 641
214 917
214 1757
214 1803
214 1805
215 546
215 1063
215 1326
215 1378
216 760
216 1095
216 1126
216 1185
216 1226
216 1608
216 1972
217 344
217 477
217 1001
217 1869
217 1899
217 1937
218 271
218 476
218 538
218 814
218 856
218 888
218 936
218 1049
218 1071
218 1137
218 1294
219 630
219 790
219 826
219 897
219 1355
219 1798
219 1841
219 1947
219 1978
220 530
220 761
220 1077
220 1376
220 1601
220 1787
220 1888
221 567
221 747
221 1266
221 1401
222 392
222 585
222 1016
222 1061
222 1639
222 1761
223 388
223 414
223 855
223 1090
223 1111
223 1417
223 1489
223 1700
224 317
224 367
224 1438
224 1475
224 1553
224 1560
224 1708
225 559
225 561
225 628
225 706
225 751
225 1003
225 1020
225 1490
225 1500
225 1657
226 809
226 880
226 911
226 1030
226 1082
226 1182
226 1217
226 1658
227 233
227 445
227 478
227 709
227 811
227 853
227 1202
227 1268
227 1547
227 1934
228 276
228 576
228 778
228 816
228 929
228 1003
228 1033
228 1232
228 1463
228 1496
229 615
229 761
229 1123
229 1199
229 1329
229 1344
229 1712
230 278
230 1041
230 1067
230 1075
230 1085
230 1432
230 1630
230 1653
230 1750
230 1778
230 1914
231 484
231 797
231 799
231 819
231 871
231 1224
231 1267
232 1147
232 1171
232 1190
232 1389
232 1467
232 1634
232 1656
233 454
233 499
233 548
233 649
233 790
233 1025
234 587
234 707
234 731
234 787
234 1324
234 1626
234 1676
234 1719
235 1014
235 1526
235 1569
235 1570
235 1969
236 433
236 1090
236 1189
236 1546
236 1914
236 1973
237 252
237 544
237 1206
237 1229
237 1316
237 1529
238 258
238 655
238 848
238 1007
238 1083
238 1780
239 326
239 435
239 451
239 598
239 632
239 704
239 744
239 800
239 834
239 948
239 956
239 1217
239 1220
239 1556
239 1601
239 1915
240 1178
240 1510
240 1533
241 609
241 854
241 934
241 983
241 1152
241 1239
241 1414
241 1645
242 768
242 1088
242 1351
242 1458
242 1523
242 1702
243 612
243 680
243 1219
243 1476
243 1559
243 1732
245 455
245 757
245 977
245 1158
245 1245
245 1255
245 1687
245 1867
246 348
246 576
246 614
246 955
246 1260
246 1447
246 1681
246 1766
246 1804
246 1842
247 639
247 655
247 1355
247 1466
247 1577
247 1619
247 1683
247 1739
247 1917
248 1361
248 1459
248 1639
248 1840
249 358
249 504
249 552
249 901
249 1158
249 1576
249 1731
249 1756
249 1774
249 1943
250 283
250 405
250 415
250 442
250 618
250 656
250 879
250 1003
250 1215
250 1591
251 313
251 537
251 583
251 625
251 1041
251 1584
251 1640
251 1664
252 1124
252 1152
252 1418
252 1532
252 1853
253 622
253 1298
253 1480
254 272
254 345
254 569
254 719
254 747
254 812
254 825
254 1113
254 1683
254 1693
254 1745
254 1791
254 1891
255 746
255 804
255 881
255 945
255 1048
256 368
256 371
256 650
256 686
256 689
256 726
256 807
256 1055
256 1245
256 1884
257 419
257 448
257 745
257 1071
257 1093
257 1653
257 1844
257 1889
258 382
258 1077
258 1128
258 1738
258 1841
258 1887
259 317
259 662
259 1319
260 274
260 465
260 527
260 541
260 598
260 702
260 817
260 829
260 1135
260 1288
260 1636
260 1744
261 666
261 937
261 1675
261 1962
262 440
262 518
262 847
262 1005
262 1250
262 1427
262 1692
262 1778
262 1949
263 746
263 773
263 1023
263 1156
263 1781
264 345
264 602
264 1124
264 1192
264 1519
264 1628
264 1909
264 1962
265 305
265 654
265 667
265 921
265 1086
265 1124
265 1185
265 1214
265 1434
265 1732
265 1783
265 1904
266 716
266 843
266 887
266 924
266 1121
266 1319
266 1811
266 1848
266 1913
267 302
267 663
267 1047
267 1174
267 1280
267 1385
267 1514
267 1533
267 1626
268 592
268 710
268 772
268 888
268 1382
268 1976
269 385
269 502
269 556
269 627
269 1184
270 597
270 719
270 817
270 866
270 942
270 1191
270 1476
270 1572
270 1633
271 494
271 511
271 702
271 752
271 770
271 1391
271 1416
271 1553
271 1612
271 1632
271 1768
272 333
272 661
272 771
272 835
272 1525
272 1587
272 1698
273 324
273 1295
274 1391
274 1958
275 385
275 426
275 507
275 550
275 634
275 1557
276 354
276 525
276 578
276 939
276 982
276 1048
276 1344
276 1440
276 1476
276 1617
277 310
277 678
277 703
277 1179
277 1417
278 314
278 333
278 717
278 1025
278 1139
278 1205
278 1665
278 1712
278 1801
279 373
279 731
279 848
279 1071
279 1199
279 1340
279 1600
279 1628
280 414
280 635
280 685
280 1356
280 1896
280 1999
281 695
281 944
281 1381
281 1798
282 296
282 694
282 1062
282 1299
282 1565
282 1877
282 1929
283 284
283 295
283 755
283 1384
283 1609
283 1721
284 539
284 655
284 700
284 835
284 915
284 1427
285 288
285 439
285 736
285 854
285 1093
285 1218
285 1228
285 1331
285 1403
285 1436
285 1912
286 582
286 879
286 1015
286 1048
286 1447
286 1572
286 1884
287 886
287 1063
287 1160
287 1272
287 1360
287 1380
287 1547
287 1585
287 1638
287 1946
288 304
288 519
288 652
288 713
288 1157
288 1476
288 1498
288 1641
289 715
289 775
289 1087
289 1094
289 1378
289 1800
289 1997
290 621
290 645
290 1005
290 1781
290 1832
290 1905
291 365
291 553
291 572
291 809
291 1110
291 1530
291 1567
292 334
292 585
292 638
292 1478
292 1489
292 1502
292 1819
292 1920
293 548
293 711
293 783
293 902
293 975
293 1339
293 1429
294 299
294 769
294 777
294 1229
294 1231
294 1634
294 1883
295 516
295 1348
295 1560
295 1569
295 1783
296 472
296 965
296 1045
296 1129
296 1404
296 1932
297 388
297 493
297 629
297 741
297 1289
297 1990
298 340
298 675
298 935
298 1538
298 1991
299 412
299 717
299 834
299 857
299 875
299 894
299 933
299 1118
299 1181
299 1360
299 1395
299 1827
300 333
300 342
300 574
300 608
300 633
300 652
300 1129
300 1342
301 833
301 849
301 1135
301 1143
301 1378
301 1514
301 1549
301 1565
302 567
302 699
302 724
302 957
302 1465
302 1920
303 391
303 523
303 792
303 919
303 1658
303 1687
303 1739
303 1882
303 1951
304 421
304 520
304 942
304 1103
304 1177
304 1206
304 1219
304 1239
304 1663
305 713
305 1184
305 1314
305 1521
305 1760
306 338
306 364
306 758
306 823
306 961
306 1108
306 1215
306 1777
306 1939
307 364
307 533
307 616
307 774
307 823
307 981
307 1167
307 1219
307 1533
307 1892
307 1921
307 1987
308 512
308 562
308 605
308 815
308 858
308 937
308 1433
308 1462
308 1577
308 1871
309 482
309 828
309 899
309 1448
309 1788
309 1829
309 1850
310 338
310 541
310 761
310 1167
311 1265
311 1319
311 1364
311 1613
312 375
312 573
312 730
312 1279
312 1607
312 1885
312 2000
313 598
313 744
313 974
313 1121
313 1149
313 1229
313 1270
313 1304
313 1472
314 906
314 952
314 964
314 1040
314 1543
314 1893
315 507
315 687
315 1204
315 1219
315 1676
315 1721
315 1797
315 1860
316 366
316 475
316 520
316 1056
316 1381
316 1395
316 1455
316 1747
316 1940
316 1945
317 848
317 1032
317 1303
317 1683
317 1754
317 1758
317 1997
318 867
318 1116
318 1120
318 1334
319 952
319 1055
319 1086
319 1263
319 1513
320 969
320 1033
320 1181
320 1391
320 1545
320 1625
321 576
321 601
321 696
321 845
321 1144
321 1237
321 1363
321 1496
321 1706
321 1985
322 613
322 1043
322 1124
322 1166
322 1173
322 1395
323 1012
323 1294
323 1526
323 1584
323 1836
324 330
324 360
324 501
324 617
324 1199
324 1321
324 1395
324 1432
324 1485
324 1901
324 1995
325 1225
325 1449
325 1522
325 1929
326 457
326 670
326 716
326 1018
326 1168
326 1600
326 1979
327 418
327 615
327 1010
327 1335
327 1569
327 1620
328 352
328 813
328 1142
328 1267
328 1351
328 1616
328 1683
328 1842
328 1873
329 857
329 1064
329 1297
329 1305
329 1711
330 594
330 646
330 666
330 1018
330 1084
330 1099
330 1623
330 1639
330 1966
331 481
331 491
331 802
331 908
331 946
331 1007
331 1730
331 1788
332 627
332 735
332 861
332 995
332 1310
332 1573
332 1623
332 1817
333 648
333 1092
333 1268
333 1790
333 1856
333 1964
334 522
334 1502
334 1618
334 1739
334 1867
334 1890
335 496
335 507
335 900
335 908
335 982
335 1535
335 1541
335 1777
335 1885
335 1894
336 381
336 1031
336 1213
336 1254
336 1737
336 1858
337 345
337 365
337 1236
337 1271
337 1386
337 1972
338 469
338 637
338 836
338 852
338 927
338 952
338 1087
338 1101
338 1193
338 1353
338 1726
339 523
339 790
339 881
339 1375
339 1513
340 362
340 365
340 629
340 719
340 941
340 1130
340 1200
340 1736
341 471
341 502
341 721
341 750
341 1277
341 1427
341 1534
341 1652
342 466
342 557
342 1031
342 1858
343 999
343 1214
343 1342
344 554
344 602
344 860
344 1016
344 1086
344 1199
344 1529
344 1749
344 1847
344 1860
344 1870
344 1950
345 429
345 468
345 530
345 722
345 797
345 922
345 1465
345 1732
345 1974
345 1996
346 377
346 908
346 959
346 1304
346 1566
346 1689
347 853
347 1035
347 1385
347 1947
348 512
348 533
348 696
348 1156
348 1181
348 1469
348 1652
348 1702
348 1904
349 546
349 683
349 1439
349 1489
349 1604
349 1826
349 1992
350 1042
350 1929
351 655
351 871
351 1274
351 1366
351 1427
351 1545
351 1767
351 1809
351 1904
352 378
352 1327
352 1572
352 1576
352 1579
352 1668
352 1885
352 1932
353 403
353 564
353 931
353 1392
353 1605
354 447
354 1173
354 1458
354 1548
354 1585
354 1655
354 1656
355 623
355 624
355 841
355 1033
355 1247
355 1362
356 360
356 600
356 769
356 884
356 957
356 1652
356 1927
357 381
357 791
357 1168
357 1178
357 1331
357 1393
357 1589
357 1975
357 1982
358 577
358 835
358 916
358 1510
358 1517
358 1633
358 1652
358 1884
359 454
359 1064
359 1505
359 1761
360 1443
360 1606
361 529
361 935
361 1241
362 657
362 982
362 1063
362 1619
362 1931
363 399
363 764
363 913
363 1041
363 1069
363 1609
363 1801
363 1901
364 451
364 698
364 999
364 1680
364 1772
364 1805
365 703
365 971
365 1124
365 1684
365 1807
365 1810
366 876
366 898
366 946
366 1040
366 1093
366 1433
366 1554
366 1995
367 497
367 1031
367 1091
367 1270
368 728
368 818
368 1165
369 468
369 597
369 900
369 1098
369 1418
370 573
370 709
370 965
370 1288
370 1315
370 1554
370 1606
370 1809
370 1824
371 957
371 1076
371 1099
371 1284
371 1311
371 1400
371 1809
371 1830
371 1850
371 1877
372 982
372 1522
372 1542
372 1744
372 1864
372 1921
373 1092
373 1422
374 571
374 609
374 1040
374 1690
374 1693
374 1757
374 1810
374 1855
375 725
375 996
375 1407
375 1507
375 1596
375 1877
376 544
376 550
376 1074
376 1497
376 1546
376 1829
376 1949
377 552
377 697
377 906
377 1128
377 1232
377 1431
377 1650
378 710
378 1090
378 1157
378 1601
378 1907
379 448
379 583
379 797
379 807
379 1138
379 1428
379 1747
380 432
380 438
380 499
380 1163
380 1259
380 1735
381 827
381 1243
381 1345
381 1520
381 1789
381 1884
381 1977
381 1995
382 385
382 386
382 593
382 1025
382 1105
382 1134
382 1207
382 1252
382 1597
382 1752
382 1769
383 708
383 737
383 1323
383 1386
383 1595
383 1815
383 1993
384 412
384 749
384 850
384 1025
384 1254
384 1480
384 1654
385 477
385 595
385 1263
385 1267
385 1280
385 1454
385 1474
385 1514
386 564
386 651
386 1143
386 1245
386 1300
386 1472
386 1700
386 1866
386 1987
387 824
387 858
387 1314
387 1444
387 1983
388 675
388 816
388 955
388 1108
388 1128
388 1820
389 555
389 727
389 984
389 1769
389 1839
389 1935
389 1951
389 1980
390 670
390 720
390 1042
390 1248
391 865
391 895
391 1173
391 1231
391 1365
391 1410
391 1589
391 1610
391 1754
392 418
392 477
392 853
392 1081
392 1511
392 1543
393 1136
393 1164
393 1565
393 1617
394 428
394 547
394 581
394 719
394 811
394 942
394 1925
395 668
395 686
395 732
395 884
395 902
395 1008
395 1181
395 1233
395 1424
395 1724
395 1868
395 1892
396 704
396 767
396 785
396 926
396 1159
396 1278
397 557
397 668
397 673
397 732
397 932
397 1317
397 1440
397 1658
397 1719
397 1870
397 1888
397 1966
398 698
398 766
398 1269
398 1331
398 1341
398 1764
399 760
399 1100
399 1246
399 1438
399 1618
399 1959
400 514
400 1111
400 1324
401 443
401 587
401 619
401 1180
401 1825
401 1863
402 449
402 525
402 717
402 1218
402 1349
402 1442
402 1509
402 1974
402 1988
403 672
403 933
403 973
403 1243
403 1438
403 1599
403 1606
403 1675
403 1684
404 556
404 771
404 939
404 1014
404 1041
404 1390
404 1397
404 1459
404 1583
405 537
405 1173
405 1264
405 1381
405 1550
405 1626
405 1798
405 1997
406 817
406 819
406 1108
406 1120
406 1916
407 874
407 1025
407 1101
407 1520
408 410
408 686
408 856
408 1171
408 1297
408 1517
408 1908
409 527
409 542
409 658
410 835
410 1222
410 1334
410 1537
411 419
411 812
411 886
411 933
411 995
411 1473
411 1503
411 1681
412 1046
412 1260
412 1434
412 1443
412 1542
412 1668
412 1762
413 764
413 937
413 1020
413 1675
413 1812
413 1838
414 593
414 669
414 829
414 1009
414 1822
415 539
415 818
415 970
415 1627
415 1629
415 1903
416 545
416 706
416 1045
416 1146
416 1447
416 1653
416 1683
416 1806
417 777
417 813
417 1139
417 1141
417 1268
417 1362
417 1410
417 1771
417 1793
418 515
418 553
418 802
418 949
418 1298
418 1707
418 1998
419 528
419 594
419 626
419 639
419 755
419 1258
419 1308
419 1361
419 1399
420 1051
420 1099
420 1160
420 1532
420 1638
420 1768
420 1872
421 539
421 851
421 1214
421 1225
421 1318
421 1481
421 1753
421 1816
421 1840
422 506
422 721
422 1234
422 1268
422 1271
422 1417
422 1701
423 512
423 661
423 788
423 1034
423 1346
423 1452
423 1635
423 1899
423 1996
424 542
424 622
424 842
424 1066
424 1122
424 1224
424 1321
424 1379
424 1521
424 1976
425 828
425 964
425 1087
425 1160
425 1820
425 1827
425 1901
426 519
426 732
426 1036
426 1182
426 1301
426 1885
427 448
427 553
427 595
427 898
427 1211
427 1532
427 1966
428 644
428 690
428 931
428 1254
428 1361
428 1377
428 1718
428 1753
429 1235
429 1248
429 1383
429 1673
429 1722
429 1777
430 567
430 592
430 734
430 750
430 778
430 928
430 1034
430 1445
430 1564
430 1704
431 980
431 985
431 1106
431 1841
432 978
432 1223
432 1292
432 1321
432 1445
432 1507
432 1520
433 436
433 504
433 558
433 778
433 1027
433 1245
433 1343
433 1429
433 1706
434 1733
434 1890
434 1943
435 538
435 807
435 963
435 1014
435 1134
435 1773
435 1988
436 480
436 536
436 588
436 1845
436 1987
437 460
437 518
437 657
437 1278
437 1291
437 1694
437 1710
438 953
438 1402
438 1539
438 1748
438 1897
439 905
439 1244
439 1245
439 1430
439 1812
440 501
440 563
440 695
440 699
440 839
440 919
441 553
441 1174
441 1223
441 1512
441 1623
441 1725
441 1922
442 458
442 1201
442 1367
442 1977
443 454
443 1849
443 1924
444 504
444 592
444 738
444 797
444 853
444 1066
444 1246
444 1383
444 1542
444 1589
444 1986
445 502
445 1684
446 449
446 476
446 620
446 686
446 1112
446 1158
446 1211
446 1232
446 1653
446 1887
446 1902
447 551
447 592
447 601
447 619
447 624
447 670
447 690
447 936
447 987
447 1139
447 1183
447 1336
447 1464
448 689
448 1253
448 1725
448 1900
448 1993
449 562
449 932
449 1336
449 1576
449 1581
450 875
450 922
450 1229
450 1301
450 1828
451 784
451 896
451 1284
451 1497
451 1784
451 1920
452 464
452 537
452 1133
452 1642
452 1841
452 1862
453 576
453 735
453 894
453 910
453 916
453 1045
453 1419
453 1507
453 1537
453 1755
454 503
454 621
454 694
454 852
454 1380
454 1442
454 1879
455 773
455 948
455 987
455 1255
455 1327
455 1757
455 1783
456 575
456 1554
456 1774
457 748
457 1019
457 1110
457 1261
457 1608
457 1838
457 1952
458 471
458 527
458 744
458 845
458 1059
458 1459
458 1461
458 1748
459 729
459 923
459 1265
459 1535
459 1550
459 1935
460 494
460 811
460 960
460 1524
460 1638
460 1913
460 1984
460 1987
461 566
461 788
461 1091
461 1599
461 1755
462 538
462 1015
462 1361
462 1629
462 1780
463 857
463 1088
463 1382
463 1662
464 540
464 694
464 838
464 906
464 1052
464 1473
464 1492
464 1811
464 1846
464 1986
464 1994
465 563
465 631
465 1196
465 1422
465 1771
466 808
466 905
466 1035
466 1223
466 1456
466 1531
466 1647
466 1666
466 1712
466 1895
467 1209
468 728
468 1071
468 1296
469 1042
469 1415
469 1579
469 1610
469 1921
469 1998
470 534
470 1688
471 688
471 766
471 871
471 936
471 1300
471 1476
472 723
472 1266
472 1884
473 543
473 815
473 904
473 914
473 945
473 1054
473 1150
473 1373
473 1406
473 1443
473 1645
473 1923
473 1959
474 566
474 611
474 953
474 1392
474 1796
474 1798
474 1905
475 1051
475 1132
475 1147
475 1424
475 1566
475 1678
475 1757
476 644
476 800
476 1114
476 1124
476 1156
476 1651
476 1886
476 1932
477 582
477 1117
477 1168
477 1435
477 1817
478 524
478 525
478 924
478 1048
478 1239
478 1678
479 567
479 632
479 961
479 1159
479 1328
479 1765
480 722
480 877
480 1043
480 1051
481 596
481 617
481 807
481 891
481 936
481 1070
481 1092
481 1484
482 516
482 863
482 907
482 927
482 1097
482 1171
482 1542
482 1765
483 496
483 574
483 1272
483 1302
483 1490
483 1516
483 1565
483 1640
483 1812
484 698
484 1258
484 1260
484 1988
485 683
485 695
485 1531
486 716
486 1471
486 1560
487 498
487 1386
487 1409
487 1483
487 1585
487 1678
487 1697
488 717
488 960
488 971
488 1038
488 1472
488 1482
488 1643
489 682
489 1087
489 1247
489 1528
489 1551
489 1751
490 885
490 1189
490 1618
490 1781
490 1966
491 492
491 1305
491 1365
491 1471
491 1749
492 808
492 1395
492 1546
492 1690
492 1774
493 1549
493 1986
494 916
494 1270
494 1369
494 1479
494 1595
494 1867
494 1935
495 586
495 1256
495 1277
495 1315
495 1764
495 1910
495 1912
495 1949
495 1975
496 599
496 697
496 703
496 875
496 1009
496 1011
496 1020
496 1110
496 1205
496 1219
496 1459
496 1724
496 1919
497 842
497 1663
498 878
498 989
498 1038
498 1217
498 1357
498 1767
499 882
499 910
499 1005
499 1008
499 1059
499 1427
499 1574
499 1672
499 1694
499 1782
499 1929
499 1997
500 582
500 613
500 799
500 894
500 1057
500 1526
500 1594
501 903
501 1189
501 1220
501 1324
501 1421
502 523
502 553
502 663
502 1843
502 1931
503 701
503 1202
503 1303
503 1314
503 1847
503 1883
504 525
504 565
504 658
504 1602
504 1680
505 582
505 619
505 852
505 946
505 1330
505 1794
505 1988
506 832
506 844
506 1096
506 1358
507 687
507 715
507 816
507 1418
508 642
508 702
508 748
508 758
508 983
508 1178
508 1575
508 1933
509 1047
509 1473
509 1478
509 1526
510 1005
510 1018
510 1327
510 1768
511 876
511 931
511 1080
511 1547
511 1774
512 1526
512 1874
512 1881
512 1894
513 619
513 752
513 797
513 1329
513 1463
513 1521
513 1541
514 610
514 1288
514 1371
514 1390
514 1451
514 1533
514 1633
514 1700
515 649
515 748
515 776
515 812
515 949
515 1083
516 528
516 1375
516 1533
516 1626
516 1638
516 1721
516 1724
516 1833
516 1940
517 561
517 952
517 1124
517 1669
517 1759
517 1842
518 1141
518 1307
518 1538
519 785
519 1327
519 1387
519 1912
520 567
520 672
520 1081
520 1162
520 1200
520 1202
520 1927
521 568
521 643
521 805
521 1191
521 1247
521 1696
521 1728
521 1899
522 584
522 633
522 1059
522 1106
522 1182
522 1318
522 1362
523 739
523 799
523 805
523 868
523 1214
523 1664
523 1666
523 1916
524 847
524 1361
524 1480
524 1650
524 1732
525 527
525 886
525 1293
525 1528
525 1723
525 1793
526 875
526 1034
526 1366
526 1392
526 1503
526 1673
527 724
527 766
527 928
527 1400
527 1585
527 1899
528 563
528 569
528 616
528 896
528 1287
528 1303
528 1501
528 1638
528 1693
528 1697
528 1825
528 1843
528 1895
529 669
529 1254
529 1267
529 1527
529 1638
529 1689
529 1692
529 1740
529 1926
529 1990
530 630
530 665
530 1038
530 1077
530 1541
530 1796
530 1971
531 544
531 1464
531 1953
532 948
532 1040
532 1208
532 1562
532 1667
532 1841
532 1870
533 539
533 736
533 1123
533 1136
533 1542
533 1577
534 602
534 1548
534 1689
535 924
535 1316
535 1428
535 1539
535 1888
536 912
536 918
536 973
536 1347
536 1368
536 1375
536 1413
536 1477
537 659
537 802
537 931
537 985
537 1137
537 1175
537 1514
538 820
538 875
538 1083
538 1211
538 1261
538 1319
538 1340
538 1392
538 1428
538 1554
538 1662
538 1830
539 1057
539 1139
539 1213
539 1351
539 1395
539 1950
540 867
540 1866
540 1958
541 592
541 615
541 851
541 935
541 1318
541 1767
542 858
542 1447
543 657
543 731
543 1113
543 1246
543 1251
543 1696
543 1786
544 572
544 741
544 946
544 1214
544 1270
544 1309
544 1412
545 576
545 582
545 845
545 886
545 1193
545 1225
545 1252
545 1264
545 1831
546 796
546 921
546 923
546 1586
546 1723
547 802
547 1401
547 1518
547 1520
547 1661
547 1843
548 890
548 1527
548 1705
548 1827
549 1571
549 1821
550 1108
550 1959
551 577
551 656
551 761
551 1007
551 1062
551 1160
551 1334
551 1362
552 558
552 615
552 698
552 753
552 827
552 1726
553 808
553 1220
553 1643
554 951
554 1258
554 1589
554 1729
554 1813
555 603
555 619
555 1040
555 1931
555 1982
556 675
556 1666
556 1839
556 1999
557 721
557 1516
558 1003
558 1156
558 1492
558 1519
558 1529
558 1706
558 1872
559 792
559 804
559 845
559 920
559 1054
559 1506
559 1834
559 1916
560 625
560 678
560 949
560 1097
560 1385
560 1402
560 1524
560 1993
561 1016
561 1186
561 1365
562 683
562 721
562 808
562 892
562 1321
562 1394
562 1561
562 1608
562 1994
563 569
563 781
563 894
563 919
563 975
563 1730
563 1957
563 1966
564 735
564 866
564 1007
564 1400
564 1449
564 1750
564 1795
565 828
565 838
565 1277
565 1340
565 1391
565 1437
565 1501
565 1543
565 1616
566 592
566 983
566 1158
566 1768
566 1801
566 1805
567 852
567 888
567 988
567 998
567 1062
567 1184
567 1190
567 1254
567 1435
567 1663
567 1864
567 1984
568 777
568 920
568 967
568 1276
568 1334
568 1466
568 1482
568 1561
568 1776
568 1809
569 674
569 941
569 1102
569 1114
569 1464
569 1468
569 1589
569 1801
569 1812
569 1928
570 598
570 973
570 1128
571 1007
571 1141
571 1562
571 1567
571 1583
571 1895
571 1979
572 657
572 865
572 1212
572 1468
572 1490
572 1571
573 643
573 795
573 814
573 851
573 1062
573 1273
573 1317
573 1505
573 1591
573 1800
573 1817
573 1869
574 594
574 987
574 1117
574 1647
574 1690
574 1794
574 1834
574 1997
575 1064
575 1250
575 1560
575 2000
576 900
576 901
576 991
576 1082
576 1315
576 1557
576 1999
577 640
577 659
577 886
577 895
577 1280
577 1351
577 1362
577 1472
577 1946
577 1961
578 987
578 1269
578 1357
578 1414
578 1437
578 1806
579 693
579 768
579 1057
579 1076
579 1181
580 783
580 827
580 994
580 1441
580 1533
580 1744
580 1804
580 1859
580 1937
581 661
581 786
581 827
581 871
581 962
581 1087
581 1426
581 1560
581 1876
581 1897
582 854
582 904
582 1399
582 1540
582 1549
582 1814
583 740
583 935
583 1234
583 1245
583 1331
583 1505
584 1055
584 1106
584 1245
584 1439
584 1736
584 1980
585 642
585 926
585 1149
585 1665
585 1992
586 759
586 1500
586 1534
586 1560
586 1916
587 1010
587 1207
587 1219
587 1567
587 1685
587 1739
587 1902
587 1919
587 1931
587 1956
588 624
588 1019
588 1030
588 1047
588 1060
588 1134
588 1155
588 1284
588 1452
588 1570
588 1600
589 1509
589 1529
589 1900
589 1925
589 1979
590 601
590 1005
590 1038
590 1908
590 1982
591 853
591 1061
591 1481
591 1555
591 1959
592 681
592 693
592 1117
592 1375
592 1546
593 835
593 898
593 1862
594 787
594 900
594 1098
594 1149
594 1151
594 1287
594 1417
594 1448
595 632
595 669
595 1174
595 1624
596 1296
596 1414
596 1425
596 1531
596 1534
596 1548
596 1999
597 787
597 1522
597 1934
598 850
598 1046
598 1419
598 1493
598 1804
599 702
600 807
600 1019
600 1070
600 1439
600 1455
600 1724
600 1924
600 1930
601 607
601 658
601 864
601 1200
601 1305
601 1600
601 1717
601 1800
601 1853
602 1277
602 1591
602 1862
603 639
603 891
603 1137
603 1443
603 1499
603 1713
603 1926
603 1928
604 697
604 831
604 855
604 1730
604 1852
605 763
605 1281
605 1291
605 1350
606 645
606 824
606 832
606 900
606 1306
606 1314
606 1473
606 1553
606 1765
606 1841
606 1874
607 677
607 694
607 1720
607 1856
608 831
609 1172
609 1294
609 1382
609 1809
610 698
610 898
610 1109
610 1389
610 1551
610 1940
611 665
611 915
611 942
611 1001
611 1394
611 1587
611 1809
611 1818
612 673
612 822
612 954
612 1134
612 1229
612 1517
612 1673
613 1303
613 1610
613 1698
613 1769
613 1903
614 754
614 1058
614 1276
614 1604
614 1677
614 1874
614 1965
614 1985
615 952
615 1318
615 1410
615 1538
615 1781
615 1784
615 1981
616 721
616 967
616 1117
616 1411
617 1046
617 1079
617 1201
617 1271
618 624
618 1005
618 1389
618 1436
618 1533
619 719
619 902
619 982
619 1406
619 1988
620 648
620 1429
620 1521
620 1627
621 726
621 1047
621 1281
621 1568
621 1641
621 1903
622 722
622 822
622 1275
622 1395
622 1693
623 680
623 841
623 1104
623 1260
623 1494
623 1554
623 1719
623 1822
624 941
624 945
624 1175
624 1334
624 1446
624 1667
624 1898
624 1979
625 637
625 1563
626 679
626 745
626 799
626 964
626 1070
627 721
627 1476
627 1757
627 1918
628 957
628 1047
628 1108
628 1389
628 1424
628 1557
629 747
629 1082
629 1300
629 1660
630 866
630 996
630 1435
630 1612
630 1673
631 903
631 1015
631 1189
631 1212
631 1376
631 1380
631 1763
631 1768
631 1788
631 1807
632 715
632 799
632 851
632 854
632 970
632 1042
632 1108
632 1369
632 1446
632 1551
632 1556
633 763
633 819
633 1070
633 1302
633 1766
633 1803
633 1978
634 648
634 698
634 848
634 1104
634 1114
634 1594
634 1655
634 1920
635 834
635 883
635 1240
636 638
636 706
636 738
636 765
636 937
636 1001
636 1142
636 1197
636 1505
637 957
637 1025
637 1354
637 1423
637 1471
637 1879
637 1932
638 854
638 1038
638 1466
638 1516
638 1808
638 1876
638 1991
639 1034
639 1178
639 1553
640 732
640 844
640 1026
640 1971
640 2000
641 654
641 683
641 739
641 825
641 957
641 1526
641 1599
641 1678
641 1703
641 1759
641 1813
642 1490
642 1903
643 653
644 1000
644 1221
644 1240
644 1306
644 1364
645 702
645 1431
645 1532
645 1564
645 1810
646 858
646 968
646 987
646 1029
646 1220
646 1468
647 966
647 991
647 1025
647 1190
647 1288
648 1001
648 1601
648 1669
648 1875
649 880
649 917
649 1008
649 1049
649 1277
649 1290
649 1630
649 1743
650 943
650 1291
650 1648
650 1776
650 1777
650 1815
651 874
651 1162
651 1239
651 1270
651 1507
651 1945
652 721
652 1270
652 1283
652 1358
652 1464
652 1528
652 1588
653 663
653 1113
653 1153
653 1241
653 1476
653 1626
653 1701
653 1759
653 1958
654 1106
654 1186
655 825
655 937
655 1695
656 745
656 855
656 1360
656 1371
656 1451
656 1595
656 1790
656 1842
656 1866
657 674
657 780
657 883
657 1442
657 1506
657 1549
657 1597
657 1639
657 1790
657 1990
658 806
658 935
658 1079
658 1183
658 1366
658 1404
658 1730
658 1811
659 995
659 1118
659 1141
659 1427
659 1476
659 1716
659 1769
659 1971
660 672
660 760
660 915
660 1313
660 1383
661 772
661 1002
661 1302
661 1401
661 1544
661 1653
661 1894
662 1378
662 1429
662 1487
662 1552
662 1708
662 2000
663 692
663 698
663 968
663 1006
663 1274
663 1337
663 1345
663 1912
663 1934
664 1157
664 1235
664 1361
664 1780
664 1786
664 1982
665 746
665 774
665 1235
665 1490
665 1902
666 950
666 1000
666 1077
666 1540
666 1898
667 723
667 815
667 1138
667 1413
667 1615
667 1724
667 1758
667 1789
668 715
668 1030
668 1066
668 1464
668 1633
668 1848
669 1364
669 1394
669 1498
669 1520
669 1719
669 1944
670 695
670 834
670 900
670 1108
670 1215
670 1303
670 1411
670 1489
670 1554
670 1620
670 1661
670 1871
670 1914
671 701
671 1865
672 707
672 735
672 1308
672 1643
672 1708
672 1766
672 1800
672 1926
673 674
673 1031
673 1162
673 1687
673 1805
673 1842
673 1858
673 1933
673 1972
674 956
674 1209
674 1241
674 1853
675 890
675 1393
675 1397
675 1495
675 1658
675 1732
675 1740
676 883
676 916
676 934
676 1363
676 1458
676 1537
676 1806
677 958
677 1266
677 1402
677 1683
677 1854
677 1911
678 1281
678 1329
678 1428
678 1772
678 1846
678 1889
678 1952
679 871
679 1270
679 1436
679 1681
679 1725
679 1745
679 1855
679 1990
680 867
680 987
680 1324
680 1518
680 1550
680 1606
680 1890
680 1927
681 881
681 1115
681 1219
681 1889
682 767
682 1063
682 1079
682 1085
682 1528
682 1859
682 1870
683 849
683 860
683 1285
683 1458
683 1653
683 1821
684 958
684 1672
684 1688
684 1880
684 1913
685 1053
685 1385
685 1552
686 807
686 1856
687 964
687 1092
687 1140
687 1355
687 1403
687 1606
687 1766
687 1953
688 696
688 773
688 1164
688 1764
688 1822
688 1845
689 790
689 871
689 1459
689 1494
689 1781
690 1208
690 1251
690 1735
690 1746
690 1980
691 1087
691 1503
691 1600
691 1641
691 1652
691 1676
691 1850
692 1159
692 1183
692 1504
692 1781
692 1924
693 1291
693 1767
694 801
694 1028
694 1267
694 1310
694 1542
694 1892
695 1174
695 1559
695 1738
696 706
696 710
696 900
696 1351
696 1429
697 861
697 905
697 1256
697 1369
697 1460
697 1696
698 928
698 1427
698 1478
698 1630
698 1653
698 1677
698 1754
698 1871
699 1051
699 1053
699 1247
699 1310
700 852
700 1281
700 1666
700 1868
701 1138
701 1141
701 1359
701 1513
701 1741
701 1799
701 1888
701 1905
702 860
702 1320
702 1451
702 1802
702 1803
703 836
704 1227
704 1398
704 1553
705 806
705 1334
706 833
706 1181
706 1648
707 1241
707 1277
707 1694
708 1143
708 1214
708 1260
708 1367
708 1882
709 1055
709 1510
710 725
710 851
710 971
710 1248
710 1366
710 1392
710 1698
710 1770
710 1878
711 791
711 928
712 965
712 1058
712 1390
712 1621
712 1808
713 797
713 888
713 1274
713 1396
714 783
714 793
714 816
714 1566
715 1302
715 1534
715 1564
715 1682
715 1931
716 1844
718 756
718 1008
718 1029
718 1137
718 1325
718 1358
718 1832
718 1956
719 1440
719 1474
720 1013
720 1032
720 1076
720 1081
720 1803
720 1945
721 930
721 946
721 1062
721 1294
721 1447
721 1871
721 1911
722 817
722 1398
722 1506
722 1558
722 1744
722 1799
722 1844
723 808
723 841
723 1124
723 1127
723 1168
723 1241
723 1583
723 1649
723 1892
724 820
724 1184
724 1241
724 1739
724 1990
725 897
725 928
725 1870
725 1877
726 756
726 764
726 796
726 850
726 1436
726 1549
726 1767
727 806
727 1326
727 1803
727 1926
728 799
728 993
728 1436
728 1577
728 1794
728 1849
728 1901
729 1545
729 1633
729 1950
730 1261
730 1367
730 1768
730 1948
731 1123
731 1262
731 1286
731 1484
731 1506
731 1588
732 859
732 938
732 1504
732 1698
732 1770
732 1820
733 845
733 1042
733 1078
733 1146
734 785
734 1049
734 1373
734 1510
734 1720
734 1858
734 1957
734 2000
735 900
735 1285
735 1422
736 1467
736 1849
737 873
737 882
737 988
737 1592
737 1594
737 1642
737 1680
738 744
738 1221
738 1267
738 1763
739 1622
739 1974
740 1065
740 1177
740 1900
740 1979
740 1983
741 1032
741 1136
741 1277
741 1470
741 1488
741 1848
742 827
742 879
742 1145
742 1363
742 1385
742 1661
743 821
743 839
743 918
743 1315
743 1703
743 1914
744 951
744 1410
744 1806
744 1823
744 1857
745 902
745 1009
745 1138
745 1179
745 1245
745 1259
745 1334
745 1336
745 1490
746 1115
746 1202
746 1207
746 1319
746 1380
746 1462
746 1573
746 1791
747 1800
747 1948
748 785
748 860
748 864
748 949
748 1010
748 1235
748 1320
748 1526
749 848
749 859
749 1017
749 1386
749 1607
749 1781
750 917
750 1013
750 1081
750 1090
750 1387
750 1804
751 933
751 1089
751 1621
752 868
752 931
752 1000
752 1072
752 1436
752 1979
753 864
753 895
753 917
754 859
754 975
754 1164
754 1456
754 1477
754 1563
754 1639
755 762
755 862
755 880
755 947
755 955
755 1103
755 1155
755 1282
755 1786
755 1827
756 917
756 1291
756 1360
756 1493
756 1921
757 910
757 959
757 1252
757 1750
757 1775
758 831
758 1648
758 1731
758 1788
758 1821
758 1833
759 1240
760 809
760 1015
760 1645
760 1783
761 883
761 1655
761 1694
762 802
762 1027
762 1091
762 1161
762 1361
762 1383
763 921
763 1109
763 1118
763 1407
763 1416
763 1481
763 1668
763 1718
763 1843
763 1932
764 783
764 1420
764 1527
764 1690
765 892
765 933
765 988
765 1221
765 1595
765 1706
765 1784
765 1946
766 1026
766 1258
766 1400
766 1564
766 1656
766 1674
766 1735
766 1755
766 1777
767 885
767 1266
767 1497
767 1982
768 944
768 971
768 1080
768 1416
768 1438
768 1535
768 1832
768 1870
769 1432
769 1708
770 789
770 1365
770 1469
770 1502
770 1719
771 803
771 898
771 1195
771 1288
771 1392
771 1696
771 1723
771 1781
771 1803
772 1189
772 1782
773 1699
773 1896
774 1101
774 1186
774 1253
774 1531
774 1548
774 1799
775 902
775 1029
775 1344
776 828
776 1057
777 1185
777 1599
777 1801
777 1824
777 1959
778 1124
778 1366
778 1803
779 1013
779 1207
779 1276
779 1323
780 1010
780 1152
780 1393
780 1748
780 1804
780 1866
780 1997
781 1101
781 1233
781 1887
782 819
782 938
782 1005
782 1006
782 1090
782 1167
782 1261
782 1555
783 925
783 1162
783 1178
783 1456
783 1856
784 896
784 1001
784 1110
784 1220
784 1561
784 1580
784 1775
784 1897
785 1237
785 1978
786 935
786 1445
786 1464
786 1645
786 1954
786 2000
787 815
787 834
787 1839
787 1983
788 961
788 1970
789 1010
789 1674
789 1973
790 873
790 1210
790 1386
790 1717
790 1723
791 849
791 980
791 1250
791 1700
792 948
792 1044
792 1055
792 1733
792 1859
793 889
793 1472
793 1558
793 1587
794 1304
794 1368
794 1628
794 1800
794 1925
795 971
795 1237
795 1377
795 1412
795 1735
795 1960
796 868
796 1126
796 1272
796 1467
796 1604
796 1904
796 1930
797 967
797 1561
797 1701
797 1799
797 1868
798 843
798 1243
798 1268
798 1377
798 1794
799 1062
799 1138
799 1635
800 1238
800 1404
800 1447
800 1828
800 1879
801 1026
801 1042
801 1063
801 1235
801 1398
801 1817
802 1287
802 1428
802 1647
803 963
803 984
803 1716
804 910
804 1005
804 1025
804 1220
804 1269
804 1275
804 1627
804 1749
804 1915
805 1236
805 1405
805 1657
805 1701
805 1864
805 1920
806 1236
806 1461
807 903
807 1173
807 1211
807 1244
807 1728
807 1758
807 1769
808 1152
808 1225
808 1270
808 1329
808 1347
808 1352
808 1668
808 1821
808 1830
809 911
809 1237
809 1987
810 847
810 1029
810 1206
810 1228
810 1769
810 1855
811 1101
811 1624
811 1638
811 1923
811 1965
812 1377
812 1389
812 1771
812 1991
813 864
813 887
813 967
813 996
813 1006
813 1117
813 1422
813 1497
813 1562
813 1622
813 1792
814 928
814 963
814 1343
814 1623
814 1696
815 1210
815 1222
815 1400
815 1640
815 1819
816 1007
816 1145
816 1178
816 1284
816 1613
816 1621
816 1646
816 1662
817 1083
817 1324
818 963
818 1099
818 1259
818 1276
818 1299
818 1586
818 1885
819 1028
819 1323
820 1059
820 1196
820 1508
820 1680
820 1684
820 1882
820 1969
821 915
821 1282
821 1678
821 1791
822 1393
822 1573
823 892
823 1498
823 1775
823 1975
824 895
824 1005
824 1132
824 1229
824 1321
824 1490
824 1511
824 1744
824 1868
825 1029
825 1040
825 1096
825 1122
825 1242
825 1322
825 1330
825 1470
826 884
826 1175
826 1551
826 1716
827 971
827 1055
827 1179
827 1291
827 1373
827 1426
827 1467
827 1555
828 944
828 1397
828 1574
829 1195
829 1384
830 1054
830 1193
831 1136
831 1220
831 1752
832 1179
832 1443
832 1458
832 1459
832 1484
832 1855
832 1924
832 1931
833 1406
833 1428
833 1559
833 1855
834 1422
834 1582
834 1640
834 1905
835 931
835 1373
836 895
836 1280
836 1462
836 1606
836 1808
836 1818
837 1173
837 1326
837 1639
838 860
838 1022
838 1174
838 1270
838 1294
839 871
839 878
839 949
839 1055
839 1502
839 1743
840 861
840 937
840 1111
840 1271
840 1556
840 1813
841 849
841 866
841 1299
841 1423
841 1501
841 1677
841 1923
842 917
842 1438
842 1740
842 1820
842 1847
843 1054
843 1153
843 1284
843 1558
843 1899
844 1013
844 1341
844 1531
844 1533
844 1676
844 1822
845 887
845 955
845 1020
845 1281
845 1671
845 1698
845 1797
846 919
846 1185
846 1662
846 1663
846 1673
846 1722
846 1727
847 1067
847 1415
847 1471
847 1541
847 1570
848 877
848 942
848 1451
848 1562
848 1610
848 1645
848 1976
849 1248
849 1499
850 975
850 1934
851 882
851 923
851 1760
851 1839
851 1996
852 1069
852 1216
852 1336
852 1401
852 1486
852 1508
852 1969
853 1095
853 1214
853 1281
853 1485
853 1486
853 1571
853 1781
853 1906
853 1974
854 992
854 1129
854 1500
854 1684
855 876
855 891
855 1009
855 1194
855 1384
855 1499
855 1614
855 1772
855 1822
856 913
856 1221
856 1342
856 1604
856 1664
857 1794
858 1226
858 1391
858 1512
858 1871
859 872
859 904
859 950
859 1150
859 1172
859 1598
859 1854
859 1959
860 988
860 1043
860 1165
860 1198
860 1458
860 1497
860 1670
860 1699
860 1876
860 1944
861 1312
861 1467
861 1597
861 1800
861 1938
862 1287
862 1931
863 892
863 1102
863 1488
863 1713
863 1831
864 901
864 1579
864 1877
864 1953
865 1287
865 1524
865 1946
866 1084
866 1716
867 1636
867 1643
867 1664
867 1948
868 954
868 995
868 1021
868 1602
868 1911
869 1130
869 1194
869 1612
869 1961
870 1136
870 1176
870 1256
870 1280
870 1506
870 1875
871 914
871 1206
871 1249
871 1365
871 1496
871 1631
871 1681
872 898
872 1567
873 1477
873 1944
874 875
874 916
874 1021
874 1272
874 1335
874 1799
875 950
875 1105
875 1308
875 1486
875 1590
876 889
876 1542
876 1857
876 1916
877 1074
877 1410
877 1439
877 1512
877 1695
877 1967
878 961
878 1283
878 1608
878 1705
878 1776
878 1796
878 1938
879 1235
880 1055
880 1141
880 1492
880 1516
880 1633
880 1642
880 1901
881 1129
881 1366
881 1411
881 1467
882 1867
882 1982
883 1500
883 1795
883 1912
883 1998
884 946
884 1254
884 1834
884 1958
884 1961
885 969
885 1386
885 1511
885 1584
885 1861
885 1933
886 1315
886 1597
887 1134
887 1152
887 1242
887 1694
887 1999
888 1039
888 1138
888 1254
888 1284
888 1369
888 1495
888 1760
889 977
889 1152
889 1533
889 1779
890 1058
890 1184
890 1618
890 1671
891 975
891 1266
891 1346
892 1036
892 1214
892 1225
892 1480
892 1542
892 1678
892 1860
893 1058
893 1654
893 1804
893 1810
893 1888
894 1198
894 1346
894 1394
894 1409
894 1433
894 1636
894 1891
895 927
895 950
895 1009
895 1379
895 1586
895 1954
895 1985
896 1117
896 1641
896 1699
896 1774
897 1324
897 1779
898 950
898 978
898 1041
898 1173
898 1479
899 918
899 1226
899 1337
899 1521
899 1728
900 947
900 1208
900 1211
900 1290
900 1317
900 1403
900 1995
901 1037
901 1694
902 1234
902 1514
902 1524
902 1579
902 1618
902 1798
902 1937
902 1968
902 1982
903 964
903 1530
903 1625
903 1969
904 949
904 952
904 1036
904 1348
904 1774
904 1999
905 1161
905 1402
905 1452
905 1552
905 1679
906 1860
906 1919
907 1071
907 1194
907 1236
907 1540
907 1972
908 1197
908 1275
908 1276
908 1597
908 1818
909 993
909 1193
909 1588
910 1061
910 1125
910 1372
910 1534
910 1546
911 964
911 1001
911 1032
911 1688
911 1756
911 1760
912 1831
913 1136
913 1614
913 1981
914 1180
914 1429
914 1557
914 1658
914 1772
914 1925
914 1943
915 1055
915 1574
915 1927
916 1111
916 1130
916 1201
916 1482
916 1516
916 1813
917 935
917 1025
917 1089
917 1397
917 1622
917 1762
918 1074
918 1088
918 1210
918 1491
918 1666
918 1709
918 1922
919 1656
920 1139
921 1365
921 1467
921 1600
922 929
922 1100
922 1145
922 1195
922 1322
922 1391
922 1558
922 1598
922 1763
922 1988
923 1245
923 1498
923 1547
923 1841
924 1337
924 1436
924 1605
924 1637
924 1737
925 926
925 1028
925 1062
925 1099
925 1186
925 1255
926 1835
926 1863
927 1200
927 1209
927 1593
927 1904
928 947
928 1391
928 1463
929 1124
929 1368
929 1548
929 1653
929 1662
929 1737
929 1890
930 943
930 953
930 1145
930 1575
930 1853
931 960
931 1006
931 1181
931 1235
931 1770
931 1922
932 1095
932 1524
932 1874
933 1042
933 1131
933 1501
933 1677
933 1678
933 1689
933 1798
934 1308
934 1788
934 1887
935 1001
935 1214
935 1268
935 1477
935 1512
936 982
936 1255
936 1411
936 1700
936 1843
937 1291
937 1451
937 1456
937 1609
937 1961
938 1340
938 1516
939 1544
939 1604
939 1757
940 1200
940 1629
940 1688
940 1947
941 1097
941 1463
941 1821
941 1871
941 1954
942 1620
942 1694
942 1792
943 1212
943 1419
943 1477
943 1511
943 1564
943 1723
944 1032
944 1298
944 1409
944 1728
944 1789
945 1095
945 1191
946 1336
946 1502
946 1523
946 1724
946 1839
946 1903
947 1100
948 956
948 1062
948 1373
948 1522
948 1889
949 973
949 1309
949 1373
949 1649
949 1693
949 1712
949 1903
949 2000
950 1098
950 1352
950 1809
950 1924
951 1278
951 1310
951 1636
951 1673
951 1766
951 1802
951 1879
952 1132
952 1261
952 1357
952 1516
952 1588
952 1685
952 1870
953 983
953 1034
953 1611
954 1142
954 1161
954 1188
954 1392
955 1343
955 1377
955 1496
955 1957
955 1998
956 1080
956 1211
956 1437
956 1460
956 1647
956 1966
957 961
957 981
957 1486
957 1515
957 1575
957 1762
958 1099
958 1147
958 1199
958 1804
958 1812
959 1456
959 1607
959 1659
959 1744
960 1134
960 1207
960 1358
960 1579
960 1729
960 1842
961 1105
961 1197
961 1325
961 1530
962 1004
962 1012
962 1084
962 1155
962 1168
962 1664
963 1414
963 1425
963 1848
964 1145
964 1236
964 1246
964 1369
964 1483
964 1645
964 1688
964 1918
964 1978
965 1359
965 1454
965 1712
966 997
966 1163
966 1365
966 1447
967 1139
967 1238
967 1287
967 1487
967 1534
967 1661
967 1710
967 1931
968 981
968 1229
968 1630
968 1984
969 1077
969 1162
969 1319
969 1480
969 1584
969 1742
970 1334
970 1438
970 1484
970 1704
970 1751
971 980
971 1010
971 1096
971 1887
971 1975
972 1194
972 1402
972 1648
972 1673
972 1717
972 1723
972 1734
972 1811
973 1184
973 1274
973 1399
973 1400
973 1736
973 1911
974 999
974 1287
974 1333
974 1542
974 1597
974 1877
975 999
975 1021
975 1239
975 1301
975 1475
975 1546
975 1785
975 1829
976 1243
976 1273
976 1424
976 1638
976 1653
976 1870
977 1250
977 1322
977 1368
977 1424
977 1825
977 1934
978 1065
978 1581
978 1632
978 1927
979 1342
979 1371
979 1377
979 1607
980 1022
980 1119
980 1495
980 1586
981 1335
981 1489
981 1732
982 1038
982 1144
982 1168
982 1246
982 1997
983 1377
983 1531
983 1652
984 1117
984 1213
984 1270
984 1761
984 1921
985 1068
985 1167
985 1175
985 1195
985 1560
985 1590
986 1822
987 997
987 1065
987 1523
987 1530
987 1730
987 1760
988 1425
988 1430
988 1629
988 1828
988 1899
988 1969
989 1011
989 1040
989 1136
989 1486
989 1828
990 1208
990 1294
990 1342
990 1501
990 1669
991 1304
991 1358
991 1410
991 1732
991 1911
992 1006
992 1362
993 1070
993 1392
993 1955
994 1186
994 1206
994 1274
994 1419
994 1804
994 1808
995 1031
995 1268
995 1284
995 1334
995 1356
995 1406
996 1046
996 1306
996 1321
996 1341
996 1414
996 1637
996 1768
998 1133
998 1167
998 1708
998 1972
999 1235
999 1272
999 1563
999 1639
1000 1186
1000 1581
1001 1141
1001 1192
1001 1209
1001 1726
1001 1837
1002 1120
1002 1818
1002 1826
1002 1849
1003 1747
1003 1894
1004 1109
1004 1154
1004 1309
1005 1108
1005 1336
1005 1978
1007 1377
1007 1440
1007 1601
1007 1605
1007 1699
1007 1832
1008 1177
1008 1196
1008 1310
1008 1619
1008 1847
1009 1037
1009 1052
1009 1315
1009 1318
1009 1388
1010 1054
1010 1295
1010 1324
1010 1473
1011 1067
1011 1357
1011 1688
1011 1732
1011 1816
1012 1450
1012 1508
1013 1178
1013 1864
1014 1158
1014 1369
1014 1533
1014 1607
1014 1639
1014 1735
1015 1247
1015 1620
1015 1641
1016 1360
1017 1027
1017 1045
1017 1278
1017 1590
1018 1211
1018 1655
1018 1683
1018 1938
1019 1222
1019 1480
1019 1732
1020 1097
1020 1265
1020 1550
1020 1552
1020 1585
1020 1613
1021 1214
1021 1245
1021 1317
1021 1821
1021 1897
1022 1449
1022 1507
1022 1801
1023 1123
1023 1856
1023 1912
1024 1063
1024 1521
1024 1752
1025 1263
1026 1147
1026 1364
1026 1373
1026 1708
1026 1992
1027 1282
1027 1791
1027 1807
1027 1839
1028 1110
1028 1394
1028 1433
1028 1630
1028 1718
1028 1813
1028 1951
1029 1322
1029 1425
1029 1791
1029 1972
1030 1253
1030 1388
1030 1746
1030 1787
1030 1829
1030 1948
1031 1476
1031 1508
1031 1510
1031 1645
1031 1986
1032 1069
1032 1082
1032 1473
1032 1842
1032 1881
1033 1081
1033 1100
1033 1205
1033 1350
1033 1511
1033 1722
1033 1835
1034 1039
1034 1054
1034 1069
1034 1194
1034 1535
1034 1599
1034 1637
1034 1960
1035 1300
1035 1362
1035 1572
1035 1862
1036 1184
1036 1523
1036 1601
1036 1865
1037 1103
1037 1167
1037 1231
1037 1327
1037 1418
1037 1616
1037 1709
1037 1726
1037 1728
1037 1765
1038 1070
1038 1435
1038 1471
1038 1741
1039 1117
1039 1172
1039 1547
1040 1143
1040 1407
1040 1421
1040 1445
1040 1613
1040 1635
1040 1789
1041 1161
1041 1311
1041 1327
1041 1717
1041 1992
1042 1059
1042 1105
1042 1124
1042 1240
1042 1257
1042 1457
1042 1481
1042 1694
1042 1763
1042 1848
1043 1092
1043 1529
1043 1826
1044 1081
1044 1115
1044 1247
1044 1524
1044 1609
1044 1672
1044 1727
1045 1094
1045 1124
1045 1186
1045 1197
1045 1465
1045 1827
1046 1326
1046 1584
1046 1656
1046 1950
1047 1164
1047 1365
1047 1391
1047 1486
1047 1618
1047 1953
1048 1332
1048 1933
1049 1144
1049 1342
1049 1835
1049 1961
1050 1773
1051 1068
1051 1079
1051 1303
1051 1343
1051 1542
1052 1079
1052 1470
1052 1480
1052 1662
1053 1079
1054 1830
1054 1847
1054 1898
1055 1837
1056 1105
1056 1461
1056 1552
1056 1561
1056 1599
1056 1617
1056 1894
1056 1924
1057 1137
1057 1141
1057 1160
1057 1323
1057 1325
1057 1431
1057 1510
1057 1613
1057 1658
1057 1710
1057 1775
1057 1787
1057 1842
1057 1863
1057 1875
1058 1182
1058 1409
1058 1848
1059 1153
1059 1253
1059 1433
1059 1511
1059 1855
1060 1227
1060 1930
1060 1955
1061 1130
1062 1261
1062 1501
1062 1645
1062 1897
1062 1908
1062 1930
1063 1145
1063 1187
1063 1230
1064 1240
1064 1315
1064 1750
1064 1811
1064 1940
1065 1104
1065 1351
1066 1079
1066 1262
1066 1644
1066 1765
1067 1603
1067 1647
1067 1967
1068 1099
1068 1282
1068 1528
1068 1985
1069 1076
1069 1259
1069 1453
1069 1489
1070 1328
1070 1479
1070 1686
1070 1830
1070 1935
1071 1218
1071 1506
1071 1532
1071 1565
1071 1663
1071 1812
1072 1257
1072 1285
1072 1434
1072 1791
1073 1674
1074 1177
1074 1402
1074 1865
1075 1248
1075 1304
1075 1440
1075 1543
1075 1785
1076 1365
1076 1709
1076 1779
1076 1916
1077 1086
1078 1097
1078 1253
1078 1769
1078 1884
1079 1245
1079 1430
1079 1528
1079 1541
1080 1229
1080 1455
1080 1541
1080 1873
1080 1929
1080 1960
1081 1192
1081 1485
1081 1601
1081 1636
1081 1792
1081 1982
1082 1464
1082 1697
1083 1387
1083 1683
1084 1223
1084 1281
1085 1207
1085 1216
1085 1247
1085 1286
1085 1527
1085 1581
1085 1969
1085 1978
1086 1395
1086 1467
1086 1789
1087 1150
1087 1467
1087 1823
1087 1948
1088 1412
1088 1707
1088 1941
1089 1483
1089 1652
1089 1768
1089 1817
1090 1298
1090 1352
1090 1416
1091 1770
1091 1865
1092 1313
1092 1397
1092 1517
1092 1929
1093 1230
1093 1387
1093 1561
1093 1728
1093 1986
1094 1311
1095 1340
1095 1368
1095 1479
1095 1524
1095 1865
1095 1887
1095 1931
1096 1274
1096 1620
1096 1649
1096 1811
1097 1171
1097 1438
1098 1250
1098 1264
1098 1680
1099 1172
1099 1400
1099 1669
1099 1884
1099 1910
1100 1216
1100 1472
1100 1567
1100 1845
1101 1463
1101 1887
1102 1224
1102 1538
1102 1690
1102 1781
1102 1865
1102 1969
1103 1148
1103 1339
1103 1383
1103 1579
1103 1780
1104 1143
1104 1393
1104 1579
1104 1590
1104 1851
1104 1887
1105 1215
1105 1246
1105 1476
1105 1589
1105 1630
1106 1361
1106 1767
1106 1809
1106 1816
1107 1554
1107 1602
1108 1182
1108 1208
1108 1353
1108 1413
1108 1557
1108 1630
1108 1865
1108 1891
1108 1915
1109 1660
1109 1706
1110 1172
1110 1535
1110 1566
1110 1863
1110 1889
1110 1892
1111 1640
1111 1773
1112 1116
1112 1181
1112 1197
1112 1341
1112 1741
1112 1747
1112 1753
1112 1834
1113 1268
1114 1259
1114 1868
1115 1237
1115 1266
1115 1568
1115 1652
1116 1155
1116 1565
1116 1957
1117 1494
1117 1496
1117 1526
1117 1912
1118 1498
1118 1580
1119 1281
1119 1290
1119 1514
1119 1729
1119 1819
1120 1290
1120 1569
1120 1873
1120 1936
1121 1164
1121 1236
1121 1484
1122 1248
1122 1289
1122 1451
1122 1840
1123 1288
1124 1194
1124 1373
1125 1553
1125 1804
1126 1224
1126 1557
1126 1724
1126 1728
1127 1215
1127 1270
1127 1368
1127 1423
1127 1454
1127 1524
1127 1576
1127 1835
1127 1842
1127 1860
1127 1942
1127 1968
1128 1184
1128 1441
1128 1458
1130 1186
1130 1289
1130 1345
1130 1490
1130 1740
1130 1839
1130 1880
1130 1917
1130 1925
1130 1994
1131 1534
1131 1879
1132 1453
1132 1883
1132 1897
1133 1470
1133 1641
1133 1806
1134 1545
1135 1266
1135 1799
1136 1218
1136 1461
1136 1617
1136 1807
1137 1188
1137 1354
1137 1385
1137 1687
1137 1773
1138 1404
1138 1537
1138 1738
1139 1689
1140 1882
1141 1247
1141 1791
1141 1838
1142 1384
1142 1556
1142 1613
1142 1762
1142 1860
1143 1184
1143 1543
1143 1641
1143 1703
1144 1979
1145 1344
1145 1594
1145 1631
1145 1811
1145 1861
1146 1289
1146 1708
1146 1970
1147 1199
1147 1335
1147 1360
1147 1368
1147 1448
1147 1870
1148 1201
1148 1868
1149 1181
1149 1230
1149 1232
1149 1300
1149 1394
1150 1624
1150 1627
1150 1650
1150 1691
1150 1722
1150 1761
1150 1999
1151 1174
1151 1195
1151 1485
1151 1545
1151 1549
1151 1568
1151 1582
1151 1588
1151 1883
1152 1331
1152 1436
1153 1620
1154 1200
1154 1262
1154 1415
1154 1890
1155 1407
1156 1250
1156 1820
1157 1490
1157 1508
1157 1617
1157 1839
1157 1877
1158 1317
1158 1494
1159 1289
1159 1333
1160 1375
1160 1488
1161 1207
1161 1394
1162 1490
1162 1679
1162 1808
1162 1835
1163 1206
1163 1716
1163 1841
1164 1228
1164 1378
1164 1407
1165 1234
1165 1494
1166 1261
1166 1447
1166 1496
1166 1849
1167 1203
1167 1435
1167 1954
1168 1528
1168 1550
1168 1583
1168 1614
1168 1653
1168 1713
1168 1802
1168 1921
1168 1966
1169 1185
1169 1282
1169 1317
1170 1621
1170 1755
1170 1847
1170 1899
1170 1932
1171 1684
1171 1776
1171 1850
1172 1189
1172 1453
1172 1695
1172 1696
1172 1714
1172 1749
1172 1971
1173 1590
1173 1653
1174 1189
1174 1193
1174 1883
1175 1185
1175 1582
1175 1946
1176 1382
1177 1409
1177 1443
1178 1706
1178 1902
1179 1794
1180 1304
1180 1559
1180 1668
1181 1489
1181 1697
1181 1763
1182 1227
1182 1508
1182 1989
1183 1364
1183 1435
1183 1807
1184 1470
1184 1568
1185 1485
1185 1556
1186 1389
1186 1516
1186 1709
1186 1767
1186 1821
1186 1939
1187 1292
1187 1512
1188 1636
1189 1614
1189 1795
1190 1266
1190 1314
1190 1551
1190 1596
1190 1695
1191 1513
1191 1587
1191 1902
1191 1911
1191 1959
1192 1229
1192 1975
1193 1657
1193 1817
1193 1959
1194 1621
1194 1842
1194 1917
1195 1655
1195 1747
1195 1810
1195 1891
1197 1253
1197 1261
1197 1515
1197 1939
1198 1512
1198 1565
1198 1693
1198 1927
1199 1282
1199 1407
1199 1717
1200 1256
1200 1612
1200 1781
1201 1255
1201 1973
1202 1430
1202 1529
1202 1540
1202 1607
1203 1326
1203 1548
1203 1708
1204 1574
1204 1724
1205 1233
1205 1257
1205 1287
1205 1470
1205 1571
1205 1850
1205 1998
1206 1466
1206 1643
1206 1901
1207 1295
1207 1815
1208 1671
1208 1873
1209 1695
1210 1230
1210 1387
1210 1491
1211 1224
1211 1286
1211 1570
1211 1693
1212 1284
1212 1444
1212 1557
1212 1608
1212 1657
1213 1249
1213 1263
1213 1423
1213 1937
1214 1254
1214 1372
1214 1515
1215 1676
1215 1694
1216 1351
1216 1506
1216 1757
1216 1990
1217 1360
1217 1789
1218 1422
1218 1511
1218 1525
1218 1796
1218 1892
1219 1317
1219 1602
1219 1847
1219 1917
1219 1940
1219 1984
1220 1896
1221 1540
1221 1609
1222 1439
1222 1921
1222 1986
1222 1993
1223 1486
1224 1293
1224 1367
1224 1447
1224 1554
1224 1873
1225 1552
1225 1636
1225 1773
1225 1941
1225 1957
1227 1326
1227 1391
1228 1724
1228 1903
1228 1925
1228 1967
1229 1399
1229 1563
1230 1231
1230 1598
1230 1790
1230 1899
1230 1900
1230 1961
1231 1398
1231 1410
1231 1597
1231 1682
1232 1240
1232 1448
1233 1556
1233 1924
1233 1976
1234 1285
1234 1358
1234 1473
1234 1628
1235 1346
1235 1356
1235 1457
1235 1495
1235 1550
1235 1736
1235 1783
1235 1863
1236 1300
1236 1322
1237 1251
1237 1391
1238 1294
1238 1344
1238 1635
1239 1493
1239 1588
1239 1764
1240 1348
1240 1488
1240 1941
1241 1305
1241 1335
1242 1479
1242 1556
1242 1658
1242 1934
1242 1943
1242 1989
1243 1286
1243 1332
1243 1341
1244 1270
1244 1407
1244 1573
1244 1665
1244 1942
1245 1367
1245 1407
1245 1629
1245 1717
1245 1808
1246 1778
1247 1330
1247 1340
1248 1420
1248 1682
1249 1325
1249 1404
1249 1532
1249 1562
1249 1641
1250 1832
1251 1488
1251 1610
1251 1761
1251 1892
1251 1969
1252 1534
1252 1705
1253 1435
1253 1509
1253 1597
1253 1679
1253 1906
1254 1394
1254 1518
1254 1561
1254 1705
1254 1906
1254 1937
1254 1969
1255 1612
1255 1925
1255 1969
1256 1954
1256 1968
1257 1598
1257 1619
1257 1683
1257 1685
1257 1884
1257 1960
1258 1323
1258 1325
1258 1539
1258 1658
1258 1714
1258 1731
1258 1740
1258 1956
1259 1281
1259 1456
1259 1635
1259 1863
1259 1871
1259 1905
1260 1506
1260 1552
1260 1555
1260 1801
1261 1647
1261 1708
1261 1779
1262 1336
1263 1467
1263 1564
1263 1953
1264 1304
1264 1388
1264 1657
1264 1832
1265 1650
1266 1993
1268 1965
1268 1978
1269 1344
1269 1439
1269 1616
1269 1704
1269 1837
1269 1882
1269 1899
1270 1309
1270 1608
1270 1893
1270 1967
1271 1846
1273 1299
1273 1368
1273 1474
1273 1695
1273 1730
1274 1344
1274 1425
1274 1542
1274 1569
1274 1805
1275 1608
1275 1643
1275 1764
1275 1937
1276 1351
1276 1402
1277 1622
1278 1305
1278 1929
1278 1938
1279 1388
1279 1755
1282 1442
1282 1480
1282 1714
1283 1331
1283 1548
1283 1604
1283 1745
1283 1953
1284 1341
1284 1447
1284 1565
1285 1353
1285 1447
1285 1722
1285 1762
1285 1940
1286 1802
1287 1384
1288 1366
1288 1827
1289 1674
1289 1855
1290 1414
1290 1514
1290 1730
1290 1731
1290 1889
1290 1967
1292 1464
1293 1852
1294 1365
1294 1447
1294 1456
1294 1611
1294 1801
1294 1910
1295 1427
1295 1532
1295 1667
1295 1813
1295 1855
1296 1335
1296 1459
1296 1498
1296 1774
1297 1364
1297 1605
1297 1754
1298 1301
1298 1620
1298 1842
1299 1368
1299 1395
1299 1599
1299 1877
1299 1916
1300 1383
1300 1417
1300 1899
1301 1465
1301 1682
1301 1832
1301 1883
1302 1716
1303 1931
1304 1608
1304 1836
1305 1337
1305 1379
1305 1971
1306 1347
1306 1488
1306 1940
1308 1524
1308 1760
1309 1469
1309 1893
1310 1364
1310 1587
1310 1905
1311 1461
1311 1527
1311 1941
1311 1956
1312 1507
1313 1333
1313 1665
1314 1475
1314 1768
1314 1910
1314 1995
1316 1353
1316 1624
1316 1670
1316 1795
1316 1849
1316 1970
1317 1965
1318 1498
1318 1515
1318 1727
1319 1475
1319 1664
1319 1734
1319 1784
1320 1482
1320 1648
1320 1840
1320 1925
1321 1685
1322 1333
1322 1347
1322 1714
1323 1687
1324 1383
1324 1424
1324 1768
1324 1776
1324 1942
1325 1469
1325 1947
1326 1794
1326 1935
1326 1990
1327 1933
1327 2000
1328 1404
1328 1874
1329 1566
1329 1625
1329 1668
1330 1364
1330 1897
1332 1670
1332 1722
1332 1813
1332 1815
1333 1641
1334 1455
1334 1488
1334 1592
1335 1514
1335 1887
1336 1620
1337 1382
1337 1791
1337 1805
1338 1761
1339 1578
1339 1587
1339 1818
1340 1431
1340 1451
1340 1484
1340 1806
1340 1908
1341 1405
1341 1555
1341 1786
1342 1442
1342 1453
1342 1667
1343 1401
1343 1459
1343 1723
1343 1803
1344 1349
1344 1753
1344 1833
1344 1907
1345 1543
1345 1972
1346 1494
1346 1516
1346 1530
1346 1738
1346 1828
1346 1853
1347 1565
1347 1810
1347 1842
1348 1765
1348 1829
1348 1859
1348 1871
1349 1571
1349 1574
1349 1794
1349 1921
1350 1595
1350 1848
1351 1444
1351 1958
1352 1377
1352 1559
1352 1596
1352 1695
1352 1819
1353 1688
1354 1523
1354 1898
1354 1922
1354 1975
1354 1995
1355 1522
1355 1560
1355 1657
1355 1679
1355 1699
1356 1374
1356 1752
1357 1413
1357 1490
1357 1544
1357 1942
1359 1857
1359 1889
1360 1479
1360 1480
1360 1814
1361 1431
1361 1555
1361 1633
1362 1525
1362 1705
1362 1852
1362 1883
1362 1996
1363 1548
1363 1754
1363 1797
1364 1640
1364 1824
1365 1503
1365 1851
1365 1965
1366 1472
1366 1484
1366 1617
1366 1740
1367 1434
1367 1444
1367 1589
1368 1486
1368 1619
1368 1850
1368 1903
1369 1949
1370 1752
1371 1661
1371 1814
1372 1561
1373 1421
1373 1439
1373 1769
1375 1377
1375 1412
1375 1678
1375 1757
1376 1710
1376 1716
1376 1808
1376 1921
1377 1721
1377 1723
1377 1857
1377 1869
1377 1980
1378 1744
1378 1801
1378 1913
1378 1930
1378 1948
1378 1962
1379 1578
1379 1612
1379 1881
1380 1545
1380 1621
1380 1795
1380 1818
1380 1885
1380 1926
1380 1940
1380 1981
1381 1473
1381 1683
1381 1737
1381 1990
1382 1501
1382 1616
1382 1643
1382 1693
1383 1494
1383 1501
1383 1579
1383 1691
1384 1510
1384 1940
1384 1992
1385 1542
1385 1656
1385 1679
1385 1835
1385 1936
1385 1952
1386 1614
1386 1708
1386 1892
1386 1915
1386 1943
1386 1976
1387 1394
1387 1754
1387 1755
1388 1574
1390 1899
1390 1921
1391 1569
1391 1880
1392 1476
1392 1686
1393 1466
1393 1474
1393 1552
1393 1760
1393 1918
1395 1566
1395 1620
1396 1577
1396 1794
1397 1682
1397 1793
1397 1797
1398 1664
1398 1825
1399 1440
1399 1634
1399 1756
1400 1481
1402 1718
1403 1433
1403 1443
1403 1656
1403 1675
1403 1741
1404 1738
1405 1620
1405 1678
1405 1884
1406 1808
1407 1861
1408 1752
1408 1835
1409 1593
1409 1958
1410 1419
1410 1671
1410 1868
1411 1790
1411 1833
1412 1743
1412 1800
1413 1794
1413 1916
1413 1941
1414 1505
1414 1733
1414 1915
1414 1988
1415 1864
1416 1737
1416 1899
1416 1918
1417 1425
1417 1614
1417 1739
1417 1756
1418 1601
1418 1759
1418 1785
1418 1942
1418 1973
1419 1521
1419 1740
1419 1753
1419 1940
1419 1962
1420 1457
1420 1481
1420 1666
1420 1676
1420 1715
1420 1902
1421 1604
1421 1849
1421 1973
1422 1435
1422 1799
1423 1500
1423 1548
1423 1793
1423 1831
1423 1865
1424 1529
1424 1652
1424 1828
1424 1953
1424 1999
1425 1451
1425 1823
1425 1997
1426 1849
1426 1862
1426 1904
1427 1431
1427 1559
1427 1582
1427 1743
1427 1777
1427 1828
1427 1996
1428 1539
1428 1629
1428 1757
1428 1894
1429 1819
1429 1997
1430 1558
1430 1596
1430 1697
1431 1522
1431 1681
1431 1770
1432 1441
1432 1461
1432 1769
1434 1445
1434 1475
1434 1829
1434 1838
1435 1726
1435 1752
1435 1786
1435 1960
1436 1513
1436 1959
1437 1485
1437 1562
1437 1722
1437 1890
1438 1652
1438 1814
1438 1834
1438 1837
1439 1535
1439 1603
1439 1977
1439 1978
1440 1470
1440 1776
1440 1824
1441 1729
1441 1857
1442 1742
1442 1900
1443 1652
1444 1874
1445 1648
1445 1793
1446 1737
1447 1598
1447 1663
1448 1582
1448 1681
1449 1731
1449 1904
1450 1498
1450 1793
1451 1537
1451 1872
1451 1882
1452 1776
1452 1888
1452 1921
1452 1958
1453 1478
1454 1886
1456 1508
1456 1648
1456 1849
1456 1928
1457 1524
1457 1675
1457 1926
1458 1736
1458 1939
1459 1584
1460 1558
1460 1564
1461 1588
1462 1558
1462 1637
1462 1639
1463 1483
1463 1860
1464 1540
1464 1579
1465 1727
1466 1763
1466 1845
1466 1935
1466 1994
1466 1995
1467 1515
1467 1835
1468 1552
1468 1681
1468 1731
1468 1967
1468 1990
1469 1476
1470 1852
1471 1521
1473 1731
1473 1926
1474 1853
1474 1944
1474 1957
1475 1907
1476 1704
1476 1768
1476 1862
1476 1897
1476 1901
1476 1929
1477 1525
1477 1580
1477 1830
1478 1776
1478 1894
1478 1931
1479 1690
1480 1653
1480 1798
1480 1923
1480 1974
1482 1521
1482 1644
1482 1767
1482 1971
1483 1655
1483 1855
1484 1743
1484 1981
1485 1510
1485 1587
1485 1621
1485 1701
1485 1759
1485 1806
1485 1821
1485 1890
1486 1583
1486 1653
1486 1894
1486 1910
1486 1945
1486 1979
1486 1990
1488 1698
1488 1941
1489 1732
1489 1882
1490 1614
1490 1745
1491 1507
1492 1522
1492 1523
1492 1561
1492 1729
1493 1764
1494 1937
1495 1529
1495 1792
1496 1792
1497 1881
1498 1788
1500 1534
1500 1790
1502 1797
1502 1852
1502 1974
1503 1529
1503 1655
1504 1512
1504 1613
1504 1618
1504 1670
1504 1794
1504 1935
1505 1591
1505 1657
1505 1821
1506 1539
1506 1540
1506 1826
1507 1543
1507 1552
1508 1749
1508 1802
1509 1749
1509 1871
1510 1520
1510 1801
1511 1649
1512 1725
1513 1637
1513 1890
1514 1522
1514 1564
1514 1806
1516 1825
1517 1748
1517 1846
1519 1613
1519 1836
1519 1892
1520 1719
1520 1895
1521 1861
1521 1929
1522 1709
1522 1781
1522 1859
1523 1848
1525 1569
1525 1741
1526 1643
1527 1788
1527 1882
1527 1890
1528 1651
1528 1773
1529 1546
1529 1863
1530 1865
1532 1963
1532 1987
1533 1852
1533 1899
1534 1952
1535 1594
1537 1792
1538 1643
1538 1772
1538 1804
1539 1691
1540 1843
1541 1603
1541 1679
1541 1949
1542 1933
1545 1774
1545 1899
1546 1584
1546 1627
1546 1715
1546 1717
1548 1589
1548 1742
1548 1870
1549 1555
1549 1595
1550 1823
1551 1727
1551 1883
1551 1917
1552 1858
1552 1969
1552 1986
1553 1922
1555 1856
1555 1886
1556 1594
1556 1692
1557 1726
1558 1930
1558 1935
1558 1971
1558 1991
1559 1665
1559 1773
1559 1907
1559 1927
1559 1928
1560 1633
1560 1687
1561 1854
1561 1861
1561 1865
1561 1966
1565 1684
1565 1968
1566 1569
1566 1579
1566 1717
1566 1818
1567 1614
1568 1682
1568 1876
1569 1623
1569 1704
1569 1859
1569 1940
1570 1760
1571 1608
1571 1792
1571 1906
1572 1873
1573 1878
1574 1853
1577 1959
1579 1616
1579 1722
1579 1781
1580 1805
1580 1857
1580 1862
1581 1651
1581 1780
1582 1776
1583 1824
1584 1825
1584 1827
1584 1987
1585 1836
1586 1899
1587 1590
1587 1994
1589 1691
1589 1707
1589 1899
1589 1933
1591 1644
1591 1701
1591 1739
1591 1789
1591 1887
1591 1987
1592 1642
1592 1874
1593 1991
1594 1901
1594 1969
1595 1602
1595 1715
1595 1722
1595 1992
1596 1688
1596 1785
1596 1845
1596 1992
1597 1963
1598 1970
1599 1717
1600 1743
1603 1845
1604 1681
1604 1719
1605 1925
1606 1767
1606 1778
1606 1806
1606 1863
1607 1618
1607 1628
1607 1892
1608 1623
1608 1688
1609 1750
1609 1883
1609 1975
1610 1946
1611 1757
1611 1843
1613 1726
1614 1626
1614 1657
1615 1768
1615 1884
1616 1942
1617 1703
1617 1835
1619 1671
1621 1945
1622 1788
1623 1792
1623 1884
1625 1692
1625 1771
1627 1844
1628 1675
1629 1705
1629 1709
1630 1684
1632 1706
1632 1812
1633 1748
1633 1884
1633 1926
1634 1694
1634 1736
1634 1816
1634 1822
1634 1825
1635 1750
1635 1888
1637 1690
1637 1871
1637 1992
1639 1785
1639 1965
1640 1702
1640 1842
1641 1790
1642 1992
1643 1860
1644 1942
1645 1687
1645 1903
1646 1746
1646 1752
1649 1692
1649 1714
1649 1820
1650 1674
1650 1803
1650 1848
1650 1991
1653 1721
1653 1839
1653 1907
1654 1671
1654 1783
1655 1720
1656 1943
1657 1823
1657 1984
1658 1705
1658 1871
1658 1957
1660 1739
1661 1880
1662 1692
1662 1880
1662 2000
1663 1754
1663 1887
1665 1772
1665 1981
1666 1899
1668 1784
1668 1937
1669 1898
1669 1908
1670 1838
1671 1902
1674 1757
1674 1818
1676 1986
1677 1885
1677 1982
1678 1686
1679 1720
1679 1920
1680 1744
1680 1764
1680 2000
1681 1688
1681 1872
1682 1988
1683 1705
1685 1726
1685 1962
1686 1691
1686 1706
1686 1735
1686 1762
1686 1776
1686 1856
1686 1974
1688 1874
1688 1912
1688 1998
1689 1707
1690 1913
1691 1832
1692 1812
1695 1710
1695 1869
1695 1977
1696 1903
1696 1989
1698 1949
1699 1908
1699 1921
1700 1723
1700 1724
1700 1803
1701 1734
1701 1746
1702 1745
1703 1811
1704 1897
1706 1728
1708 1889
1708 1927
1709 1894
1709 1913
1711 1769
1711 1806
1711 1964
1712 1755
1713 1718
1713 1733
1713 1821
1713 1988
1716 1843
1717 1916
1717 1967
1719 1826
1720 1780
1720 1784
1721 1941
1721 1998
1722 1960
1722 1975
1723 1800
1723 1898
1724 1767
1724 1948
1724 1951
1726 1789
1727 1934
1728 1910
1729 1816
1730 1876
1731 1814
1732 1833
1732 2000
1733 1775
1733 1965
1734 1857
1735 1796
1735 1879
1736 1785
1737 1929
1738 1821
1738 1853
1739 1883
1739 1940
1740 1802
1741 1799
1741 1913
1742 1889
1743 1920
1744 1813
1745 1757
1745 1943
1746 1916
1746 1980
1750 1879
1752 1831
1754 1990
1755 1764
1756 1835
1757 1886
1760 1921
1760 1960
1762 1867
1763 1796
1763 1814
1763 1837
1766 1844
1766 1869
1766 1953
1767 1781
1768 1901
1769 1855
1769 1937
1770 1931
1770 1974
1771 1779
1771 1886
1772 1863
1775 1818
1775 1861
1776 1886
1777 1977
1777 1999
1779 1892
1782 1836
1782 1991
1783 1886
1783 1950
1784 1816
1784 1956
1786 1980
1788 1985
1790 1929
1794 1879
1797 1798
1797 1977
1797 1984
1797 1988
1798 1902
1798 1934
1800 1969
1801 1849
1801 1997
1805 1933
1806 1948
1808 1858
1810 1835
1810 1881
1810 1936
1810 1994
1811 1989
1812 1944
1816 1824
1816 1892
1817 1845
1818 1943
1820 1861
1820 1902
1820 1984
1824 1911
1824 1963
1828 1985
1831 1840
1831 1851
1832 1942
1834 1941
1836 1841
1836 1967
1839 1883
1840 1891
1842 1851
1843 1903
1843 1904
1843 1905
1843 1925
1844 1936
1846 1911
1850 1910
1851 1970
1856 1872
1856 1884
1861 1921
1865 1986
1871 1886
1872 1968
1872 1975
1875 1923
1876 1963
1877 1974
1881 1905
1882 1900
1884 1926
1884 1932
1891 1903
1891 1931
1893 1995
1896 1939
1899 1918
1902 1968
1905 1977
1907 1959
1911 1976
1914 1929
1920 1934
1922 1947
1925 1945
1933 1946
1934 1977
1943 1975
1948 1963
1955 1982
1960 1961
1962 1990
1963 1964
1977 1983
