2000
1 766
1 1812
1 1947
2 525
2 869
2 894
2 1450
2 1723
2 1926
2 1934
2 1960
3 132
3 298
3 838
3 1478
3 1681
3 1989
4 443
4 1153
4 1173
4 1625
4 1843
5 819
5 880
5 1225
5 1523
5 1666
5 1720
5 1917
6 1309
6 1377
6 1426
6 1587
7 289
7 369
7 579
7 750
7 956
7 1149
7 1438
7 1795
8 685
8 982
8 1628
8 1761
8 1814
9 378
9 529
9 961
9 1299
9 1374
9 1943
9 2000
10 107
10 109
10 277
10 403
10 586
10 1106
10 1469
10 1512
10 1628
10 1706
10 1782
10 1862
10 1863
10 1990
11 31
11 53
11 237
11 244
11 911
11 1253
11 1602
12 612
12 1436
12 1488
12 1694
13 391
13 635
13 1097
13 1438
13 1543
14 46
14 218
14 485
14 923
14 1102
14 1576
14 1970
15 117
15 158
15 1196
15 1946
16 67
16 194
16 213
16 384
16 1050
16 1230
16 1288
16 1334
16 1900
17 21
17 66
17 82
17 311
17 560
17 1170
17 1254
17 1334
17 1493
18 247
18 544
18 760
18 984
18 1170
18 1550
18 1707
18 1729
18 1791
19 61
19 166
19 369
19 1069
19 1236
19 1779
19 1797
19 1831
20 751
20 975
20 1016
20 1058
20 1096
20 1221
20 1663
21 107
21 655
21 1024
21 1042
21 1512
21 1513
21 1558
21 1653
21 1656
21 1692
21 1846
21 1892
22 120
22 363
22 651
22 1098
22 1211
23 38
23 438
23 595
23 669
23 719
23 782
23 1118
23 1189
23 1310
23 1332
23 1534
24 228
24 874
24 958
24 1051
24 1500
25 319
25 336
25 474
25 1388
25 1926
26 295
26 595
26 764
26 866
26 972
26 1246
26 1272
26 1707
26 1765
26 1769
27 755
27 1092
27 1283
27 1332
27 1338
27 1943
28 275
28 710
28 1365
29 1157
29 1188
29 1461
29 1618
29 1912
30 60
30 762
30 767
30 984
30 1217
30 1435
30 1639
30 1985
31 70
31 331
31 336
31 370
31 741
32 571
32 583
32 694
32 954
32 1235
32 1680
32 1888
33 100
33 391
33 1079
33 1238
33 1255
33 1316
33 1523
33 1611
34 224
34 892
34 1368
34 1487
34 1560
34 1622
34 1719
34 1802
35 346
35 654
35 1007
35 1233
36 85
36 292
36 850
36 1465
36 1509
36 1639
36 1772
37 54
37 849
37 913
37 1015
37 1404
37 1636
38 884
38 985
38 1194
38 1320
38 1479
38 1629
38 1842
38 1866
39 202
39 819
39 961
39 1267
39 1323
39 1513
40 93
40 547
40 661
40 692
40 1395
40 1863
41 192
41 603
41 735
41 1634
41 1842
41 1907
42 1365
42 1522
42 1863
42 1975
43 330
43 478
43 554
43 581
43 1266
44 244
44 854
44 869
44 1109
44 1292
45 159
45 598
45 729
45 1776
46 432
46 457
46 471
46 675
46 714
46 971
46 1267
46 1281
46 1593
46 1730
47 106
47 282
47 583
47 680
47 878
47 1194
47 1200
47 1297
47 1303
47 1511
47 1739
47 1889
48 131
48 1302
48 1385
48 1405
49 404
49 1147
49 1786
50 69
50 246
50 426
50 557
50 1040
50 1044
50 1073
50 1260
50 1660
50 1847
50 1852
51 438
51 441
51 580
51 1385
51 1614
51 1663
51 1684
51 1821
51 1858
52 361
52 540
52 564
52 1064
52 1116
52 1328
52 1974
53 86
53 703
53 1285
53 1323
53 1744
54 456
54 718
54 757
54 1187
54 1431
54 1562
55 185
55 243
55 444
55 464
55 641
55 689
55 1001
55 1068
55 1153
55 1192
55 1711
56 215
56 387
56 645
56 973
56 1082
56 1228
56 1763
57 225
57 393
57 523
57 832
57 848
57 1158
57 1432
57 1603
57 1939
57 1944
58 440
58 785
58 899
58 1050
58 1064
58 1783
58 1942
59 991
59 1188
59 1622
60 269
60 282
60 787
60 1099
60 1163
60 1849
60 1951
61 196
61 720
61 881
61 1349
61 1445
61 1461
61 1647
62 436
62 754
62 807
62 1412
62 1566
62 1641
62 1737
63 313
63 558
63 777
63 969
63 1021
63 1244
63 1904
64 508
64 575
64 589
64 1077
64 1416
64 1825
64 1842
64 1851
65 288
65 673
65 1004
65 1331
65 1705
65 1897
65 1962
66 361
66 455
66 497
66 1375
66 1618
67 195
67 335
67 745
67 1060
67 1123
67 1253
67 1325
68 332
68 404
68 517
68 724
68 1206
68 1532
68 1838
68 1990
69 266
69 451
69 524
69 831
69 1566
69 1847
70 78
70 470
70 1174
70 1504
70 1646
71 72
71 252
71 353
71 558
71 830
71 1469
72 291
72 339
72 383
72 517
72 694
72 1880
72 1941
73 620
73 696
73 939
73 1056
73 1289
73 1298
73 1349
73 1880
73 1910
74 640
74 1018
74 1149
74 1598
74 1619
74 1642
74 1689
74 1735
74 1980
75 223
75 819
75 1486
75 1825
75 1877
76 262
76 285
76 628
76 749
76 751
76 1605
76 1951
77 572
77 721
77 953
77 1405
77 1950
78 125
78 232
78 473
78 803
78 806
78 1015
78 1253
78 1947
79 94
79 106
79 917
79 1502
79 1675
79 1867
80 310
80 419
80 968
80 996
80 1141
80 1563
80 1948
81 153
81 193
81 321
81 510
81 581
81 924
81 1671
81 1722
81 1850
82 310
82 653
82 747
82 1351
82 1699
82 1726
83 142
83 884
83 1233
83 1454
83 1726
83 1912
83 1929
83 1969
83 1971
84 242
84 332
84 540
84 789
85 120
85 183
85 934
85 1223
85 1744
86 126
86 513
86 556
86 984
86 1700
87 113
87 132
87 1188
87 1428
87 1698
87 1958
88 97
88 739
88 759
88 966
88 1075
88 1444
88 1702
88 1820
89 244
89 255
89 344
89 346
89 513
89 783
89 1022
89 1131
89 1271
89 1645
89 1743
90 516
90 857
90 976
90 1118
90 1172
90 1500
91 138
91 484
91 675
91 1230
91 1427
91 1828
92 510
92 1284
92 1377
93 180
93 565
93 1133
93 1156
93 1417
93 1671
94 111
94 198
94 213
94 520
94 771
94 920
94 1165
94 1177
94 1643
94 1734
95 125
95 154
95 700
95 745
95 785
95 867
95 1009
95 1066
95 1283
96 187
96 454
96 796
96 976
96 1451
96 1670
96 1905
96 1927
97 125
97 1493
97 1680
97 1716
97 1867
98 152
98 219
98 618
98 708
98 753
98 837
98 925
98 1039
98 1096
98 1120
98 1125
98 2000
99 290
99 307
99 420
99 436
99 875
99 1124
99 1428
100 1026
100 1128
100 1146
100 1276
100 1365
100 1596
101 372
101 601
101 675
101 1057
101 1094
101 1151
101 1160
101 1535
101 1583
101 1927
102 152
102 285
102 385
102 481
102 564
102 593
102 770
102 890
102 1018
102 1043
102 1114
102 1229
102 1525
103 724
103 1302
103 1623
103 1839
103 1900
103 1955
104 778
104 877
104 1015
104 1038
104 1047
104 1426
104 1498
104 1533
104 1653
105 455
105 653
105 1027
105 1080
105 1519
105 1666
106 125
106 514
106 516
106 523
106 605
106 748
106 1196
106 1457
106 1638
107 209
107 384
107 885
107 985
107 1318
107 1387
107 1682
107 1728
108 111
108 912
108 1183
108 1288
108 1496
108 1849
109 252
109 296
109 1425
109 1514
109 1542
110 496
110 1083
110 1188
110 1648
111 1383
111 1403
111 1884
112 135
112 633
112 989
112 1589
112 1632
112 1754
113 175
113 314
113 376
113 378
113 859
113 904
113 958
113 1128
113 1521
113 1808
113 1844
114 390
114 510
114 564
114 692
114 1442
114 1745
114 1867
115 592
115 873
115 1246
115 1354
115 1387
116 302
116 343
116 484
116 1455
116 1770
116 1922
117 205
117 567
117 668
117 927
117 1482
118 365
118 383
118 747
118 839
118 1580
118 1917
119 492
119 528
119 703
119 1294
119 1530
119 1857
120 293
120 692
120 800
120 827
120 1083
121 147
121 1546
121 1581
121 1787
122 229
122 614
122 819
123 360
123 445
124 1157
124 1214
124 1561
124 1865
125 433
125 934
125 1437
126 587
126 618
126 754
126 1923
127 315
127 623
127 1883
127 1959
128 819
128 939
128 1117
128 1159
128 1235
128 1367
128 1640
128 1970
129 307
129 722
129 793
129 946
129 1104
129 1336
129 1697
129 1964
130 227
130 265
130 450
130 840
130 1014
130 1038
130 1591
130 1919
130 1972
131 163
131 353
131 914
131 1237
132 560
132 692
132 792
132 1034
132 1106
132 1196
133 357
133 456
133 533
133 535
133 1103
133 1222
133 1271
133 1731
133 1789
133 1791
134 453
134 625
134 1471
134 1610
134 1857
135 464
135 931
135 1256
135 1412
135 1752
135 1990
136 818
136 1122
136 1134
137 241
137 1513
137 1663
137 1726
137 1933
138 491
138 810
138 812
138 1020
138 1252
138 1404
139 378
139 716
139 926
139 1003
139 1063
139 1307
139 1442
139 1814
140 184
140 420
140 431
140 730
140 850
140 959
140 1778
140 1785
141 488
141 754
141 975
141 1157
141 1176
141 1445
142 1223
142 1421
142 1489
142 1557
143 421
143 465
143 659
143 891
143 939
143 1300
143 1402
143 1848
144 544
144 1656
145 445
145 1096
145 1261
145 1311
145 1609
145 1917
146 307
146 1078
146 1414
146 1582
146 1669
146 1670
146 1949
147 421
147 594
147 1278
147 1428
147 1637
147 1830
148 534
148 749
148 837
149 372
149 417
149 424
149 750
149 828
149 1041
149 1213
149 1398
149 1439
149 1455
149 1465
149 1527
150 153
150 253
150 320
150 692
150 1046
150 1249
150 1377
150 1585
151 339
151 567
151 1005
151 1133
151 1213
152 683
152 973
152 1581
152 1727
152 1807
152 1942
153 598
153 844
153 965
153 1086
153 1329
153 1387
153 1676
153 1996
154 478
154 507
154 770
154 1109
154 1153
154 1282
154 1558
154 1610
154 1915
155 353
155 1007
155 1014
155 1094
155 1231
155 1346
155 1448
155 1605
155 1784
156 390
156 599
156 605
156 788
156 996
156 1393
157 192
157 577
157 880
157 1302
157 1429
157 1988
158 324
158 677
158 683
158 767
158 840
158 1304
158 1458
158 1464
158 1467
158 1660
159 743
159 819
159 1259
159 1294
159 1500
159 1503
160 1641
160 1722
161 932
161 1021
161 1718
162 292
162 402
162 675
162 722
162 794
162 920
162 1466
162 1670
163 628
163 656
163 1174
164 671
164 734
164 1266
165 395
165 501
165 1049
165 1191
165 1675
165 1721
165 1814
166 191
166 330
166 516
166 663
166 1090
166 1365
166 1937
167 402
167 708
167 741
167 1374
167 1441
167 1606
167 1703
168 457
168 969
168 1406
168 1426
168 1443
168 1447
168 1607
168 1961
169 309
169 467
169 845
169 940
169 965
170 295
170 484
170 715
170 1519
170 1670
171 1146
171 1339
171 1516
171 1927
172 358
172 624
172 664
172 811
172 1002
172 1039
172 1205
172 1365
172 1469
172 1757
172 1789
172 1854
173 840
173 953
173 1918
174 232
174 917
174 1314
174 1539
174 1697
174 1735
175 201
175 244
175 334
175 722
175 1215
175 1505
175 1896
176 503
176 772
176 958
176 1564
177 244
177 250
177 561
177 768
177 1468
177 1679
177 1852
178 309
178 1156
178 1316
178 1386
178 1512
178 1544
178 1941
178 1963
179 934
179 1062
179 1561
179 1791
180 621
180 724
180 1065
180 1457
180 1556
180 1774
181 367
181 1260
181 1508
181 1579
181 1692
181 1897
181 1906
182 486
182 554
182 1056
182 1307
182 1310
182 1850
183 485
183 752
183 986
184 202
184 599
184 677
184 698
184 1531
184 1534
184 1666
184 1693
185 356
185 1340
186 510
186 659
186 779
186 1096
186 1240
186 1389
186 1455
186 1828
186 1840
187 226
187 296
187 573
187 613
187 628
187 751
187 1219
187 1338
187 1500
187 1977
188 251
188 509
188 756
188 860
188 879
188 1317
189 241
189 1249
189 1376
189 1522
189 1841
189 1958
190 529
190 532
190 650
190 944
190 1753
191 383
191 1114
191 1290
191 1359
191 1558
191 1724
191 1940
192 519
192 1231
192 1324
192 1326
192 1818
192 1992
193 775
193 1411
194 550
194 577
194 832
194 1036
194 1213
194 1418
194 1475
194 1560
195 216
195 234
195 524
195 525
195 733
195 1145
195 1181
195 1265
195 1777
195 1803
196 406
196 576
196 616
196 902
196 1107
196 1141
196 1232
196 1605
196 1681
196 1985
197 1404
197 1565
197 1968
198 345
198 780
198 974
198 1058
198 1378
198 1432
198 1452
199 568
199 600
199 653
199 661
199 726
199 1158
199 1804
199 1929
200 418
200 641
200 733
200 777
200 830
200 967
200 1082
200 1169
200 1390
200 1557
201 372
201 485
201 625
201 1479
201 1545
201 1599
201 1602
201 1929
201 1958
202 297
202 525
202 567
202 870
202 1080
202 1381
202 1696
202 1945
203 228
203 245
203 421
203 917
204 881
204 1160
204 1323
204 1703
204 1786
204 1938
205 561
205 643
205 766
205 1219
205 1282
205 1314
205 1582
205 1609
205 1841
206 1101
206 1405
206 1537
206 1661
207 276
207 421
207 663
207 910
207 1049
207 1051
207 1537
207 1611
208 218
208 264
208 272
208 1454
208 1648
208 1946
209 745
209 1082
209 1381
209 1527
209 1615
209 1616
209 1727
209 1855
209 1919
210 422
210 680
210 693
210 1200
211 361
211 1196
211 1222
211 1246
211 1260
211 1550
211 1694
211 1747
211 1926
212 669
212 857
212 1039
212 1048
212 1099
212 1123
212 1214
212 1322
213 375
213 533
213 608
213 709
213 1438
213 1715
213 1800
213 1859
213 1871
213 1888
213 1968
214 479
214 524
214 610
214 859
214 880
214 930
214 968
214 1084
214 1576
214 1678
215 301
215 452
215 521
215 622
215 705
215 1068
215 1125
215 1606
215 1631
215 1803
216 563
216 1185
216 1227
216 1557
216 1831
217 997
217 1031
218 863
218 1063
218 1490
218 1664
219 467
219 675
219 681
219 881
219 1011
219 1181
219 1227
220 469
220 530
220 587
220 748
220 907
220 961
220 1598
220 1768
220 1840
220 1843
220 1986
221 417
221 449
221 763
221 843
221 866
221 1028
221 1175
222 495
222 623
222 706
222 798
223 306
223 742
223 763
223 1574
223 1618
223 1821
224 362
224 614
224 779
224 980
224 1468
224 1756
224 1821
224 1923
225 1437
225 1666
225 1759
225 1911
226 342
226 501
226 507
226 652
226 986
226 1274
226 1551
226 1917
227 288
227 1129
227 1426
228 1021
228 1729
228 1792
228 1982
229 460
229 654
229 990
229 1241
229 1781
230 477
230 939
230 1004
230 1285
230 1289
230 1451
230 1547
230 1567
231 485
231 681
231 1254
231 1743
232 286
232 448
232 620
232 755
232 1500
232 1679
232 1868
233 390
233 581
233 761
233 1206
233 1385
234 412
234 641
234 1014
234 1167
234 1176
234 1215
234 1624
235 433
235 787
235 910
235 1092
236 977
236 1002
236 1991
237 1189
237 1265
237 1275
237 1723
237 1783
238 949
238 1895
238 1972
239 314
239 710
239 1995
240 725
240 1206
241 254
241 577
241 845
241 897
241 1105
241 1393
241 1777
241 1973
242 925
242 1602
242 1677
243 385
243 448
243 776
243 1131
243 1681
244 447
244 753
244 970
244 973
244 1101
244 1263
244 1585
244 1676
244 1705
244 1862
245 754
245 952
245 1155
245 1260
245 1327
245 1536
246 431
246 1105
246 1355
246 1359
246 1360
246 1542
246 1578
246 1813
246 1986
247 1239
247 1657
247 1942
247 1949
248 287
248 619
248 1430
248 1445
248 1649
249 356
249 375
249 893
249 1068
249 1343
250 369
250 585
250 645
250 716
250 1356
250 1400
250 1563
251 291
251 343
251 402
251 575
251 709
251 799
251 818
251 1181
251 1256
251 1730
251 1946
252 516
252 891
252 1208
252 1724
252 1924
253 377
253 629
253 1069
253 1401
253 1634
253 1971
254 639
254 679
254 717
254 1175
254 1200
254 1217
254 1470
254 1680
254 1892
255 447
255 770
255 908
255 1038
255 1146
255 1704
256 413
256 616
256 733
256 907
256 941
256 1469
256 1905
256 1949
257 297
257 1068
257 1376
258 783
258 926
258 996
258 1484
259 486
259 663
259 813
259 1398
259 1700
259 1917
260 487
260 729
260 738
260 778
260 800
260 1361
260 1933
261 278
261 452
261 540
261 704
261 721
261 776
261 1247
261 1527
261 1804
262 311
262 453
262 652
262 988
262 1150
262 1217
262 1268
262 1406
262 1444
263 273
263 667
263 1246
263 1251
263 1370
263 1434
263 1511
263 1523
263 1576
263 1764
264 531
264 617
264 725
264 1020
264 1271
265 331
265 1168
265 1190
265 1203
265 1471
266 1218
266 1766
267 603
267 622
267 901
267 915
267 1259
267 1306
267 1559
267 1642
268 506
268 638
268 853
268 1185
268 1371
268 1449
268 1683
269 489
269 804
269 1631
269 1797
270 549
270 680
270 730
270 1357
270 1717
270 1789
271 746
271 772
271 904
271 941
272 426
272 1090
272 1264
272 1267
272 1728
272 1807
272 1953
273 381
273 522
273 955
273 1008
273 1112
273 1542
273 1660
273 1917
274 339
274 447
274 592
274 1133
274 1243
274 1273
274 1275
274 1394
274 1448
274 1679
274 1890
275 549
275 823
275 1027
275 1264
275 1738
275 1812
275 1933
276 386
276 804
276 1168
277 468
277 630
277 795
277 818
277 1322
277 1554
277 1915
277 1968
278 524
278 678
278 1178
278 1686
279 758
279 1499
279 1516
279 1594
279 1638
280 988
280 1667
281 288
281 1011
281 1041
281 1113
281 1636
281 1801
281 1884
281 1913
281 1974
282 328
282 423
282 636
282 768
282 887
282 898
282 1073
282 1420
282 1699
283 516
283 683
283 703
283 736
283 908
283 972
283 1259
283 1302
283 1500
283 1901
284 1075
284 1451
284 1727
284 1938
285 1054
285 1353
285 1437
285 1547
285 1674
285 1772
286 399
286 736
286 798
286 946
286 957
286 1055
286 1144
286 1475
286 1715
286 1863
287 1121
287 1171
287 1243
287 1355
288 658
288 710
288 786
288 959
288 1186
288 1491
288 1979
289 380
289 431
289 435
289 1247
289 1371
290 400
290 860
290 1574
290 1712
290 1965
291 393
291 824
291 1217
291 1220
291 1383
291 1917
292 331
292 573
292 1808
293 376
293 539
293 730
293 1250
294 315
294 417
294 711
294 841
294 968
294 1010
294 1099
294 1863
295 625
295 901
295 1172
295 1401
295 1458
295 1635
295 1895
295 1941
296 1225
296 1566
297 408
297 707
297 974
297 1045
297 1276
297 1330
297 1918
298 318
298 525
298 1207
298 1383
298 1449
298 1652
299 1195
299 1432
299 1586
299 1764
299 1822
300 861
300 900
300 1047
300 1316
300 1459
301 343
301 471
301 683
301 703
301 1000
301 1852
302 441
302 563
302 769
302 888
303 304
303 564
303 638
303 780
303 910
303 1731
303 1876
304 1217
305 444
305 806
305 1575
306 1184
306 1344
306 1442
306 1487
306 1510
306 1691
306 1959
307 320
307 1007
307 1165
307 1184
307 1188
307 1264
307 1457
308 340
308 436
308 526
308 985
308 1069
308 1144
308 1515
309 454
309 803
309 958
309 1615
309 1697
309 1728
310 323
310 531
310 875
310 1071
310 1357
310 1389
311 353
311 578
311 805
311 1103
311 1133
311 1204
311 1227
311 1315
311 1924
312 336
312 358
312 426
312 432
312 752
312 1343
312 1606
312 1610
313 405
313 720
313 1880
314 468
314 707
314 983
314 1470
314 1885
315 363
315 416
315 696
315 1278
315 1526
315 1551
315 1780
316 705
316 1192
317 526
317 586
317 600
317 709
317 910
317 925
317 1152
317 1249
317 1316
317 1320
317 1344
317 1554
317 1991
318 328
318 471
318 1022
318 1222
318 1652
319 498
319 1045
319 1202
319 1564
319 1601
319 1639
319 1657
319 1994
320 411
320 874
320 1170
320 1316
320 1329
320 1347
321 675
321 1802
321 1907
322 371
322 394
322 536
322 832
322 959
322 1053
322 1252
322 1693
322 1780
322 1785
323 527
323 633
323 1436
323 1639
323 1957
324 327
325 1239
325 1270
325 1284
326 354
326 357
326 596
326 1075
326 1230
326 1405
327 1435
327 1830
328 343
328 1431
328 1712
328 1736
328 1884
329 493
329 1551
330 435
330 436
330 651
330 1654
330 1909
331 545
331 668
331 891
331 1176
331 1298
331 1543
331 1885
332 503
332 621
332 658
332 700
332 1647
332 1649
333 879
333 1248
333 1554
333 1626
333 1630
333 1955
334 649
334 1102
334 1168
334 1455
334 1867
335 609
335 663
335 862
335 910
335 1203
335 1375
335 1846
336 824
336 1099
336 1169
336 1270
336 1485
336 1554
336 1946
337 634
337 737
337 812
337 967
337 970
337 1237
338 425
338 434
338 661
338 787
338 816
339 371
339 446
339 920
339 1031
339 1179
339 1269
339 1284
339 1444
339 1663
340 375
340 708
340 1270
340 1636
341 350
341 667
341 732
341 1024
341 1279
341 1349
342 467
342 1943
343 835
343 881
343 1075
343 1175
343 1448
343 1561
343 1720
344 397
344 805
344 980
344 1224
344 1348
344 1568
345 494
345 952
345 1403
346 380
346 655
346 991
346 1063
346 1178
346 1762
346 1809
346 1875
347 486
347 1191
347 1277
347 1837
348 431
348 699
348 925
348 1249
348 1469
348 1919
349 1052
349 1096
349 1479
349 1512
349 1706
349 1720
350 668
350 794
350 817
350 1178
350 1750
350 1909
351 424
351 816
351 1541
351 1634
351 1638
351 1659
351 1969
352 848
352 876
353 496
353 502
353 727
353 738
353 770
353 936
353 1434
353 1635
354 590
354 818
354 822
354 1342
354 1397
354 1429
354 1481
354 1609
354 1752
354 1767
355 470
355 836
355 1060
355 1204
355 1459
356 414
356 986
356 1280
356 1670
357 676
357 733
358 708
358 894
358 1400
358 1404
358 1990
359 459
359 1268
359 1379
359 1403
359 1498
360 443
360 605
360 739
360 861
360 1653
361 395
361 577
361 674
361 1063
361 1385
361 1577
361 1827
361 1833
362 566
362 686
362 777
362 1267
362 1292
362 1529
362 1613
362 1663
362 1901
363 445
363 878
363 880
363 981
363 1051
363 1189
363 1251
363 1274
363 1481
363 1505
363 1980
364 454
364 559
364 857
364 924
364 984
364 1015
365 642
365 750
365 972
365 1165
365 1308
365 1631
366 403
366 630
366 992
366 1033
366 1138
366 1999
367 1107
367 1185
367 1336
367 1930
367 1988
368 669
368 718
368 984
369 942
369 977
369 1165
369 1726
370 470
370 1134
370 1457
370 1704
371 407
371 531
371 601
371 1187
371 1636
371 1853
372 1206
372 1433
372 1718
372 1795
372 1822
372 1852
372 1864
373 1002
373 1112
373 1279
373 1835
373 1876
374 387
374 501
374 628
374 832
374 899
374 913
374 1545
374 1946
375 524
375 1240
375 1286
375 1534
375 1710
375 1778
375 1946
376 455
376 496
376 642
376 690
376 788
376 1142
376 1344
377 385
377 796
377 856
377 1019
377 1612
377 1928
378 394
378 402
378 1122
378 1303
378 1453
378 1508
378 1939
379 978
379 1206
379 1430
379 1522
380 692
380 702
380 909
380 1462
381 603
381 678
381 720
381 731
381 1247
381 1420
381 1470
381 1510
381 1849
382 508
382 622
382 858
382 1007
383 489
383 1036
383 1111
383 1450
383 1523
383 1883
383 1912
384 632
384 1157
384 1196
384 1383
384 1500
384 1749
385 724
385 872
385 895
385 1051
385 1357
385 1432
385 1642
386 723
386 1541
387 878
387 885
387 1413
387 1415
387 1675
388 492
388 549
388 997
388 1005
388 1275
388 1831
389 970
389 1076
389 1107
389 1261
389 1389
389 1816
389 1910
389 1962
390 610
390 727
390 954
390 1084
390 1303
390 1569
391 527
391 695
391 1536
391 1550
391 1685
391 2000
392 449
392 1193
392 1578
392 1997
393 395
393 660
393 828
393 1568
393 1979
394 867
394 1116
394 1609
394 1921
395 615
395 652
395 898
395 1219
395 1874
395 1966
396 514
396 717
396 959
396 1160
396 1167
396 1499
397 708
397 722
397 1642
398 557
398 904
398 1299
398 1392
399 1191
399 1263
399 1421
399 1480
399 1515
400 485
400 823
400 1541
400 1995
401 497
401 723
401 957
401 1273
401 1339
401 1804
402 647
402 1028
402 1055
402 1450
403 418
403 482
403 842
403 1536
403 1947
404 790
404 1903
405 411
405 568
405 1513
405 1585
405 1711
406 509
406 936
406 1053
406 1253
406 1427
406 1775
407 684
407 1255
407 1328
407 1754
408 992
408 1172
408 1703
409 523
409 685
409 826
409 1062
409 1500
409 1786
409 1864
410 767
410 798
410 1396
410 1455
410 1779
410 1963
411 596
411 614
411 742
411 764
411 1079
411 1558
411 1921
411 1951
412 679
412 1739
413 1000
413 1328
413 1367
413 1654
414 415
414 526
414 701
414 848
414 1046
414 1362
414 1508
414 1799
415 558
415 665
415 808
415 858
415 1616
415 1800
416 714
416 1623
416 1689
416 1710
416 1894
416 1987
417 532
417 739
417 1115
417 1439
417 1459
417 1886
418 576
418 1201
418 1749
419 488
419 921
419 1147
419 1481
419 1675
419 1678
419 1743
419 1849
419 1973
420 663
420 696
420 838
420 1021
420 1025
420 1183
420 1203
420 1314
420 1443
420 1908
420 1914
420 1962
421 732
421 1161
421 1214
421 1340
421 1371
422 1571
422 1725
422 1750
423 1594
423 1637
423 1697
424 879
424 946
424 1194
424 1369
424 1539
424 1583
424 1690
424 1896
425 474
425 500
425 610
425 869
425 978
425 1522
425 1768
426 549
426 585
426 679
426 1297
426 1532
426 1938
427 562
427 588
427 932
427 1169
427 1179
427 1605
428 497
428 718
428 722
428 1141
428 1454
428 1633
429 730
429 880
429 1044
429 1092
429 1101
429 1152
429 1201
429 1255
429 1508
429 1757
429 1908
430 898
430 957
430 959
430 1196
430 1478
430 1794
430 1806
430 1889
430 1998
431 938
431 1521
432 752
432 1434
432 1441
432 1513
432 1662
432 1664
432 1770
433 691
433 792
433 1149
433 1199
433 1336
433 1486
433 1526
433 1548
433 1709
434 447
434 572
434 577
434 860
434 978
434 1442
434 1700
434 1978
435 537
435 764
435 797
435 953
435 1116
435 1148
435 1705
436 443
436 779
436 952
436 1094
437 470
437 634
437 882
437 982
437 1316
437 1392
437 1675
438 578
438 731
438 1014
438 1030
438 1396
438 1473
438 1725
439 465
439 562
439 1139
439 1436
439 1547
439 1601
439 1747
440 766
440 1107
440 1165
440 1536
440 1551
440 1742
441 961
441 1381
441 1592
442 661
442 743
442 1339
442 1572
442 1780
443 488
443 922
443 1183
443 1245
443 1924
444 811
444 922
444 1223
444 1405
444 1517
445 995
446 521
446 851
446 964
446 1005
446 1515
446 1842
447 1632
448 527
448 969
448 1067
448 1159
448 1294
448 1397
448 1691
448 1879
449 953
450 955
450 1307
450 1335
450 1683
450 1845
451 511
451 618
451 846
451 1288
451 1359
451 1735
451 1798
452 743
452 993
452 1144
452 1629
452 1713
453 716
453 1053
454 706
454 751
454 1151
454 1185
454 1523
454 1585
454 1842
455 921
455 1111
455 1539
455 1800
455 1866
456 1290
456 1453
456 1918
457 477
457 1187
457 1395
457 1465
458 513
458 599
458 743
458 806
458 1571
458 1736
458 1947
459 1744
459 1794
459 1946
460 508
460 845
460 1417
460 1419
460 1437
460 1444
460 1739
461 739
461 1241
461 1406
461 1661
461 1889
462 634
462 842
462 1225
462 1698
463 591
463 947
463 1214
463 1236
463 1921
463 1975
464 671
464 772
464 948
464 967
464 1214
464 1480
464 1858
465 746
465 1028
465 1960
466 596
466 719
466 1088
466 1214
467 700
467 790
467 1052
467 1337
467 1567
467 1809
467 1874
468 473
468 564
468 1795
469 680
469 1201
469 1389
469 1679
469 1770
469 1819
470 591
470 1028
471 572
471 705
471 867
471 1078
471 1286
471 1353
471 1434
471 1486
471 1637
471 1720
472 1637
472 1991
473 544
473 967
473 1028
473 1243
473 1331
474 715
474 870
474 1145
474 1230
474 1690
474 1786
475 769
475 876
475 1156
475 1220
475 1433
475 1541
475 1695
475 1801
476 596
476 1053
476 1400
476 1720
476 1764
477 579
477 747
478 943
478 974
478 1370
478 1749
478 1960
479 994
479 1184
479 1197
479 1206
479 1295
479 1829
479 1841
480 834
480 1582
480 1608
481 767
481 1029
481 1205
481 1615
481 1646
481 1661
481 1901
481 1936
481 1966
482 535
482 784
482 1073
482 1487
482 1646
482 1695
483 607
483 1196
483 1406
483 1554
484 528
484 1186
484 1392
484 1771
484 1968
485 1153
485 1156
485 1201
485 1365
485 1604
485 1709
485 1768
485 1806
486 1142
486 1180
487 809
487 1253
487 1265
487 1488
487 1656
488 656
488 1345
488 1917
488 1995
489 624
489 683
489 1017
489 1034
489 1554
489 1714
489 1829
490 902
490 1589
490 1717
490 1878
491 600
491 725
491 935
491 989
491 1135
491 1515
491 1748
491 1863
492 1138
492 1291
492 1696
493 624
493 1009
493 1250
493 1270
493 1271
493 1822
493 1877
494 673
494 681
494 961
494 1323
494 1859
495 838
495 1461
495 1618
496 588
496 637
496 679
496 1089
496 1724
496 1866
497 613
497 876
497 883
497 1477
497 1767
497 1888
497 1919
498 818
498 920
499 738
499 1123
499 1170
499 1643
500 574
500 1347
500 1381
500 1460
500 1491
500 1593
500 1722
501 552
501 580
501 1868
502 943
502 1025
502 1309
502 1588
502 1591
502 1716
503 628
503 942
503 1015
503 1203
503 1802
503 1887
504 776
504 944
504 1106
504 1702
504 1739
505 1237
505 1553
506 856
506 1070
506 1367
506 1743
507 589
507 1079
507 1162
507 1634
507 1686
507 1788
507 1978
508 640
508 664
508 679
508 696
508 852
508 1203
508 1394
509 894
509 1823
509 1983
510 1132
510 1301
510 1337
510 1615
510 1638
510 1834
511 685
511 846
511 1053
511 1148
511 1510
511 1815
511 1991
512 528
512 1037
512 1060
512 1114
512 1459
512 1500
512 1807
512 1913
513 619
513 640
513 1406
513 1452
513 1634
514 693
514 864
514 907
514 1169
514 1393
514 1523
514 1959
515 531
515 557
515 735
515 1223
515 1282
515 1539
516 592
516 750
516 785
516 1064
516 1309
516 1686
517 710
517 1141
517 1469
517 1844
518 598
518 602
518 732
518 742
518 826
518 896
518 1144
518 1479
518 1600
518 1923
518 1985
519 1435
520 612
520 1210
520 1437
520 1539
520 1919
520 1999
521 1411
521 1570
522 1235
522 1886
523 573
523 967
523 1142
523 1676
523 1712
523 1961
524 618
524 1236
524 1260
524 1627
524 1694
524 1718
524 1788
524 1918
524 1941
525 649
525 858
525 871
525 1639
525 1800
526 706
526 1020
526 1209
526 1471
526 1616
526 1914
527 738
527 1179
527 1680
527 1813
527 1865
528 652
528 814
528 974
528 1111
528 1276
528 1294
528 1347
528 1555
528 1640
528 1658
528 1696
529 597
529 684
529 688
529 804
529 917
530 536
530 1208
530 1969
531 1072
531 1083
531 1226
532 687
532 1261
532 1849
533 641
533 1106
533 1431
533 1570
533 1689
534 588
534 1367
534 1373
534 1530
534 1610
534 1654
534 1933
534 1942
535 846
535 1328
535 1348
535 1481
536 679
536 848
536 887
536 1385
536 1816
536 1952
537 1082
537 1394
537 1863
538 547
538 555
538 564
538 745
538 844
538 930
538 1051
538 1616
538 1689
539 1046
539 1413
540 1270
540 1848
540 1900
540 1915
541 1313
541 1729
542 651
542 655
542 662
543 768
543 1060
543 1136
543 1149
543 1590
543 1657
543 1677
544 939
544 1312
544 1466
544 1795
545 681
545 1249
546 605
546 674
546 714
546 805
546 807
546 984
546 1055
546 1830
547 621
547 980
547 1124
547 1496
547 1785
548 629
548 863
548 892
548 1438
548 1490
548 1497
548 1603
548 1752
548 1839
548 1995
549 551
549 1030
549 1407
549 1835
550 691
550 1245
550 1448
550 1516
550 1527
550 1783
550 1860
551 965
551 1116
551 1160
552 1279
553 759
553 1907
554 1577
554 1939
555 763
555 1110
555 1157
555 1363
555 1453
555 1502
555 1622
555 1683
555 1831
555 1991
556 883
556 888
556 1048
556 1122
556 1354
556 1399
556 1559
557 854
557 900
557 1591
557 1629
558 721
558 800
558 1409
558 1966
559 1073
559 1199
559 1278
559 1699
560 1550
560 1995
561 662
561 812
561 1199
561 1574
562 1160
562 1193
562 1534
562 1537
562 1544
563 857
563 1472
563 1517
563 1962
564 1510
564 1608
564 1945
565 700
565 775
565 1265
565 1874
565 1970
566 725
566 888
566 1569
567 726
567 996
567 1118
568 758
568 841
568 1046
569 738
569 1185
569 1401
569 1444
569 1691
570 1594
570 1610
571 809
571 1156
571 1507
571 1574
571 1658
571 1701
571 1738
571 1951
572 1013
572 1413
572 1513
572 1541
573 917
573 1237
574 942
574 1738
574 1775
574 1859
575 662
575 823
575 983
575 1224
575 1236
575 1326
575 1649
576 682
576 1228
576 1229
576 1265
576 1578
577 678
577 741
577 800
577 2000
578 594
578 1046
578 1094
578 1424
578 1721
578 1775
578 1803
578 1879
578 1983
579 988
579 998
579 1602
579 1822
580 900
580 989
580 1963
581 682
581 1401
581 1702
582 692
582 1351
582 1535
582 1657
582 1936
583 647
583 725
583 810
583 849
583 886
583 901
583 1370
583 1440
583 1885
584 1238
584 1767
584 1870
584 1940
584 1968
585 650
585 1595
585 1786
586 636
586 744
586 1086
586 1138
586 1447
586 1913
586 1941
587 1715
587 1724
587 1896
588 793
588 946
588 1286
588 1434
588 1700
588 1927
588 1973
589 1019
589 1225
589 1556
590 733
590 956
590 1186
590 1249
590 1263
590 1277
590 1561
590 1688
591 900
591 1189
591 1557
591 1774
592 612
592 646
592 987
592 1153
592 1344
592 1521
592 1781
593 745
593 1002
593 1008
593 1050
593 1055
593 1132
593 1235
593 1580
593 1726
594 617
594 1325
594 1355
594 1673
595 763
595 765
595 915
595 918
595 1028
595 1239
595 1463
595 1482
595 1901
595 1903
595 1948
595 1949
596 628
596 972
596 1174
596 1298
596 1476
596 1477
596 1561
596 1732
597 769
597 1029
597 1178
597 1446
597 1581
597 1831
598 674
598 733
598 791
598 1857
599 1020
599 1031
599 1150
599 1465
599 1634
599 1811
599 1945
600 1034
600 1640
600 1698
600 1797
601 709
601 988
601 1470
601 1835
601 1911
602 1237
602 1587
602 1678
602 1724
602 1997
603 669
603 1069
603 1230
603 1236
603 1758
603 1981
604 718
604 956
605 836
605 1114
605 1838
605 1884
606 626
606 771
606 834
606 1467
606 1535
606 1692
607 932
607 1541
607 1869
607 1997
608 737
609 845
609 862
609 891
609 1007
609 1141
609 1521
610 1042
610 1247
611 728
612 655
612 675
612 1339
612 1654
612 1996
613 888
613 1053
613 1309
613 1508
614 999
614 1060
614 1258
614 1354
614 1546
614 1628
615 1504
615 1699
616 1380
616 1685
617 992
617 1797
618 1080
618 1164
618 1317
618 1746
618 1839
619 876
619 1662
619 1776
619 1988
620 846
620 1067
620 1208
620 1278
620 1531
621 972
621 1060
621 1139
621 1225
621 1667
621 1859
622 678
622 1717
622 1822
624 857
624 968
624 1441
624 1773
624 1913
625 705
625 964
625 1085
625 1217
625 1715
626 667
626 828
626 901
626 1005
626 1060
626 1061
626 1168
626 1607
626 1896
627 652
627 772
627 1020
627 1306
627 1762
627 1825
627 1984
628 643
628 656
628 1123
628 1423
628 1454
628 1909
628 1947
629 1515
629 1616
629 1689
629 1882
629 1980
630 1369
630 1904
630 1957
631 949
631 962
631 1115
631 1233
631 1384
631 1851
632 754
632 1197
632 1735
632 1784
633 697
633 742
633 834
633 865
633 961
633 1702
633 1730
634 1086
634 1310
634 1726
634 1852
634 1864
636 1120
636 1502
636 1543
636 1598
636 1993
637 938
637 1548
637 1926
638 648
638 1228
638 1388
638 1507
638 1734
639 1274
639 1506
640 697
640 802
640 823
640 1163
640 1756
641 968
641 1137
642 691
642 724
642 1159
642 1220
642 1449
642 1545
642 1846
643 1649
644 1089
644 1613
644 1835
645 789
645 844
645 1202
645 1365
645 1426
646 777
646 927
646 1133
646 1545
646 1711
646 1865
646 1907
647 868
647 1711
647 1741
648 666
648 984
648 1368
649 783
649 1137
649 1537
649 1541
650 1081
650 1932
651 730
651 771
652 866
652 922
652 1158
652 1518
652 1858
653 1024
653 1151
653 1704
654 722
654 840
654 920
654 1182
654 1952
655 915
655 918
655 919
655 1003
655 1144
655 1928
656 785
656 802
656 881
656 908
656 1343
656 1605
656 1731
656 1801
656 1817
657 1397
658 822
658 835
658 1042
658 1566
658 1890
659 750
659 785
659 996
659 1061
659 1593
659 1637
659 1902
660 1086
660 1240
660 1484
660 1665
660 1677
661 1393
661 1404
661 1505
661 1796
662 1044
662 1331
662 1375
662 1970
662 1973
663 1331
663 1547
664 1165
664 1313
664 1512
664 1539
665 711
665 733
665 758
665 786
665 1567
665 1881
666 944
666 1073
666 1158
666 1354
666 1365
666 1604
666 1855
668 840
668 1100
668 1156
668 1394
668 1474
668 1498
669 838
669 1081
669 1494
669 1670
669 1792
669 1822
669 1831
669 1853
670 798
670 975
670 1165
670 1454
670 1667
671 774
671 1465
672 681
672 694
672 1297
672 1615
672 1746
673 717
673 788
673 914
673 1059
673 1264
673 1265
674 863
674 905
674 928
674 972
674 1203
674 1301
674 1459
674 1483
675 735
675 975
675 1422
675 1469
675 1527
675 1845
676 1300
676 1818
676 1901
677 941
677 1325
677 1514
677 1717
678 814
678 1141
678 1706
678 1752
678 1815
679 1198
679 1431
679 1993
680 941
680 1106
680 1254
680 1448
680 1582
680 1609
681 802
681 952
681 1266
681 1473
681 1714
681 1865
682 720
682 756
682 950
682 1273
682 1678
683 712
683 791
683 1418
684 1039
684 1411
684 1553
684 1674
685 921
685 932
685 1272
685 1990
686 1321
686 1428
687 1172
687 1219
687 1446
687 1696
687 1723
687 1768
688 800
688 1038
688 1453
688 1557
688 1684
689 837
689 1001
689 1169
689 1234
690 714
690 843
690 929
690 1791
690 1846
691 1591
691 1858
691 1953
692 789
692 1207
692 1380
692 1877
693 778
693 1133
693 1192
693 1413
693 1451
693 1623
693 1886
694 729
694 1152
694 1442
694 1626
695 696
695 701
695 1288
695 1785
695 1859
696 774
696 927
696 1090
696 1803
696 1930
697 896
697 1279
697 1447
697 1878
698 956
698 1175
698 1216
698 1386
698 1975
699 1026
699 1247
699 1393
700 1333
700 1730
700 1889
700 1971
701 962
701 1055
701 1080
701 1529
701 1967
701 1982
702 878
702 1505
702 1564
703 944
703 1228
703 1570
703 1944
704 919
704 1387
704 1629
705 750
705 1098
705 1462
705 1477
705 1742
706 816
706 1071
706 1453
706 1537
706 1670
706 1720
706 1851
707 1239
707 1403
707 1507
707 1659
707 1724
707 1979
708 964
708 978
708 1667
708 1768
708 1783
708 1784
708 1794
709 858
709 907
709 989
709 1320
709 1398
710 722
710 789
710 878
710 897
710 1120
710 1193
711 1299
712 1313
712 1697
713 753
713 1442
713 1821
714 782
714 1158
714 1706
714 1757
714 1851
714 1928
715 727
715 783
715 955
715 1272
715 1710
715 1734
716 1013
716 1059
716 1139
716 1589
716 1592
716 1620
716 1794
716 1866
717 893
717 1073
717 1283
717 1404
717 1641
717 1752
717 1974
717 1997
718 1082
718 1107
718 1209
718 1398
718 1592
718 1941
719 985
719 1187
719 1789
719 1853
719 1944
720 728
720 742
720 931
720 960
720 1200
720 1498
720 1580
720 1608
720 1814
720 1942
721 1707
721 1844
722 782
722 904
722 1201
722 1409
722 1482
722 1761
722 1844
722 1966
723 945
723 1123
723 1840
724 1118
724 1418
724 1521
725 1614
726 1196
726 1604
726 1901
726 1911
727 822
727 861
727 1150
727 1379
727 1459
727 1880
727 1964
728 827
729 736
729 992
729 1227
729 1675
729 1676
729 1732
729 1971
730 772
730 951
730 984
730 1421
730 1635
730 1775
730 1824
730 1930
731 778
731 781
731 1394
731 1874
732 1367
732 1676
733 900
733 1476
733 1708
734 974
734 1269
735 968
735 998
735 1162
735 1200
735 1616
735 1684
735 1749
735 1847
736 906
736 1172
736 1232
736 1247
736 1403
736 1813
736 1984
737 962
737 1466
738 899
738 1729
739 784
739 1127
739 1271
739 1313
739 1685
739 1701
739 1735
739 1832
740 1082
740 1411
740 1854
740 1866
741 756
741 823
741 1401
741 1754
742 783
742 921
742 1168
742 1234
742 1359
742 1688
743 1020
743 1410
743 1904
744 1369
744 1549
744 1551
744 1911
745 760
745 1815
745 1851
745 1981
746 1085
746 1377
747 965
747 1219
747 1232
747 1419
747 1494
747 1921
748 1387
748 1415
749 823
749 1255
749 1340
749 1383
750 759
750 1257
750 1326
750 1454
750 1641
750 1982
751 879
751 903
751 941
751 951
751 1034
751 1135
751 1580
751 1881
752 888
752 1602
753 773
753 1542
753 1675
753 1688
753 1743
753 1824
754 936
754 1076
754 1286
754 1410
754 1463
755 835
755 981
755 1014
755 1119
755 1430
755 1654
756 909
756 1125
756 1573
756 1742
756 1801
756 1925
757 1653
758 793
758 1019
758 1198
758 1520
759 846
759 914
759 1217
760 1029
760 1779
761 1079
761 1806
761 1946
762 903
762 905
762 924
762 980
762 1141
762 1338
762 1610
762 1624
762 1626
762 1833
763 870
763 1245
763 1383
764 911
764 961
764 1597
764 1709
765 788
765 925
765 1199
765 1578
765 1730
766 826
766 841
766 1185
766 1542
766 1584
766 1780
766 1870
766 1960
766 1971
767 811
767 1632
767 1691
768 1223
768 1404
768 1500
768 1622
768 1664
768 1676
768 1927
769 1140
769 1299
769 1337
769 1413
769 1447
770 1386
770 1498
770 1769
771 776
771 901
771 928
771 1005
771 1052
771 1054
771 1278
771 1312
771 1650
771 1797
771 1861
772 1212
772 1305
772 1318
772 1375
772 1728
772 1909
772 1938
773 776
773 887
773 941
773 1149
773 1246
773 1311
773 1492
773 1881
773 1984
775 1375
775 1726
776 928
776 1002
776 1216
776 1512
776 1787
776 1930
777 987
777 1639
777 1703
778 1497
778 1566
778 1620
778 1712
779 864
779 1597
779 1628
779 1660
779 1797
779 2000
780 936
780 978
780 1197
781 1284
781 1741
781 1795
781 1895
782 1152
782 1464
782 1515
782 1823
783 1007
783 1051
783 1399
783 1577
783 1810
783 1922
784 860
784 1080
784 1225
784 1301
784 1451
784 1491
784 1539
784 1952
785 1187
785 1316
785 1707
785 1832
786 816
786 919
786 1021
786 1143
786 1724
786 1888
787 1316
787 1801
788 1525
788 1768
789 1181
789 1522
789 1646
789 1944
789 1972
790 1293
790 1305
790 1316
790 1430
791 808
791 880
791 943
791 997
791 1139
791 1510
791 1578
791 1730
792 973
792 1168
792 1450
792 1736
792 1782
793 1182
793 1411
793 1469
793 1693
793 1905
793 1920
793 1929
794 967
794 1115
794 1229
794 1297
795 885
795 975
795 1142
795 1581
795 1628
795 1768
796 942
796 1014
796 1211
796 1228
796 1292
796 1343
796 1797
797 899
797 1104
797 1145
797 1364
797 1687
797 1918
798 1333
798 1584
798 1758
799 898
800 1051
800 1106
801 868
801 1362
801 1883
801 1885
801 1915
802 969
802 1366
802 1736
803 1369
803 1461
803 1475
803 1662
803 1752
804 1469
804 1547
804 1581
804 1746
804 1802
804 1924
804 1999
805 975
805 1806
806 829
806 1118
806 1238
806 1645
806 1668
807 1099
807 1288
807 1664
807 1993
808 1094
808 1276
808 1528
808 1546
808 1779
808 1856
809 1257
810 861
810 1258
811 890
811 1034
811 1789
811 1834
812 1056
812 1090
812 1409
812 1906
813 1032
813 1043
813 1309
813 1971
814 995
814 1114
814 1180
814 1254
814 1378
814 1569
814 1952
815 928
815 1413
815 1484
815 1545
815 1727
815 1857
816 873
816 890
816 1006
816 1418
816 1627
817 914
817 1018
817 1551
817 1909
818 985
818 1090
818 1412
819 1047
819 1093
819 1217
819 1303
819 1582
820 1022
820 1070
820 1290
820 1860
820 1975
821 914
821 971
821 1485
822 1107
822 1538
822 1539
822 1572
822 1922
823 932
823 1144
823 1447
823 1779
824 1523
824 1761
824 1848
825 960
825 1517
825 1610
825 1896
825 1997
826 854
826 1274
826 1470
826 1703
827 1262
827 1426
827 1559
828 1068
828 1893
829 1086
829 1540
829 1574
829 1583
830 1075
830 1818
830 1936
831 1012
831 1191
831 1474
831 1733
831 1870
831 1911
832 1249
832 1282
833 1815
833 1935
834 1183
834 1217
834 1920
834 1946
835 1046
835 1160
835 1229
835 1239
835 1548
835 1941
836 904
836 1003
836 1102
836 1142
836 1595
836 1635
837 1019
837 1333
837 1522
837 1568
837 1646
838 946
838 1092
838 1868
838 1951
839 977
839 1027
839 1043
839 1524
839 1547
840 1385
840 1688
840 1693
841 1158
841 1443
841 1487
842 1059
842 1195
842 1507
842 1694
842 1856
843 999
843 1105
843 1519
843 1567
843 1596
843 1819
843 1916
843 1975
844 1176
844 1867
844 1920
845 1065
845 1163
845 1549
845 1641
846 998
846 1421
846 1618
846 1751
847 1052
848 897
848 989
848 1131
848 1643
849 929
849 1005
849 1479
849 1934
850 1570
850 1736
851 1341
851 1476
851 2000
852 1181
852 1193
852 1270
852 1563
853 973
853 1006
853 1155
853 1653
854 1137
854 1358
854 1878
854 1893
854 1961
854 1979
855 1441
855 1612
855 1979
856 973
856 1134
856 1184
856 1493
856 1566
857 939
857 967
857 1589
857 1605
857 1665
857 1698
858 1077
858 1363
858 1731
858 1835
859 916
859 1104
859 1123
859 1203
859 1367
859 1397
859 1774
860 1017
860 1148
860 1287
860 1456
860 1916
861 918
861 944
861 1244
861 1745
861 1861
862 1032
862 1057
862 1079
862 1629
862 1889
863 1418
863 1772
863 1849
864 1556
865 983
865 1247
865 1261
865 1405
865 1863
866 957
866 1109
866 1827
866 1833
867 1083
867 1217
867 1424
867 1837
868 1424
868 1567
868 1601
868 1740
868 1897
868 1902
869 1230
869 1454
869 1482
869 1984
870 1079
870 1814
871 1000
871 1047
872 1230
872 1767
872 1827
872 1935
873 1052
873 1432
873 1502
873 1749
873 1876
873 1895
874 1000
874 1252
874 1361
874 1698
874 1880
875 1958
876 929
876 1363
876 1398
876 1423
876 1687
877 933
877 1134
877 1665
877 1703
877 1811
878 880
878 1048
878 1309
878 1644
879 1104
879 1742
879 1979
880 900
880 1252
880 1411
880 1429
880 1632
881 1063
881 1286
881 1365
882 994
882 1424
882 1788
882 1981
883 1131
884 1017
884 1220
884 1336
884 1906
884 1938
884 1996
885 887
885 1172
885 1379
885 1527
885 1807
886 956
886 1088
886 1118
886 1130
886 1206
886 1341
886 1361
886 1612
886 1615
886 2000
887 1182
887 1273
887 1897
888 1044
888 1223
888 1333
888 1478
888 1547
889 927
889 1438
889 1583
889 1772
889 1976
890 1019
890 1054
890 1206
890 1272
890 1843
891 967
891 1108
891 1153
891 1570
891 1784
891 1799
891 1975
892 1434
892 1484
893 1358
893 1535
893 1944
894 1077
894 1402
894 1699
894 1805
894 1912
895 1080
895 1251
895 1326
895 1439
895 1674
896 1225
896 1844
897 1284
897 1487
897 1553
897 1575
897 1649
897 1970
898 1678
898 1913
899 977
899 1685
899 1725
900 965
900 1128
900 1188
900 1239
900 1387
900 1967
901 1002
901 1274
901 1531
901 1592
901 1760
901 1761
902 948
902 1387
902 1704
902 1706
902 1771
902 1938
903 1134
903 1942
904 1043
904 1320
904 1661
905 1086
905 1457
906 1067
906 1119
906 1129
906 1347
907 908
907 1370
907 1570
907 1819
907 1963
908 1208
908 1899
909 920
909 1043
909 1108
909 1561
909 1892
910 1098
910 1243
910 1282
910 1336
910 1520
910 1981
911 940
911 1043
911 1090
911 1359
911 1563
911 1619
912 979
912 1036
912 1122
912 1197
912 1527
913 1832
915 1996
916 1153
916 1471
916 1567
916 1831
916 1856
917 1060
917 1089
917 1260
917 1313
917 1344
917 1375
917 1418
917 1466
917 1478
917 1721
917 1955
918 1233
918 1459
918 1485
918 1637
918 1988
919 1166
919 1332
919 1350
919 1381
919 1680
919 1851
920 1124
920 1250
920 1303
920 1435
920 1771
921 1081
921 1217
922 927
922 1031
922 1238
922 1613
922 1703
923 1044
923 1155
923 1382
924 1245
924 1504
924 1873
925 1134
925 1787
925 1880
925 1884
926 1290
926 1906
927 972
927 1214
927 1452
927 1777
928 1077
928 1139
928 1642
929 1046
929 1743
929 1921
930 945
930 1774
931 970
931 1155
931 1186
931 1503
931 1714
931 1993
932 1220
932 1352
932 1696
932 1875
932 1899
932 1952
933 1237
933 1335
933 1439
933 1789
934 1095
934 1371
934 1425
934 1659
934 1714
934 1747
934 1862
934 1890
935 1019
935 1089
935 1466
935 1495
935 1692
937 1131
937 1792
937 1798
938 1215
938 1552
938 1644
938 1763
938 1875
938 2000
939 958
939 1040
939 1771
940 1211
940 1293
940 1349
940 1880
941 1134
941 1719
941 1817
941 1863
942 1274
942 1277
942 1699
943 1046
943 1660
944 1048
944 1549
944 1761
944 1860
945 1036
945 1226
945 1819
945 1848
945 1866
946 1391
946 1761
946 1830
947 965
947 1382
948 1077
948 1385
948 1502
948 1572
949 1483
949 1701
949 1941
950 1244
950 1486
951 955
951 1337
951 1823
952 1915
953 978
953 1225
953 1410
953 1572
953 1924
954 1319
954 1416
954 1504
954 1642
955 957
955 1054
955 1098
955 1638
956 1409
956 1526
956 1725
957 1763
958 1338
958 1544
958 1590
958 1803
958 1900
958 1972
959 1313
959 1322
959 1797
959 1952
960 1245
960 1352
960 1862
961 989
962 1167
962 1220
963 1349
963 1521
963 1710
964 1724
964 1792
964 1815
964 1857
965 1012
965 1523
965 1538
966 1326
966 1760
967 1324
967 1452
967 1589
967 1989
968 1062
968 1268
968 1442
968 1852
968 1930
969 1195
969 1306
969 1983
969 1988
970 1062
970 1383
970 1423
970 1501
970 1583
971 1173
971 1814
971 1994
972 1924
972 1942
973 1222
973 1655
973 1690
973 2000
975 1003
975 1456
975 1712
975 1781
976 1078
976 1091
976 1381
976 1524
976 1555
977 1006
977 1830
978 1799
979 1937
980 989
980 1023
980 1069
980 1120
980 1158
980 1205
980 1450
980 1520
980 1634
981 1281
981 1288
981 1653
981 1741
982 1087
982 1138
982 1282
982 1485
982 1580
982 1809
983 989
983 1023
983 1557
983 1740
984 1037
984 1775
985 1343
985 1640
986 1497
986 1654
986 1900
987 1243
987 1420
988 1453
988 1472
988 1546
988 1628
988 1861
989 1121
991 1089
991 1226
991 1241
991 1485
991 1647
991 1891
991 1895
992 1022
992 1168
992 1480
992 1505
992 1512
992 1700
992 1842
993 1043
993 1097
993 1372
993 1419
993 1728
993 1735
994 1084
994 1392
994 1612
995 1182
995 1889
996 1106
996 1825
997 1297
997 1576
997 1657
998 1402
998 1677
998 1732
998 1749
998 1775
998 1831
998 1868
998 1994
999 1130
999 1218
999 1360
999 1705
999 1754
1000 1050
1000 1236
1001 1430
1001 1696
1002 1279
1002 1338
1002 1434
1003 1029
1003 1407
1004 1097
1004 1352
1004 1904
1005 1021
1005 1061
1005 1065
1005 1400
1006 1103
1006 1315
1006 1465
1006 1640
1006 1793
1006 1966
1007 1190
1007 1357
1007 1751
1007 1793
1007 1879
1007 1939
1008 1111
1008 1120
1008 1512
1008 1718
1008 1873
1008 1985
1009 1906
1010 1369
1010 1493
1010 1567
1010 1752
1010 1946
1011 1254
1011 1546
1012 1196
1012 1396
1012 1597
1013 1419
1013 1452
1013 1485
1013 1698
1013 1808
1014 1106
1014 1287
1014 1660
1014 1725
1015 1119
1015 1176
1015 1275
1015 1909
1016 1038
1016 1048
1016 1290
1016 1305
1016 1315
1016 1652
1016 1740
1016 1756
1016 1857
1017 1097
1017 1560
1017 1589
1017 1679
1017 1853
1018 1058
1018 1509
1018 1519
1018 1586
1019 1167
1019 1393
1020 1180
1020 1332
1020 1648
1020 1978
1021 1255
1021 1269
1021 1411
1021 1740
1021 1992
1022 1552
1023 1247
1023 1287
1023 1522
1023 1885
1024 1477
1024 1579
1024 1643
1025 1092
1025 1181
1025 1269
1025 1327
1025 1791
1026 1027
1026 1116
1026 1255
1026 1514
1026 1699
1026 1860
1027 1313
1027 1603
1027 1719
1027 1992
1028 1864
1029 1193
1029 1447
1029 1471
1030 1267
1030 1321
1030 1330
1030 1456
1030 1784
1031 1087
1031 1242
1031 1542
1031 1893
1032 1810
1032 1852
1032 1908
1033 1127
1033 1360
1033 1656
1034 1122
1034 1507
1034 1846
1034 1883
1035 1219
1035 1670
1036 1213
1036 1265
1036 1331
1036 1492
1036 1599
1036 1764
1036 1890
1037 1071
1037 1479
1038 1071
1038 1328
1038 1596
1038 1659
1038 1854
1038 1872
1039 1153
1039 1302
1039 1700
1039 1712
1040 1721
1040 1869
1041 1063
1041 1219
1041 1579
1042 1539
1042 1605
1043 1057
1043 1396
1043 1640
1043 1714
1043 1748
1044 1225
1044 1235
1044 1402
1044 1517
1045 1328
1045 1823
1046 1574
1046 1584
1047 1803
1048 1055
1048 1162
1048 1311
1048 1455
1048 1871
1050 1221
1051 1481
1051 1598
1051 1840
1051 1853
1051 1925
1052 1475
1052 1486
1053 1094
1053 1231
1054 1062
1054 1624
1055 1119
1055 1717
1055 1782
1055 1791
1055 1978
1056 1103
1056 1720
1057 1103
1057 1217
1057 1333
1057 1649
1057 1886
1058 1592
1059 1164
1059 1222
1059 1232
1059 1403
1059 1448
1059 1452
1059 1753
1059 1762
1060 1102
1060 1106
1060 1667
1061 1292
1061 1769
1062 1798
1062 1933
1063 1092
1063 1183
1063 1431
1063 1583
1063 1934
1064 1523
1064 1614
1064 1679
1064 1873
1064 1928
1065 1317
1065 1425
1065 1427
1065 1494
1065 1773
1066 1223
1066 1318
1066 1979
1067 1078
1067 1083
1067 1220
1067 1350
1067 1679
1067 1794
1067 1886
1067 1918
1068 1560
1068 1756
1068 1795
1068 1825
1069 1252
1069 1260
1069 1614
1069 1843
1070 1196
1070 1429
1070 1440
1070 1488
1071 1304
1071 1713
1071 1881
1072 1109
1072 1252
1072 1258
1072 1424
1072 1617
1072 1799
1073 1124
1073 1226
1073 1483
1073 1751
1073 1763
1073 1798
1075 1389
1075 1925
1076 1467
1076 1582
1076 1805
1076 1946
1077 1256
1077 1586
1077 1969
1079 1191
1079 1950
1080 1107
1080 1190
1080 1848
1081 1112
1081 1231
1081 1519
1082 1136
1082 1404
1082 1489
1082 1752
1082 1786
1084 1101
1084 1739
1084 1908
1085 1210
1085 1757
1085 1761
1085 1769
1086 1145
1086 1332
1086 1910
1087 1547
1088 1564
1088 1677
1088 1696
1089 1490
1089 1803
1089 1970
1090 1113
1090 1283
1090 1630
1091 1391
1091 1634
1091 1740
1092 1108
1092 1702
1093 1293
1093 1376
1093 1620
1093 1862
1094 1384
1094 1636
1094 1671
1094 1885
1095 1276
1095 1772
1095 1871
1096 1226
1096 1463
1096 1802
1096 1866
1097 1413
1097 1639
1097 1806
1097 1891
1097 1914
1098 1230
1098 1272
1099 1314
1099 1398
1099 1559
1099 1811
1100 1530
1100 1580
1100 1766
1100 1993
1101 1402
1101 1451
1101 1789
1102 1143
1102 1356
1102 1361
1102 1651
1102 1688
1102 1963
1102 1965
1103 1198
1103 1509
1103 1774
1103 1908
1104 1496
1104 1742
1104 1746
1105 1509
1105 1583
1105 1983
1106 1604
1106 1704
1106 1725
1107 1558
1107 1729
1107 1784
1107 1857
1107 1926
1107 1958
1108 1256
1108 1376
1108 1523
1109 1556
1110 1235
1110 1529
1110 1617
1110 1761
1110 1820
1111 1131
1111 1194
1111 1339
1111 1653
1111 1986
1111 1996
1112 1425
1112 1654
1112 1768
1112 1989
1113 1137
1113 1425
1113 1751
1114 1639
1114 1644
1115 1227
1115 1467
1116 1713
1116 1977
1116 1999
1117 1132
1117 1590
1117 1803
1118 1686
1118 1765
1118 1863
1118 1934
1119 1120
1119 1442
1119 1804
1119 1986
1120 1171
1120 1410
1120 1447
1121 1538
1121 1712
1122 1254
1122 1372
1122 1786
1122 1801
1122 1838
1122 1963
1123 1203
1123 1766
1124 1185
1124 1268
1124 1437
1124 1527
1124 1559
1124 1749
1125 1409
1125 1547
1125 1609
1125 1661
1125 1730
1126 1258
1126 1752
1126 1884
1127 1198
1127 1256
1127 1295
1127 1538
1127 1702
1129 1399
1129 1970
1130 1326
1130 1453
1130 1703
1132 1230
1132 1438
1132 1526
1132 1606
1132 1863
1133 1712
1133 1813
1133 1850
1134 1234
1134 1676
1135 1401
1135 1954
1136 1306
1136 1601
1136 1868
1137 1245
1137 1293
1137 1529
1137 1636
1137 1897
1138 1504
1138 1875
1138 1932
1139 1354
1139 1804
1140 1203
1140 1697
1140 1811
1140 1847
1140 1885
1141 1655
1141 1741
1143 1173
1143 1306
1143 1333
1143 1571
1143 1690
1143 1822
1144 1165
1144 1320
1144 1362
1144 1788
1145 1296
1145 1472
1145 1646
1145 1668
1145 1735
1145 1849
1145 1958
1146 1263
1146 1305
1146 1498
1146 1508
1146 1772
1146 1776
1147 1459
1147 1810
1148 1298
1148 1350
1148 1559
1148 1611
1148 1895
1148 1989
1149 1297
1149 1449
1149 1808
1150 1540
1150 1689
1150 1783
1150 1960
1150 1997
1151 1501
1151 1664
1151 1844
1152 1405
1152 1741
1153 1370
1153 1614
1153 1828
1154 1276
1154 1811
1154 1977
1155 1351
1155 1568
1155 1789
1156 1255
1156 1321
1156 1395
1156 1629
1156 1683
1157 1203
1157 1438
1157 1844
1157 1973
1157 1981
1158 1295
1158 1946
1159 1561
1160 1692
1160 1742
1160 1908
1161 1521
1161 1642
1161 1810
1161 1827
1161 1998
1162 1503
1162 1950
1163 1434
1163 1444
1164 1311
1164 1631
1164 1988
1165 1274
1165 1350
1165 1354
1165 1382
1165 1599
1165 1762
1165 1803
1166 1287
1166 1563
1167 1242
1167 1252
1167 1455
1167 1699
1168 1186
1168 1297
1168 1854
1169 1310
1169 1521
1169 1556
1169 1951
1170 1523
1170 1525
1170 1725
1170 1735
1170 1796
1170 1831
1170 1995
1171 1711
1171 1981
1172 1400
1172 1541
1172 1722
1172 1783
1172 1804
1172 1973
1173 1618
1173 1944
1174 1312
1174 1340
1174 1738
1175 1692
1175 1731
1175 1782
1178 1271
1178 1480
1178 1544
1178 1961
1179 1313
1179 1466
1179 1733
1179 1774
1180 1408
1180 1560
1181 1697
1181 1861
1182 1480
1182 1566
1183 1390
1184 1296
1184 1797
1184 1965
1185 1272
1185 1602
1185 1731
1186 1386
1186 1433
1186 1538
1186 1644
1186 1898
1187 1238
1187 1283
1187 1445
1188 1285
1188 1343
1188 1434
1188 1853
1189 1302
1189 1649
1191 1421
1191 1533
1191 1693
1192 1741
1193 1378
1193 1439
1193 1799
1194 1302
1194 1553
1194 1705
1194 1761
1194 1893
1195 1362
1195 1898
1196 1400
1196 1517
1197 1198
1197 1242
1197 1316
1197 1913
1198 1428
1198 1681
1199 1395
1199 1851
1199 1892
1200 1714
1201 1612
1202 1276
1202 1515
1202 1539
1202 1694
1202 1783
1203 1379
1203 1677
1203 1845
1204 1655
1205 1211
1205 1495
1205 1960
1206 1572
1206 1627
1206 1759
1206 1844
1207 1315
1207 1831
1208 1713
1209 1603
1211 1617
1211 1656
1211 1710
1212 1272
1212 1429
1212 1462
1212 1519
1212 1739
1213 1531
1213 1585
1213 1834
1213 1975
1214 1327
1214 1607
1217 1715
1217 1848
1217 1873
1218 1248
1218 1700
1219 1261
1219 1326
1219 1620
1220 1342
1220 1743
1221 1481
1221 1542
1221 1758
1221 1809
1221 1904
1221 1935
1222 1568
1222 1603
1222 1698
1222 1842
1223 1232
1223 1837
1223 1861
1224 1457
1224 1734
1225 1601
1226 1449
1226 1464
1226 1481
1226 1502
1226 1726
1227 1373
1227 1472
1227 1649
1227 1708
1227 1814
1227 1888
1228 1260
1228 1336
1228 1629
1228 1953
1229 1233
1229 1740
1230 1272
1230 1422
1230 1451
1230 1704
1231 1239
1231 1492
1231 1863
1232 1527
1232 1805
1233 1718
1233 1880
1233 1954
1234 1632
1235 1265
1235 1468
1235 1616
1235 1630
1235 1741
1235 1883
1236 1872
1236 1993
1237 1413
1238 1519
1238 1552
1238 1712
1240 1275
1240 1297
1240 1319
1240 1684
1241 1503
1241 1694
1241 1863
1242 1325
1242 1555
1242 1612
1243 1279
1243 1530
1244 1447
1244 1488
1245 1253
1245 1341
1246 1342
1246 1937
1247 1385
1247 1496
1247 1767
1248 1585
1248 1662
1248 1719
1248 1723
1249 1361
1249 1805
1249 1843
1251 1512
1251 1904
1252 1436
1252 1563
1252 1693
1252 1819
1252 1895
1252 1980
1253 1406
1253 1577
1253 1680
1254 1450
1254 1786
1254 1930
1254 1955
1254 1981
1255 1751
1257 1382
1257 1385
1257 1837
1258 1273
1258 1605
1258 1627
1258 1732
1259 1670
1260 1520
1260 1526
1260 1646
1260 1756
1260 1790
1261 1393
1261 1471
1261 1589
1261 1739
1261 1762
1262 1604
1262 1617
1262 1738
1262 1803
1262 1845
1264 1321
1264 1393
1265 1293
1265 1340
1265 1466
1265 1662
1265 1999
1266 1762
1266 1864
1266 1886
1267 1730
1267 1812
1267 1864
1267 1915
1268 1375
1268 1551
1268 1931
1268 1994
1269 1508
1270 1392
1270 1957
1271 1314
1271 1444
1271 1522
1271 1730
1271 1782
1272 1316
1272 1357
1272 1554
1272 1640
1272 1654
1272 1949
1273 1443
1273 1555
1273 1678
1273 1910
1273 1941
1274 1377
1274 1860
1275 1531
1275 1811
1275 1886
1276 1810
1276 1976
1276 1979
1277 1399
1277 1662
1278 1324
1278 1473
1278 1840
1279 1317
1279 1856
1280 1382
1280 1827
1281 1303
1281 1580
1281 1805
1282 1370
1282 1654
1282 1660
1283 1284
1283 1382
1283 1394
1283 1481
1283 1497
1283 1630
1283 1834
1284 1790
1284 1837
1286 1351
1286 1469
1286 1483
1286 1524
1286 1600
1287 1350
1287 1433
1287 1508
1287 1543
1287 1589
1287 1776
1287 1963
1288 1594
1290 1306
1290 1368
1290 1491
1290 1659
1290 1671
1291 1325
1291 1497
1291 1821
1292 1383
1292 1660
1293 1372
1293 1571
1293 1665
1294 1470
1294 1724
1295 1448
1295 1838
1297 1508
1297 1989
1298 1376
1298 1686
1298 1909
1299 1393
1299 1420
1299 1528
1299 1625
1300 1585
1300 1601
1300 1635
1300 1866
1301 1630
1303 1368
1303 1460
1304 1678
1304 1970
1305 1542
1305 1737
1306 1381
1306 1539
1306 1750
1306 1892
1307 1394
1307 1423
1307 1636
1307 1714
1308 1384
1309 1367
1309 1590
1310 1624
1310 1716
1310 1874
1310 1946
1310 1981
1312 1370
1312 1484
1312 1535
1312 1656
1312 1856
1313 1604
1313 1715
1314 1420
1314 1425
1314 1466
1314 1471
1314 1486
1314 1506
1314 1622
1314 1639
1315 1871
1316 1360
1316 1391
1317 1361
1317 1566
1317 1745
1317 1853
1317 1981
1318 1320
1318 1390
1318 1435
1319 1585
1319 1665
1319 1764
1320 1524
1320 1600
1320 1787
1321 1557
1322 1401
1322 1500
1322 1532
1322 1640
1322 1688
1322 1821
1323 1544
1323 1926
1324 1853
1325 1910
1326 1443
1326 1521
1326 1652
1326 1657
1327 1416
1327 1464
1327 1566
1328 1427
1328 1501
1328 1782
1328 1793
1329 1532
1329 1643
1330 1432
1330 1618
1330 1667
1330 1966
1331 1590
1331 1677
1332 1623
1333 1386
1333 1649
1336 1378
1337 1399
1337 1457
1337 1647
1337 1712
1337 1913
1338 1353
1338 1520
1338 1643
1338 1885
1338 1886
1339 1614
1340 1451
1342 1570
1342 1862
1343 1854
1343 1864
1344 1496
1344 1567
1344 1616
1344 1642
1344 1678
1345 1372
1345 1437
1345 1613
1346 1411
1346 1568
1346 1626
1346 1722
1349 1561
1349 1917
1349 1969
1350 1600
1350 1653
1350 1978
1351 1612
1351 1736
1353 1413
1353 1907
1354 1819
1354 1836
1354 1874
1356 1371
1356 1391
1356 1742
1356 1865
1357 1551
1357 1594
1357 1882
1358 1404
1358 1535
1358 1568
1358 1718
1358 1879
1358 1894
1358 1917
1359 1658
1359 1741
1360 1461
1360 1568
1360 1631
1360 1632
1361 1989
1362 1456
1362 1935
1362 1966
1363 1388
1363 1495
1364 1404
1364 1655
1364 1687
1364 1791
1364 1977
1365 1965
1365 1996
1366 1834
1367 1877
1368 1433
1368 1907
1369 1431
1369 1494
1369 1688
1370 1541
1370 1810
1371 1495
1371 1606
1371 1875
1371 1918
1371 1945
1372 1856
1372 1861
1374 1433
1374 1438
1374 1513
1374 1622
1374 1640
1375 1532
1375 1547
1376 1886
1376 1998
1377 1584
1379 1924
1380 1459
1382 1489
1382 1505
1382 1775
1383 1665
1383 1840
1384 1411
1384 1658
1384 1823
1386 1421
1386 1835
1386 1882
1387 1769
1387 1811
1388 1847
1389 1394
1389 1658
1389 1918
1390 1432
1390 1463
1391 1556
1391 1762
1391 1982
1392 1654
1392 1698
1392 1791
1392 1821
1393 1661
1394 1659
1394 1898
1395 1720
1395 1727
1395 1933
1395 1996
1397 1853
1399 1771
1399 1900
1399 1989
1400 1447
1400 1878
1401 1560
1402 1856
1402 1943
1404 1478
1404 1479
1404 1655
1406 1443
1407 1610
1407 1669
1407 1941
1408 1881
1409 1932
1410 1598
1410 1866
1410 1891
1410 1910
1411 1485
1411 1531
1411 1559
1411 1663
1412 1547
1412 1766
1413 1802
1414 1628
1414 1921
1415 1625
1415 1991
1416 1419
1416 1738
1417 1512
1417 1636
1417 1887
1418 1901
1421 1685
1421 1870
1422 1881
1422 1912
1422 1937
1423 1428
1423 1439
1423 1464
1423 1715
1423 1755
1424 1663
1424 1847
1424 1893
1424 1952
1425 1456
1425 1764
1426 1692
1426 1794
1427 1613
1427 1708
1427 1753
1427 1949
1428 1818
1429 1703
1430 1513
1430 1532
1430 1873
1431 1944
1431 1985
1434 1732
1434 1764
1435 1694
1435 1709
1435 1752
1436 1938
1437 1567
1437 1886
1438 1504
1439 1760
1440 1544
1440 1571
1440 1773
1440 1865
1443 1712
1443 1819
1443 1917
1443 1931
1444 1721
1444 1802
1445 1543
1445 1639
1445 1671
1446 1486
1446 1556
1447 1655
1447 1810
1447 1907
1447 1957
1449 1726
1449 1768
1450 1624
1450 1655
1451 1593
1451 1695
1451 1710
1451 1748
1451 1931
1452 1525
1452 1588
1452 1936
1453 1577
1453 1648
1453 1669
1454 1737
1454 1810
1456 1596
1456 1647
1456 1881
1459 1538
1459 1741
1460 1790
1460 1834
1460 1874
1461 1495
1461 1576
1462 1666
1462 1670
1463 1953
1464 1635
1464 1706
1464 1847
1466 1587
1466 1699
1466 1958
1467 1816
1468 1810
1468 1830
1468 1836
1469 1616
1470 1617
1472 1530
1473 1486
1473 1551
1473 1566
1474 1709
1474 1770
1474 1852
1474 1917
1475 1648
1476 1647
1477 1592
1477 1790
1479 1900
1480 1492
1480 1717
1481 1512
1481 1540
1481 1787
1483 1559
1485 1833
1485 1927
1487 1937
1489 1659
1489 1803
1491 1985
1493 1532
1493 1641
1493 1690
1494 1826
1496 1572
1496 1716
1496 1759
1496 1926
1497 1974
1497 2000
1498 1960
1499 1729
1499 1977
1500 1847
1500 1856
1501 1555
1501 1971
1502 1660
1502 1731
1502 1765
1503 1536
1503 1873
1504 1593
1504 1956
1505 1546
1506 1515
1506 1744
1507 1808
1507 1867
1507 1966
1507 1977
1508 1640
1508 1801
1508 1854
1509 1606
1509 1610
1509 1912
1510 1649
1511 1561
1511 1666
1512 1543
1512 1566
1512 1678
1513 1575
1514 1630
1514 1904
1514 1982
1515 1695
1516 1866
1516 1905
1517 1608
1517 1622
1517 1720
1518 1564
1518 1756
1519 1732
1520 1742
1521 1907
1521 1991
1522 1594
1523 1550
1523 1599
1523 1799
1525 1825
1526 1590
1527 1731
1527 1886
1528 1617
1529 1870
1529 1951
1529 1987
1530 1652
1530 1964
1530 1998
1531 1550
1531 1656
1531 1775
1531 1961
1532 1791
1533 1921
1534 1650
1534 1727
1534 1967
1535 1811
1535 1954
1536 1571
1536 1730
1536 1789
1536 1951
1536 2000
1537 1810
1540 1604
1540 1635
1541 1625
1542 1951
1544 1794
1546 1651
1546 1963
1547 1637
1547 1717
1547 1816
1547 1850
1547 1958
1548 1595
1548 1659
1548 1898
1548 1918
1549 1568
1549 1779
1550 1733
1550 1914
1551 1693
1551 1819
1552 1663
1552 1682
1552 1726
1552 1977
1554 1607
1554 1850
1554 1915
1555 1693
1555 1773
1557 1601
1557 1709
1558 1773
1559 1596
1559 1886
1560 1756
1560 1794
1561 1875
1561 1930
1565 1794
1565 1910
1566 1784
1566 1986
1567 1676
1567 1743
1568 1607
1570 1799
1570 1872
1571 1656
1572 1986
1574 1762
1575 1598
1575 1799
1575 1834
1576 1793
1576 1866
1579 1911
1579 1965
1580 1645
1580 1699
1580 1717
1580 1750
1583 1650
1583 1698
1584 1686
1585 1717
1586 1673
1586 1792
1586 1876
1586 1966
1587 1926
1588 1745
1588 1865
1589 1604
1589 1663
1589 1686
1589 1731
1590 1652
1590 1810
1591 1650
1591 1925
1592 1836
1592 1845
1594 1598
1594 1826
1594 1974
1595 1944
1596 1841
1599 1715
1600 1640
1600 1649
1600 1747
1600 1930
1601 1621
1601 1899
1603 1899
1604 1904
1605 1721
1606 1655
1606 1922
1608 1684
1609 1918
1611 1874
1611 1912
1613 1712
1613 1808
1614 1689
1615 1922
1617 1638
1617 1925
1617 1945
1618 1628
1618 1985
1622 1684
1623 1758
1624 1964
1626 1974
1627 1923
1628 1684
1628 1772
1628 1976
1629 1666
1629 1720
1629 1937
1630 1813
1631 1690
1632 1659
1633 1724
1634 1674
1634 1999
1635 1670
1635 1961
1636 1921
1636 1967
1637 1980
1638 1783
1639 1968
1640 1703
1641 1936
1641 1973
1642 1679
1643 1744
1645 1847
1646 1690
1648 1680
1649 1811
1649 1873
1650 1778
1650 1868
1651 1996
1652 1744
1652 1836
1655 1735
1655 1885
1655 1985
1657 1659
1657 1736
1659 1731
1659 1774
1661 1744
1661 1804
1661 1869
1662 1715
1663 1781
1663 1903
1663 1981
1664 1773
1664 1980
1666 1680
1666 1753
1666 1989
1668 1707
1668 1765
1669 1805
1669 1939
1670 1814
1670 1855
1670 1963
1671 1751
1671 1773
1672 1690
1672 1734
1673 1791
1674 1742
1674 1915
1674 1958
1675 1733
1675 1831
1676 1872
1676 1929
1678 1694
1679 1821
1681 1782
1681 1817
1682 1889
1683 1952
1684 1754
1686 1897
1689 1954
1691 1860
1691 1887
1693 1906
1693 1938
1696 1766
1696 1775
1696 1842
1696 1980
1696 1984
1697 1867
1697 1888
1699 1902
1699 1932
1700 1966
1704 1779
1710 1722
1711 1917
1712 1927
1714 1969
1715 1778
1718 1763
1718 1992
1720 1955
1722 1799
1723 1801
1723 1887
1725 1805
1726 1747
1726 1896
1727 1925
1728 1993
1731 1917
1731 1958
1734 1965
1736 1983
1737 1966
1738 1802
1738 1889
1738 1990
1739 1755
1739 1999
1740 1849
1745 1891
1746 1887
1747 1981
1748 1989
1749 1788
1749 1826
1750 1770
1752 1792
1753 1882
1754 1906
1755 1960
1757 1866
1757 1921
1757 1927
1758 1944
1759 1875
1761 1801
1764 1910
1766 1948
1767 1877
1771 1886
1772 1954
1774 1813
1774 1908
1774 1938
1776 1976
1783 1991
1784 1862
1787 1914
1790 1915
1791 1955
1792 1826
1794 1956
1799 1825
1801 1917
1802 1993
1803 1993
1804 1851
1805 1967
1807 1841
1813 1868
1815 1841
1817 1891
1819 1944
1819 1991
1820 1894
1823 1920
1824 1886
1826 1937
1827 1957
1830 1983
1831 1932
1833 1949
1838 1847
1838 1899
1838 1908
1840 1865
1842 1942
1843 1877
1843 1885
1843 1892
1843 1924
1847 1911
1850 1960
1851 1865
1857 1950
1859 1910
1859 1979
1862 1919
1863 1932
1864 1955
1865 1894
1865 1962
1868 1893
1868 1997
1869 1993
1870 1941
1872 1911
1872 1912
1872 1945
1873 1946
1875 1972
1877 1937
1877 1987
1880 1928
1880 1964
1880 1990
1883 1936
1887 1920
1887 1966
1889 1941
1891 1976
1892 1957
1893 1931
1898 1913
1898 1951
1901 1970
1904 1921
1904 1976
1905 1986
1912 1921
1913 1924
1913 1974
1921 1933
1925 1945
1926 1961
1927 1929
1931 1980
1960 1963
1961 1983
1964 1999
