2000
1 443
1 831
1 1225
2 252
2 279
2 285
2 368
2 615
2 1762
3 16
3 456
3 1167
3 1331
3 1989
4 571
4 861
4 1489
5 29
5 957
5 1256
6 1995
7 707
7 1590
8 734
8 1622
9 560
9 587
9 725
9 1704
10 527
10 795
10 1310
10 1946
10 1958
11 1000
12 43
12 333
12 1227
13 641
13 735
13 808
13 1255
13 1723
14 731
15 39
15 559
15 1431
16 484
16 1310
17 630
17 956
18 406
18 642
18 1033
19 768
19 1745
20 474
21 25
21 75
21 781
22 1503
22 1656
23 145
23 403
23 746
23 1265
23 1527
24 225
24 247
24 354
24 942
24 1255
24 1443
24 1460
24 1651
24 1852
25 1123
25 1202
25 1542
25 1925
26 501
26 719
26 873
26 1045
26 1726
27 393
27 1288
27 1807
28 293
28 643
28 1373
28 1613
29 270
29 1393
30 337
31 315
31 1059
31 1549
31 1818
33 938
34 1304
35 586
35 1571
36 487
36 886
36 1202
36 1796
36 1838
37 214
37 438
37 567
37 636
37 1236
38 461
38 638
38 1471
39 418
39 1028
39 1520
40 1932
41 279
41 685
41 1874
42 1472
42 1550
42 1577
42 1913
43 903
43 936
43 1138
44 582
44 788
44 1420
44 1473
45 759
45 1079
45 1109
45 1341
45 1585
45 1703
47 455
47 850
47 1304
47 1601
49 262
49 525
49 878
49 1237
50 338
50 1207
51 391
51 1116
51 1208
51 1396
51 1769
52 294
52 352
52 440
52 482
52 508
52 978
52 1543
52 1662
52 1702
52 1852
53 568
53 578
53 639
53 1691
54 202
54 482
54 848
54 1448
54 1735
55 1390
55 1404
55 1695
55 1914
56 467
56 478
56 570
56 1130
57 271
57 605
57 652
57 1082
57 1981
58 887
58 1361
59 385
59 585
59 1144
60 1425
61 895
62 340
62 1605
63 124
63 1727
64 816
64 956
64 960
64 1536
64 1971
65 232
65 793
65 957
66 451
66 761
66 1161
66 1838
67 455
67 763
68 325
68 479
68 605
68 1204
68 1705
68 1811
68 1926
68 1975
69 1040
69 1411
70 396
70 441
70 1198
71 936
72 1347
72 1597
72 1964
73 1660
74 1301
74 1318
74 1552
74 1927
75 121
75 553
75 670
75 1042
76 259
76 765
76 863
76 1033
76 1167
76 1185
76 1520
76 1597
76 1739
77 1431
78 486
79 763
79 1374
79 1664
79 1978
80 1840
81 225
81 769
81 1279
81 1838
83 382
84 285
84 413
84 1586
84 1783
85 258
86 478
86 1861
87 634
87 1653
88 328
88 456
88 1382
89 770
90 263
90 407
90 591
91 592
91 1331
92 158
92 476
92 1041
92 1545
93 311
93 450
94 372
94 398
94 1173
95 157
95 565
95 684
97 689
97 939
97 1798
98 446
98 458
99 495
99 1356
99 1591
100 605
101 527
101 593
101 1952
102 1958
103 1602
103 1701
104 176
104 324
104 783
104 1418
105 944
106 269
106 645
106 726
106 931
107 672
107 825
107 1219
107 1254
107 1861
108 1032
108 1797
109 940
109 1454
110 1059
111 1429
112 1323
112 1844
113 1246
116 479
116 843
116 1381
117 522
117 837
117 1023
117 1495
117 1929
118 657
119 791
119 896
119 1313
120 547
120 1297
120 1303
121 267
121 969
122 841
122 1960
124 422
124 960
124 1123
124 1613
125 964
125 1082
125 1563
125 1713
126 1448
126 1874
126 1928
127 241
127 567
127 733
127 1642
128 166
128 697
128 741
128 1893
129 948
129 1908
130 1559
130 1585
130 1705
130 1825
130 1826
131 641
131 1043
132 362
132 561
132 626
132 1767
133 1448
133 1614
133 1642
133 1785
133 1890
134 439
134 1242
134 1407
134 1708
134 1828
134 1853
135 177
136 276
136 789
136 1271
136 1678
137 511
137 1210
138 206
138 840
138 844
138 966
138 1271
138 1376
138 1466
139 158
139 924
139 1044
139 1695
140 1662
141 833
142 203
142 717
142 1936
143 1432
144 626
144 1094
144 1279
144 1883
145 854
145 1910
146 1578
146 1934
147 511
147 862
147 1347
147 1378
147 1820
147 1996
148 355
148 932
148 1406
148 1594
149 599
149 642
149 767
150 1379
150 1993
151 271
151 342
151 600
152 896
152 1301
152 1464
152 1582
153 814
153 1899
154 1756
155 473
155 1141
155 1934
157 455
157 712
157 959
157 1487
158 1346
158 1443
158 1845
159 904
159 1436
160 267
160 271
160 413
160 1392
160 1739
162 324
162 511
162 1569
162 1739
163 1039
163 1123
163 1583
163 1808
164 424
164 774
164 1412
166 1198
167 572
168 332
168 628
168 720
169 253
169 863
169 1366
169 1556
169 1688
169 1774
170 1160
170 1342
170 1613
171 241
171 1118
172 205
172 699
172 1194
172 1257
172 1400
173 355
173 663
174 1245
175 745
175 1255
175 1945
176 786
176 897
176 1596
176 1744
177 632
177 1109
177 1392
178 1576
179 920
180 1205
180 1936
182 400
183 565
183 718
183 1282
184 245
184 1145
184 1859
185 830
185 860
186 929
186 964
186 1040
187 834
187 1213
187 1552
188 517
188 566
188 782
188 1792
189 1295
189 1718
190 949
191 1183
191 1537
192 810
192 1183
192 1455
192 1459
193 358
193 763
193 1757
193 1778
194 1327
194 1341
195 507
195 516
195 774
195 1077
196 745
196 1850
197 314
198 1714
199 654
199 1601
200 1060
200 1188
200 1631
201 601
201 691
201 871
201 1343
204 600
204 1303
205 718
205 1095
207 968
207 1219
207 1548
207 1911
208 786
209 874
209 963
209 1655
209 1689
209 1841
210 229
210 1666
210 1944
211 1383
211 1852
211 1981
212 1117
212 1390
212 1505
212 1534
213 500
213 1208
213 1986
214 486
215 1500
216 723
216 844
218 396
219 1323
219 1385
220 1067
221 811
221 916
221 917
222 673
222 1750
223 845
223 1319
223 1811
224 968
225 1068
226 349
227 1496
227 1572
227 1819
228 266
228 877
228 974
228 1070
229 299
229 1722
230 793
230 931
231 1488
232 1216
232 1610
233 434
233 704
233 1404
234 365
234 1205
234 1713
235 1032
236 789
237 733
237 908
237 958
237 1765
238 778
238 1181
238 1249
239 390
239 411
239 1537
241 1591
242 436
242 973
242 1742
243 736
243 1406
244 591
244 1384
245 410
245 1287
245 1804
246 342
246 1758
247 1271
247 1897
248 390
248 704
248 1390
248 1528
248 1762
249 481
250 277
250 400
250 747
250 1175
250 1305
250 1834
250 1871
250 1926
251 1167
251 1520
253 1060
254 461
255 515
255 1235
256 481
257 305
259 497
259 508
259 1566
259 1581
260 543
260 895
260 1018
260 1087
260 1452
261 849
261 1975
262 887
263 522
263 652
263 704
263 965
263 1199
265 439
265 1316
265 1377
267 342
267 947
267 1743
267 1907
268 1667
268 1864
269 353
269 1273
269 1673
270 1420
270 1549
271 380
271 582
271 1252
271 1573
272 1292
272 1800
273 346
274 484
274 496
274 801
274 1645
274 1958
275 777
275 1857
276 586
276 880
278 585
278 992
279 428
279 871
279 962
279 1530
279 1683
280 376
280 803
281 329
281 710
281 990
281 1435
281 1580
281 1753
282 365
282 1163
282 1249
282 1611
282 1989
283 569
283 963
284 1308
285 1207
286 1245
286 1324
286 1774
287 1376
287 1740
289 911
289 1222
289 1337
290 707
291 318
291 1538
292 1513
293 837
293 1523
293 1531
293 1697
293 1756
294 1250
295 874
295 1292
295 1543
295 1864
297 778
298 536
299 660
299 847
299 983
300 423
300 464
301 659
301 1576
302 860
302 1196
302 1689
304 749
304 1725
305 1983
306 489
307 1144
308 988
308 1940
310 1361
311 776
312 363
312 1660
312 1702
313 1935
315 1343
315 1593
315 1843
316 1423
317 1077
317 1584
318 921
318 1151
318 1393
319 449
319 519
319 653
319 1472
320 1163
321 654
321 1334
321 1430
322 654
322 1431
322 1505
322 1543
322 1585
322 1873
323 839
323 1323
323 1366
323 1483
323 1987
324 740
324 1148
325 575
325 1995
326 342
326 1309
328 828
328 1508
329 1031
329 1522
329 1783
330 528
330 937
330 1409
330 1465
330 1997
331 540
331 1869
332 690
332 1478
333 340
333 534
333 573
333 962
334 455
334 1895
335 1279
335 1657
336 401
336 1513
336 1653
337 1312
337 1498
338 914
338 1320
339 1307
339 1511
339 1998
341 1153
341 1780
342 1432
343 436
343 1232
343 1248
343 1877
344 970
344 1258
345 490
345 701
345 1113
346 1261
346 1818
346 1951
348 520
348 1916
349 768
349 835
349 1589
351 1136
351 1592
351 1942
352 559
352 865
352 1696
352 1968
353 605
353 1570
353 1945
354 560
354 1180
354 1743
355 717
355 1361
355 1484
355 1552
356 362
356 564
356 570
356 1575
357 470
357 942
359 486
359 1441
360 476
361 546
361 642
361 974
361 1383
362 1193
362 1960
363 794
363 1966
364 1041
364 1873
365 484
365 1195
367 1022
368 428
368 920
368 1246
368 1672
368 1853
369 635
369 1524
370 371
370 1968
371 717
371 802
371 932
371 1378
371 1475
372 592
372 655
373 971
373 1749
374 1206
374 1422
375 650
375 677
375 1049
375 1482
375 2000
376 425
376 1077
376 1467
377 736
378 1137
379 639
379 1586
380 1291
380 1899
381 398
381 565
382 953
382 981
382 1685
383 1161
383 1200
384 395
384 534
384 1400
384 1695
385 1673
385 1934
386 1357
386 1667
388 1848
389 557
389 855
389 1266
390 1198
391 1054
391 1729
392 585
392 680
392 826
392 1232
392 1717
392 1940
393 1050
393 1519
394 1211
394 1329
394 1567
396 671
396 1352
396 1598
396 1939
397 1002
397 1035
397 1815
398 763
398 767
398 1453
399 571
399 1808
401 1137
401 1548
402 572
402 904
402 995
403 1388
403 1680
405 617
405 1317
405 1347
406 1252
406 1375
407 514
408 500
408 1486
409 1451
409 1454
410 1071
410 1477
410 1573
411 1125
412 575
412 1745
414 455
414 1061
415 1515
416 463
416 596
416 1332
416 1351
416 1951
418 1300
418 1348
418 1351
419 998
419 1140
420 639
421 1333
421 1377
422 837
423 1354
423 1676
423 1874
424 896
424 1782
425 1316
425 1320
425 1504
426 596
426 1016
426 1081
427 1376
427 1787
428 1218
429 684
430 1869
431 1750
432 1751
433 1230
433 1523
433 1736
434 652
434 909
435 549
435 1805
436 827
436 1004
437 1067
437 1291
437 1475
438 953
438 1193
439 1365
439 1424
439 1430
439 1466
439 1725
441 870
441 1803
442 794
442 1066
443 1427
443 1611
443 1744
444 931
445 1328
445 1841
446 660
446 928
446 1467
446 1698
446 1781
447 505
447 660
447 777
447 1286
448 1952
449 1500
449 1506
450 954
450 1890
451 1100
452 859
452 1338
452 1353
452 1435
453 547
454 533
454 840
454 1488
454 1688
455 1295
455 1952
456 1296
456 1600
456 1858
457 646
457 1259
458 587
458 1579
459 463
459 476
459 910
460 1006
461 464
461 1193
461 1768
464 1562
464 1975
465 619
466 1013
466 1242
466 1375
466 1780
467 1081
467 1294
467 1714
468 1637
469 963
469 1095
469 1583
469 1691
469 1738
471 1487
472 581
472 1197
473 618
473 878
473 1108
473 1265
474 828
475 527
475 752
475 1567
475 1851
476 735
476 895
476 1107
476 1610
477 1119
477 1242
477 1463
479 574
479 1033
479 1558
479 1761
481 906
481 920
481 1397
482 495
482 702
482 859
482 1118
483 512
483 564
483 877
483 1130
484 499
484 820
484 1678
485 1560
485 1877
486 1402
486 1955
487 1196
487 1403
487 1970
488 676
488 891
488 1061
488 1212
488 1821
489 1220
490 974
490 1858
492 1061
492 1378
493 1235
495 837
495 1658
495 1774
496 948
496 1019
496 1075
496 1309
497 1523
498 1103
498 1506
499 1409
499 1417
500 1098
501 529
501 791
501 967
501 1376
502 658
502 1592
503 922
503 1308
503 1689
503 1881
504 558
504 963
504 1163
504 1424
505 537
505 1367
505 1476
506 757
507 1204
507 1684
508 759
508 948
508 1157
508 1847
508 1887
509 1291
509 1649
511 939
511 1264
511 1779
511 1821
512 1680
512 1683
513 1783
513 1966
514 985
514 1636
515 904
515 1713
517 1400
517 1652
518 742
518 1255
519 531
519 557
520 800
520 954
520 1208
521 1206
522 1251
522 1862
522 1956
523 1286
524 1352
524 1419
524 1865
525 1045
526 1141
526 1671
526 1956
528 711
528 1610
529 800
529 966
529 1273
529 1915
530 977
530 1861
530 1905
531 1460
532 754
532 820
532 987
532 1170
532 1364
532 1516
532 1763
533 967
533 1647
533 1694
534 1697
538 550
538 825
538 1071
539 1715
540 550
540 687
540 1918
541 592
541 1670
542 552
542 1005
542 1875
543 1195
543 1332
543 1906
544 560
544 752
544 1479
545 744
545 1703
545 1738
545 1842
545 1956
546 1758
546 1801
547 1190
547 1512
547 1680
548 1235
548 1722
548 1795
550 1308
550 1827
551 954
551 1134
551 1508
551 1558
551 1661
552 571
552 1970
553 555
553 1037
554 822
554 1813
555 1743
557 640
557 1604
557 1873
558 1175
558 1567
558 1757
560 1390
561 1416
562 1168
563 1181
564 1014
564 1081
564 1708
565 1125
565 1232
565 1312
565 1630
566 1659
567 1624
568 714
568 1110
568 1113
569 1115
570 837
570 981
570 1370
571 1164
571 1290
571 1378
574 808
574 1556
574 1621
574 1894
575 602
575 1905
576 1307
576 1959
578 1226
578 1646
578 1989
579 1757
580 1490
580 1609
580 1761
580 1764
581 692
581 904
582 1217
582 1454
583 690
583 991
584 1676
586 1565
587 1042
587 1600
588 1057
588 1760
589 977
589 1875
589 1908
590 1255
590 1615
591 1303
591 1637
592 773
592 1098
592 1704
593 1437
593 1942
593 1944
594 669
595 1502
595 1776
596 716
597 1566
598 800
598 1152
598 1293
598 1956
599 1306
599 1582
600 1332
600 1595
601 1888
602 712
603 1003
603 1041
605 1448
606 614
606 1242
606 1255
607 765
607 1409
607 1955
608 1869
609 1156
611 1682
613 946
613 1538
614 643
614 725
614 906
614 1431
615 1860
618 646
618 777
618 1911
619 660
619 801
619 1324
619 1542
619 1929
620 941
620 1003
621 1221
621 1728
622 667
622 798
623 849
624 993
624 1343
625 791
625 1157
625 1485
627 699
627 830
628 808
628 843
629 906
629 1813
630 1243
631 1961
632 1154
632 1550
633 657
633 1539
633 1866
633 1868
634 1057
634 1766
635 1490
638 1176
638 1282
638 1902
639 828
639 1698
640 649
641 832
643 938
644 1587
645 764
645 816
645 1157
646 1034
646 1534
646 1651
646 1695
647 1633
648 755
648 878
648 1299
648 1877
648 1878
648 1937
649 970
649 1620
649 1850
650 1928
651 1462
651 1692
652 1440
654 867
654 1551
655 968
655 1054
655 1682
656 964
656 1659
656 1998
658 915
658 1171
658 1721
659 846
659 900
660 697
661 913
661 1077
661 1661
662 732
662 1154
663 1317
663 1579
665 1242
667 1461
668 1899
669 876
670 1458
670 1747
672 1380
673 987
673 1020
673 1498
673 1752
675 733
675 952
675 1215
675 1757
675 1788
676 1340
676 1403
676 1773
677 1003
677 1105
677 1686
677 1751
678 1067
678 1380
678 1484
679 1312
679 1647
679 1903
680 1895
681 917
681 1943
682 1585
685 737
685 1169
685 1342
685 1476
685 1800
685 1903
686 1032
686 1737
686 1785
687 835
687 981
687 1323
688 1294
688 1336
689 1628
690 1030
690 1588
692 1031
692 1604
693 1327
693 1408
693 1736
693 1760
694 969
694 1987
695 1545
696 736
696 1207
697 1169
697 1252
698 707
699 1734
699 1874
700 1143
701 917
701 1938
703 1118
703 1907
705 1454
705 1973
707 1156
709 954
709 966
709 1198
710 1232
711 1377
711 1891
712 1176
712 1368
712 1921
713 1235
714 813
715 744
715 794
715 1485
716 1132
717 855
717 893
717 917
717 923
718 1105
718 1247
718 1614
718 1987
719 1976
720 1360
721 755
721 877
721 913
721 1815
722 1088
723 1003
723 1136
723 1141
723 1295
723 1869
724 1540
724 1818
725 1948
726 1018
726 1586
727 1900
728 878
728 1391
728 1796
729 1987
730 1663
731 1293
732 1554
733 847
733 1383
736 1273
736 1311
736 1395
736 1937
737 758
737 891
738 1485
739 770
739 950
740 1868
741 838
741 1443
741 1681
742 1322
743 1092
743 1270
744 820
744 906
744 1638
744 1859
745 770
745 1265
745 1367
745 1880
746 816
746 854
746 1043
746 1288
747 1144
747 1713
748 1408
748 1666
748 1748
749 914
750 1361
750 1419
751 1710
751 1936
752 1118
752 1716
752 1980
753 1011
754 1453
756 900
758 1189
758 1353
758 1802
758 1937
759 926
759 1024
759 1162
759 1813
760 996
760 1076
760 1107
760 1320
760 1757
761 908
762 1565
763 869
764 887
764 999
764 1218
765 1078
765 1324
766 1997
767 1618
767 1964
768 1056
768 1603
769 815
769 1381
770 1992
771 1303
772 1149
775 1056
776 866
778 987
778 1222
778 1895
778 1954
779 1917
780 1128
780 1721
781 913
781 1402
781 1455
781 1458
781 1666
781 1860
782 824
782 843
782 1788
783 1005
784 989
784 1277
784 1293
784 1411
784 1688
786 1004
786 1503
786 1852
786 1939
787 1525
790 795
792 1383
792 1703
793 915
793 1106
793 1652
793 1739
794 1703
794 1726
796 1737
796 1768
796 1899
798 1266
799 1614
800 892
800 1038
800 1434
800 1720
802 888
804 1261
804 1603
805 1208
805 1356
806 1538
807 913
808 1448
808 1981
809 1542
811 1546
811 1570
812 1184
813 1715
815 1081
815 1129
815 1728
817 931
819 824
819 1914
821 1314
822 1317
822 1780
823 1047
823 1153
824 1517
825 1253
826 903
826 1162
826 1917
828 1733
829 1619
829 1736
830 1378
830 1453
830 1509
830 1746
831 1191
832 1414
834 1976
836 1028
836 1131
836 1308
836 1654
836 1936
837 874
837 950
838 1661
839 1527
839 1627
839 1882
840 1095
840 1291
840 1410
840 1819
841 847
841 947
842 1403
842 1849
843 1507
844 1912
848 930
848 1066
848 1911
849 1176
849 1490
849 1518
850 1589
850 1613
850 1926
851 861
851 1215
851 1458
853 1192
854 885
854 1384
854 1519
854 1654
854 1794
854 1894
855 1913
856 1118
856 1175
859 939
860 1073
861 1435
861 1680
862 1858
863 885
863 1779
864 900
864 1731
864 1737
865 969
865 1733
866 923
866 1161
867 1533
869 1356
869 1531
870 1128
870 1237
870 1398
871 1686
872 1183
872 1949
873 1030
873 1399
874 1960
876 912
877 1014
877 1985
878 930
878 1696
880 1129
880 1519
881 883
881 1739
882 1000
882 1786
882 1874
883 983
883 1134
884 905
884 939
884 1036
885 1450
886 1069
886 1700
887 979
887 1047
887 1217
888 1182
888 1657
889 985
889 1392
889 1697
890 1212
890 1828
891 1967
892 1474
893 1333
893 1680
894 1583
894 1672
895 1050
895 1391
895 1403
896 1092
896 1182
897 1266
897 1518
898 1133
898 1465
902 1239
902 1929
903 1126
904 958
905 1616
906 1790
907 936
907 1530
908 1689
909 1458
909 1673
910 1361
912 1452
912 1502
913 1196
914 1127
915 934
915 1101
915 1158
916 974
916 1415
916 1513
916 1701
917 1159
917 1262
917 1264
918 984
918 1043
918 1758
918 1849
921 1622
923 1069
923 1448
924 1050
924 1218
924 1222
924 1230
924 1957
925 1015
925 1468
925 1934
926 1248
927 1245
927 1441
927 1848
928 1021
929 1282
929 1604
930 1847
931 1946
933 1040
933 1809
934 1088
934 1721
935 1043
935 1430
936 1817
936 1936
937 1613
938 1450
938 1505
938 1985
939 1360
940 1760
941 1006
941 1709
942 999
942 1392
942 1972
944 1611
944 1651
944 1879
945 1219
947 1603
950 1142
950 1323
950 1681
950 1855
952 1038
952 1231
952 1417
952 1841
953 1266
954 1247
954 1954
954 1965
955 1539
955 1542
955 1601
955 1658
955 1819
956 1239
956 1730
957 1069
957 1644
957 1761
957 1853
958 1278
960 1932
961 1129
963 1534
964 1348
965 1004
965 1532
966 1469
968 1365
969 1158
970 1636
973 1074
973 1772
974 1138
974 1228
974 1651
974 1872
975 1601
979 1017
981 1854
982 1400
984 1126
984 1254
985 1397
985 1866
986 1812
987 1249
988 1232
988 1563
988 1618
988 1949
989 1036
989 1103
989 1174
989 1877
990 1383
990 1685
991 1150
991 1812
992 1224
992 1264
993 1164
994 1415
994 1901
994 1973
995 1661
996 1336
996 1452
996 1495
998 1111
998 1490
999 1510
1000 1586
1000 1749
1002 1203
1003 1867
1004 1033
1004 1407
1004 1721
1004 1928
1005 1453
1005 1781
1006 1183
1006 1467
1006 1505
1007 1520
1007 1691
1008 1223
1008 1382
1008 1915
1009 1500
1010 1587
1013 1168
1017 1324
1017 1944
1018 1456
1018 1546
1018 1659
1018 1948
1019 1071
1020 1181
1020 1230
1020 1451
1021 1096
1021 1776
1022 1065
1022 1696
1022 1959
1024 1694
1025 1213
1025 1298
1026 1742
1026 1766
1026 1828
1029 1191
1030 1163
1030 1387
1030 1754
1030 1774
1030 1891
1031 1164
1031 1400
1031 1601
1031 1938
1033 1366
1033 1820
1034 1379
1035 1726
1035 1833
1036 1158
1036 1269
1036 1389
1037 1299
1037 1358
1037 1439
1037 1746
1038 1876
1039 1654
1039 1875
1040 1222
1040 1917
1042 1536
1043 1183
1043 1732
1044 1959
1046 1050
1047 1238
1049 1170
1050 1202
1052 1241
1052 1657
1053 1260
1053 1743
1054 1720
1054 1791
1059 1082
1059 1816
1060 1084
1063 1482
1064 1159
1064 1696
1065 1111
1065 1538
1065 1750
1065 1889
1066 1541
1067 1651
1067 1750
1068 1965
1070 1128
1070 1547
1071 1305
1071 1387
1071 1860
1071 1913
1072 1137
1072 1181
1073 1239
1076 1163
1076 1418
1076 1988
1077 1119
1077 1922
1078 1999
1079 1744
1081 1213
1081 1224
1081 1297
1082 1955
1083 1381
1083 1394
1083 1716
1085 1374
1086 1258
1086 1317
1086 1567
1087 1532
1087 1875
1088 1574
1089 1411
1089 1464
1091 1150
1092 1234
1092 1773
1092 1933
1095 1168
1096 1578
1096 1727
1098 1792
1098 1864
1100 1426
1103 1545
1106 1485
1106 1542
1108 1403
1109 1998
1110 1324
1112 1229
1112 1310
1113 1260
1113 1460
1114 1241
1114 1770
1115 1979
1117 1761
1117 1873
1118 1891
1119 1892
1120 1150
1121 1335
1121 1628
1122 1379
1122 1428
1122 1478
1122 1627
1123 1433
1124 1725
1126 1392
1126 1575
1127 1292
1127 1731
1128 1375
1128 1613
1129 1232
1130 1416
1131 1821
1131 1949
1132 1936
1132 1976
1133 1476
1134 1502
1134 1738
1136 1893
1137 1643
1137 1811
1137 1824
1138 1167
1138 2000
1140 1392
1140 1867
1140 1925
1140 1949
1141 1207
1141 1641
1145 1264
1146 1411
1149 1362
1150 1358
1150 1671
1151 1612
1154 1161
1154 1367
1157 1226
1157 1559
1157 1733
1157 1835
1157 1882
1159 1320
1159 1366
1163 1557
1163 1740
1165 1551
1165 1862
1166 1489
1166 1655
1166 1766
1167 1673
1168 1806
1170 1494
1170 1778
1171 1252
1171 1442
1172 1418
1173 1255
1173 1361
1174 1352
1174 1899
1176 1254
1177 1676
1178 1756
1179 1841
1180 1540
1181 1373
1181 1656
1181 1900
1181 1947
1182 1917
1183 1528
1184 1512
1184 1568
1186 1950
1188 1990
1189 1329
1189 1443
1189 1469
1189 1687
1190 1585
1192 1412
1192 1657
1194 1232
1194 1794
1195 1232
1197 1990
1198 1200
1198 1203
1198 1992
1199 1258
1201 1620
1202 1556
1204 1522
1207 1273
1207 1654
1208 1468
1209 1511
1209 1571
1210 1650
1213 1400
1214 1784
1214 1793
1216 1517
1217 1262
1217 1616
1217 1849
1218 1789
1219 1572
1219 1650
1219 1658
1219 1918
1223 1449
1223 1743
1224 1464
1224 1496
1227 1467
1227 1636
1231 1247
1232 1887
1232 1894
1232 1968
1232 1997
1235 1729
1236 1423
1236 1709
1238 1294
1238 1307
1240 1857
1241 1840
1241 1916
1241 1992
1242 1941
1243 1676
1244 1671
1245 1294
1245 1977
1246 1662
1246 1782
1247 1518
1247 1843
1248 1677
1248 1729
1248 1826
1248 1960
1249 1726
1250 1484
1250 1591
1250 1715
1250 1939
1250 1992
1253 1489
1254 1525
1255 1826
1256 1993
1257 1557
1257 1559
1258 1814
1261 1768
1262 1606
1262 1876
1263 1377
1263 1480
1263 1577
1263 1996
1265 1672
1265 1774
1265 1840
1266 1876
1267 1426
1267 1938
1267 1956
1268 1305
1269 1995
1270 1536
1271 1471
1277 1607
1279 1426
1280 1714
1280 1938
1283 1683
1284 1832
1285 1337
1285 1891
1290 1355
1291 1942
1291 1965
1292 1871
1294 1477
1295 1592
1295 1756
1297 1578
1297 1918
1298 1620
1300 1582
1300 1829
1305 1333
1305 1698
1305 1714
1307 1563
1309 1348
1309 1889
1309 1958
1312 1772
1312 1923
1314 1759
1316 1393
1316 1906
1317 1403
1318 1989
1320 1490
1320 1545
1321 1494
1321 1888
1322 1519
1322 1853
1322 1945
1323 1710
1325 1524
1325 1813
1327 1600
1330 1900
1333 1704
1337 1552
1337 1859
1339 1386
1339 1661
1340 1616
1343 1711
1343 1931
1346 1597
1346 1707
1347 1386
1347 1496
1351 1707
1352 1572
1353 1460
1354 1725
1356 1458
1356 1615
1356 1679
1358 1677
1361 1642
1361 1650
1363 1434
1363 1724
1363 1898
1363 1954
1365 1413
1365 1467
1368 1647
1369 1743
1372 1975
1374 1521
1375 1410
1375 1852
1376 1433
1377 1538
1377 1553
1381 1435
1381 1469
1381 1786
1382 1383
1385 1531
1385 1716
1385 1866
1386 1991
1388 1706
1388 1956
1389 1691
1389 1999
1390 1799
1393 1802
1394 1406
1399 1635
1400 1611
1400 1905
1403 1577
1406 1862
1408 1604
1408 1788
1409 1854
1411 1599
1414 1727
1416 1768
1417 1648
1417 1754
1418 1864
1418 1932
1421 1609
1425 1502
1426 1995
1427 1930
1427 1941
1428 1441
1431 1485
1432 1971
1434 1624
1435 1681
1436 1465
1438 1461
1438 1954
1438 1975
1440 1514
1440 1682
1442 1592
1443 1658
1443 1701
1444 1802
1448 1576
1450 1691
1451 1702
1455 1652
1455 1829
1456 1503
1457 1947
1458 1465
1458 1847
1459 1502
1461 1478
1461 1590
1461 1767
1464 1844
1465 1557
1471 1667
1474 1600
1474 1681
1474 1891
1477 1536
1478 1639
1479 1973
1483 1542
1484 1767
1493 1618
1494 1671
1495 1717
1495 1807
1495 1821
1501 1753
1502 1969
1503 1676
1503 1806
1503 1836
1504 1644
1504 1800
1505 1786
1506 1909
1508 1957
1513 1640
1513 1713
1517 1818
1518 1942
1519 1530
1519 1655
1521 1787
1522 1760
1522 1872
1523 1724
1527 1944
1528 1710
1529 1972
1529 1982
1530 1687
1530 1948
1532 1694
1532 1766
1532 1903
1533 1635
1535 1673
1538 1885
1540 1834
1542 1751
1542 1859
1543 1548
1545 1790
1546 1838
1546 1965
1548 1810
1551 1561
1551 1688
1553 1736
1558 1771
1558 1793
1562 1755
1563 1627
1564 1790
1567 1909
1571 1738
1572 1660
1572 1838
1572 1913
1572 1936
1573 1604
1574 1716
1582 1937
1582 1947
1583 1620
1584 1965
1586 1587
1587 1707
1588 1898
1590 1702
1592 1713
1598 1665
1601 1664
1601 1943
1603 1620
1604 1703
1605 1709
1605 1971
1609 1967
1612 1857
1614 1672
1620 1659
1624 1723
1625 1997
1626 1993
1629 1905
1634 1876
1634 1900
1637 1766
1641 1774
1643 1698
1644 1709
1646 1876
1649 1818
1652 1733
1652 1832
1654 1749
1655 1787
1655 1910
1656 1801
1659 1969
1659 1986
1661 1848
1663 1922
1663 1955
1664 1808
1664 1933
1670 1975
1672 1691
1673 1823
1679 1928
1681 1887
1685 1865
1686 1929
1688 1882
1689 1755
1689 1982
1694 1710
1694 1924
1695 1808
1698 1728
1700 1931
1703 1731
1704 1988
1706 1910
1708 1769
1708 1867
1708 1981
1709 1771
1710 1911
1713 1756
1713 1935
1720 1905
1728 1824
1728 1899
1728 1965
1735 1895
1737 1772
1742 1998
1747 1944
1748 1967
1749 1896
1752 1920
1756 1956
1767 1929
1768 1909
1769 1858
1770 1908
1776 1921
1777 1817
1780 1848
1784 1916
1784 1999
1789 1996
1796 1874
1808 1896
1808 1977
1809 1914
1830 1945
1838 1900
1838 1999
1853 1912
1854 1992
1860 1874
1861 1919
1862 1968
1867 1895
1870 1911
1878 1951
1888 1965
1902 1921
1903 1937
1909 1980
1915 1940
1918 1942
1924 1987
1935 1940
1943 1973
1958 1979
1979 1995
