2000
1 1126
1 1443
1 1502
1 1571
2 665
2 672
2 1432
3 145
3 294
3 302
3 671
3 1086
3 1221
3 1336
4 254
4 289
4 984
4 1161
4 1348
4 1581
5 225
5 230
5 451
5 1125
5 1192
5 1296
5 1770
5 1845
6 517
6 882
6 928
6 1454
6 1657
6 1671
6 1872
7 70
7 305
7 1553
7 1635
7 1975
8 37
8 166
8 186
8 334
8 913
8 1187
8 1732
8 1766
9 357
9 461
9 1005
9 1181
9 1193
9 1964
10 68
10 661
10 889
10 1751
11 34
11 606
11 935
11 1158
11 1289
11 1504
11 1613
11 1616
11 1900
12 73
12 1086
12 1299
12 1390
12 1443
12 1551
13 618
13 731
13 842
13 852
13 998
13 1824
14 149
14 356
14 456
14 750
14 1544
15 871
15 1045
15 1511
15 1800
16 413
16 970
16 1484
16 1553
16 1712
16 1739
17 721
17 979
17 1123
17 1140
17 1184
17 1511
17 1519
18 41
18 1107
18 1572
18 1722
19 368
19 422
19 721
19 1478
19 1687
20 504
20 1780
21 129
21 221
21 545
21 1059
21 1324
21 1424
21 1431
21 1499
21 1675
21 1967
22 402
22 718
22 1420
22 1546
22 1898
23 231
23 1144
23 1803
23 1874
24 130
24 231
24 803
24 920
24 1035
24 1131
24 1288
24 1444
24 1733
24 1842
25 130
25 275
25 556
25 603
25 993
25 1069
25 1816
26 77
26 101
26 139
26 408
26 573
26 798
26 1017
26 1412
27 371
27 1248
27 1293
28 63
28 326
28 1435
28 1575
29 38
29 169
29 364
29 467
29 480
29 864
29 899
29 984
29 1436
29 1880
30 145
30 308
30 549
30 664
30 679
30 793
30 1141
30 1197
31 555
31 1285
31 1316
31 1465
31 1499
31 1917
32 323
32 336
32 665
32 1329
32 1616
32 1713
33 977
33 1019
33 1067
33 1369
33 1757
33 1860
34 183
34 431
34 846
34 1451
34 2000
35 37
35 712
35 1127
35 1288
35 1749
36 46
36 326
36 485
36 641
36 1589
37 547
37 1234
37 1637
37 1956
38 482
38 552
39 123
39 416
40 162
40 243
40 1703
41 70
41 116
41 443
41 816
41 860
41 982
41 1027
41 1032
41 1414
41 1601
41 1911
42 66
42 1231
42 1323
42 1588
43 332
43 1333
43 1652
43 1757
44 1646
45 270
45 947
45 1027
45 1050
46 129
46 155
46 810
46 836
46 1375
46 1966
47 211
47 452
47 1055
47 1396
47 1555
48 152
48 309
48 368
48 835
48 985
48 1705
48 1859
48 1962
49 355
49 424
49 635
49 781
49 935
49 1128
49 1320
49 1411
49 1526
49 1897
49 1921
50 213
50 628
50 1555
50 1844
51 108
51 152
51 378
51 552
51 814
51 1174
51 1201
52 334
52 381
52 650
52 1053
52 1187
52 1351
52 1745
52 1764
53 128
53 230
53 1307
53 1342
53 1496
53 1675
53 1950
54 248
54 571
54 1786
54 1806
55 358
55 431
55 552
55 1231
55 1258
55 1259
55 1466
56 150
56 273
56 341
56 1063
56 1649
56 1651
56 1979
57 116
57 261
57 1131
57 1659
57 1714
58 291
58 1471
59 529
59 645
59 955
59 1500
60 511
60 1112
60 1255
60 1259
60 1466
60 1590
60 1865
60 1896
60 1912
61 301
61 502
61 742
61 1198
61 1486
61 1870
61 1992
62 355
62 594
62 650
62 791
63 106
63 169
63 194
63 400
63 440
63 767
63 1236
63 1366
63 1590
63 1860
64 303
64 358
64 453
64 1278
64 1379
64 1549
64 1645
64 1691
65 515
65 817
65 910
65 1071
65 1430
65 1433
65 1550
66 117
66 340
66 675
66 761
66 1070
66 1344
66 1432
66 1761
66 1873
67 959
67 1737
67 1874
68 381
68 559
68 803
68 1141
68 1153
68 1385
68 1786
69 109
69 262
69 602
69 703
69 714
69 725
69 1055
70 215
70 460
70 1061
70 1250
70 1259
70 1396
70 1725
71 87
71 105
71 249
71 1028
71 1195
71 1382
71 1656
71 1921
71 1922
71 1969
72 107
72 216
72 446
72 612
72 702
72 1303
72 1771
72 1842
73 615
73 685
73 1485
73 1865
74 147
74 333
74 542
74 1344
74 1352
74 1527
74 1587
74 1625
75 122
75 490
75 684
75 845
75 1058
75 1148
75 1204
76 640
76 1583
77 94
77 272
77 1092
77 1163
77 1490
78 618
78 826
78 937
78 987
78 1760
78 1817
78 1826
78 1892
79 150
79 585
79 849
79 1035
79 1315
79 1360
79 1899
79 2000
80 286
80 325
80 642
80 1060
80 1516
80 1701
80 1796
81 168
81 1222
81 1448
81 1591
81 1671
82 131
82 649
82 1293
82 1419
82 1648
82 1905
83 93
83 138
83 297
83 480
83 1366
84 100
84 424
84 430
84 996
84 1370
84 1407
84 1522
84 1706
84 1742
84 1829
85 286
85 525
85 823
85 900
85 1059
85 1070
85 1440
85 1713
85 1931
86 307
86 482
86 676
86 1313
86 1583
86 1614
87 681
87 740
87 776
88 221
88 344
88 406
88 958
88 1002
89 649
89 737
89 1526
89 1626
90 540
90 783
90 907
90 961
90 1855
90 1893
91 412
91 764
91 1212
91 1314
91 1396
92 187
92 454
92 679
92 701
92 1111
92 1159
92 1325
92 1337
92 1528
92 1852
93 225
93 256
93 297
93 357
93 383
93 467
93 670
93 1012
93 1253
93 1492
93 1639
93 1725
94 182
94 221
94 277
94 453
94 603
94 707
94 801
94 959
94 974
94 1385
95 424
95 820
95 911
95 1380
95 1561
95 1797
96 175
96 426
96 598
96 730
96 1355
97 124
97 284
97 508
97 1305
98 116
98 156
98 472
98 1740
98 1839
99 110
99 155
99 285
99 596
99 1007
99 1200
99 1224
99 1399
99 1942
100 177
100 436
100 771
100 829
100 1195
100 1737
100 1906
100 2000
101 274
101 288
101 652
101 787
101 980
101 1198
101 1426
101 1430
102 197
102 495
102 687
102 1089
102 1173
102 1284
103 165
103 512
103 1003
103 1061
103 1331
103 1728
103 1969
104 254
104 428
104 493
104 500
104 807
104 1014
104 1035
104 1406
104 1452
104 1683
105 528
105 635
105 641
105 667
105 919
105 1326
105 1378
105 1585
105 1931
106 212
106 1241
106 1534
106 1756
106 1938
107 305
107 653
107 829
107 994
107 1313
107 1754
107 1785
107 1903
108 123
108 227
108 641
108 1328
108 1371
108 1598
108 1817
108 1838
109 388
109 529
109 847
109 1119
109 1680
110 391
110 415
110 567
110 630
110 1015
110 1175
110 1193
110 1354
110 1469
111 439
111 522
111 1507
112 367
112 1122
112 1168
112 1888
112 1896
113 763
113 1193
113 1563
114 942
114 1243
114 1417
114 1826
115 448
115 926
115 1052
115 1158
116 305
116 405
116 423
116 1052
116 1248
116 1494
117 529
117 1196
117 1349
118 397
118 519
118 555
118 651
118 695
118 1624
119 278
119 287
119 775
119 1309
119 1668
119 1687
119 1936
120 387
120 821
120 1506
121 597
121 718
121 775
121 808
121 1034
121 1857
122 1008
122 1032
123 192
123 489
123 1026
123 1452
123 1757
124 218
124 433
124 438
124 485
124 819
124 982
124 1023
124 1287
124 1599
124 1665
125 664
125 831
125 1733
125 1948
126 672
126 862
126 967
127 173
127 327
127 487
127 1872
128 370
128 401
128 1227
128 1413
128 1437
128 1824
128 1829
129 228
129 294
129 575
129 916
129 1287
129 1883
130 760
130 913
130 1765
131 135
131 504
131 667
131 918
131 1071
131 1158
131 1384
131 1862
132 505
132 936
132 956
132 1275
132 1716
132 1824
133 476
133 642
133 809
133 859
133 1633
133 1841
134 653
134 1462
134 1963
135 291
135 521
135 660
135 944
135 1787
135 1917
136 453
136 456
136 514
136 723
136 955
136 978
136 1515
136 1619
136 1853
136 1856
137 504
137 605
137 629
137 757
137 1430
137 1799
137 1836
138 203
138 261
138 494
138 523
138 777
138 941
138 1140
138 1675
138 1771
138 1947
139 495
139 566
139 937
139 1025
139 1320
139 1619
139 1914
140 1405
140 1428
140 1898
141 165
141 177
141 480
141 608
141 855
141 1161
141 1807
142 200
142 451
142 1861
143 639
143 1399
143 1541
143 1543
143 1718
143 1733
143 1945
144 190
144 579
144 581
144 679
144 893
144 1251
144 1742
145 187
145 321
145 634
145 757
145 899
145 1908
146 206
146 813
146 817
146 1224
146 1986
147 743
147 792
147 858
147 863
147 1059
147 1587
147 1751
147 1865
148 284
148 359
148 588
148 598
148 874
148 1347
148 1472
148 1907
149 344
149 447
149 516
149 748
149 1759
149 1900
150 760
150 780
150 811
150 1411
150 1839
151 528
151 879
151 1071
151 1452
151 1823
151 1866
151 1990
152 340
152 342
152 835
152 848
152 1004
152 1149
153 206
153 291
153 605
153 972
153 1933
154 196
154 399
154 458
154 669
154 767
154 1083
154 1276
155 319
155 811
155 1085
155 1111
155 1413
155 1597
155 1880
156 538
156 697
156 874
156 1143
156 1332
156 1350
156 1768
157 286
157 512
157 530
157 913
157 914
157 1448
157 1692
157 1802
157 1967
158 284
158 436
158 590
158 728
158 930
158 1041
158 1698
158 1777
159 359
159 447
159 747
159 752
159 943
159 1598
159 1680
159 1708
159 1853
160 732
160 733
160 1108
161 611
161 725
162 531
162 752
162 1186
162 1254
163 1269
163 1379
163 1490
163 1628
163 1905
164 403
164 419
164 1444
164 1864
165 216
165 413
165 677
165 796
165 1038
165 1465
165 1931
165 1996
166 227
166 435
166 1778
167 380
167 790
167 1088
167 1155
167 1568
167 1778
167 1783
167 1890
168 646
168 1400
168 1890
169 403
169 405
169 807
169 1428
169 1679
170 249
170 803
170 833
170 963
170 1371
170 1793
171 574
171 619
171 626
171 630
172 595
172 795
172 920
172 1041
172 1194
172 1808
172 1893
172 1967
173 442
173 488
173 833
173 980
173 1661
173 1993
174 203
174 400
174 410
174 890
174 971
174 1153
174 1176
174 1423
174 1583
174 1627
174 1922
175 219
175 685
175 800
175 1153
175 1287
175 1681
176 545
176 674
176 854
176 1012
176 1040
176 1152
176 1396
176 1433
176 1934
176 1997
177 186
177 480
177 756
177 1049
177 1588
178 653
178 725
178 877
178 1280
179 225
179 816
180 344
180 431
180 670
180 1050
180 1324
180 1592
180 1670
181 714
181 1065
181 1441
182 358
182 380
182 955
182 1044
182 1401
182 1403
182 1531
183 245
183 525
183 530
183 565
183 586
183 774
183 1008
183 1118
183 1199
184 575
184 867
184 1061
184 1280
184 1877
185 190
185 299
185 599
185 717
185 734
185 1633
186 216
186 992
186 1041
186 1142
186 1477
186 1546
186 1622
187 278
187 808
187 1165
187 1697
188 326
188 505
188 935
188 962
188 1161
188 1362
188 1837
188 1950
189 228
189 373
189 1784
190 474
190 1552
190 1687
191 462
191 624
191 752
191 909
191 1412
191 1528
191 1708
192 211
192 766
192 1014
192 1252
192 1321
192 1836
192 1885
193 412
193 736
193 1317
193 1433
193 1618
193 1723
194 421
194 827
194 864
194 923
194 1169
194 1218
195 519
195 547
195 703
195 925
196 373
196 453
196 852
196 1088
196 1214
196 1262
196 1283
196 1337
196 1403
196 1505
196 1763
196 1908
197 249
197 407
197 1223
197 1410
198 577
198 966
198 1428
198 1492
198 1841
198 1902
199 304
199 713
199 1078
199 1168
199 1655
199 1746
199 1805
200 202
200 211
200 1714
200 1928
201 444
201 479
201 569
201 846
201 1021
201 1232
201 1626
201 1964
202 221
202 381
202 1058
202 1100
202 1964
203 1240
203 1290
204 743
204 758
204 841
204 1670
204 1871
204 1915
205 252
205 318
205 893
205 917
205 1588
205 1960
206 386
206 625
206 1262
206 1291
206 1978
207 1498
208 342
208 416
208 975
208 1081
208 1470
209 374
209 730
209 865
209 1148
209 1543
209 1799
210 260
210 482
210 697
210 816
210 1098
210 1106
210 1266
210 1393
210 1722
211 443
211 618
211 948
211 965
212 315
212 715
212 821
212 916
212 1255
212 1843
213 341
213 444
213 470
213 851
213 1182
213 1218
213 1283
214 277
214 439
214 661
214 1119
214 1977
215 736
215 812
215 1124
215 1212
215 1800
216 280
216 539
216 639
216 808
216 832
216 1677
217 300
217 642
217 658
217 692
217 1147
217 1370
217 1396
217 1626
217 1663
218 636
218 1121
218 1154
218 1179
218 1453
218 1688
219 223
219 297
219 402
219 614
219 727
219 856
219 983
219 1186
219 1245
219 1538
219 1695
219 1997
220 318
220 327
220 1338
220 1373
220 1638
220 1904
220 1986
221 280
221 546
221 859
221 1163
221 1792
222 436
222 722
222 1082
222 1120
222 1403
222 1773
223 485
223 737
223 755
223 1269
223 1558
223 1621
223 1735
223 1959
224 466
224 489
224 523
225 913
225 946
225 1658
226 320
226 779
226 1449
226 1758
227 325
227 458
227 1042
227 1054
227 1796
228 715
228 1669
228 1780
228 1798
229 1012
229 1088
229 1280
229 1420
229 1825
230 384
230 549
230 1317
230 1437
230 1554
230 1888
231 243
231 510
231 541
231 558
231 1005
232 1287
232 1911
233 389
233 410
233 611
233 822
233 1047
233 1131
233 1370
233 1493
234 591
234 613
234 656
234 1619
234 1665
235 839
235 1025
235 1342
235 1476
235 1569
235 1664
236 567
236 779
236 890
236 1089
236 1113
236 1500
236 1535
236 1572
236 1656
236 1676
236 1796
236 1863
237 569
237 627
237 904
237 995
237 1730
237 1905
238 321
238 718
238 949
238 1007
238 1730
238 1906
238 1955
239 431
239 636
239 1366
239 1473
239 1493
239 1668
240 459
240 482
240 728
240 1030
240 1066
240 1202
240 1219
240 1258
240 1264
240 1356
240 1628
240 1962
241 570
241 969
241 1232
241 1340
241 1674
241 1736
241 1824
241 1933
242 475
242 700
242 797
242 1307
242 1335
242 1659
243 758
243 1027
243 1275
243 1466
243 1555
244 428
244 504
244 675
244 905
244 971
244 1432
244 1477
244 1777
245 645
245 715
245 786
245 966
245 1053
245 1162
245 1577
246 413
246 554
246 722
246 890
247 342
247 1460
248 280
248 592
248 601
248 901
248 1147
248 1149
248 1173
248 1213
248 1320
248 1370
248 1924
249 470
249 642
249 822
249 1417
249 1635
249 1766
250 455
250 879
250 1088
251 496
251 835
251 973
251 1112
251 1797
251 1865
252 762
252 1727
253 714
253 792
253 1317
253 1725
253 1983
254 585
254 721
254 837
254 1165
254 1729
255 354
255 615
255 1560
256 479
256 500
256 954
256 1332
256 1393
256 1490
256 1949
257 1237
257 1397
257 1661
258 351
258 416
258 714
258 1395
258 1658
258 1685
259 459
259 497
259 615
259 752
260 408
260 463
260 726
260 1033
260 1273
260 1368
261 271
261 1229
261 1680
262 270
262 291
262 357
262 1232
262 1450
262 1494
262 1807
262 1914
263 795
263 835
263 1665
264 403
264 438
264 590
264 646
264 1633
264 1901
265 338
265 576
265 1056
265 1264
265 1346
265 1368
265 1392
265 1468
266 405
266 581
266 671
266 1804
266 1854
266 1909
267 276
267 715
267 830
267 1579
269 396
269 1719
269 1727
269 1774
270 1245
270 1776
270 1903
271 483
271 1283
271 1881
272 458
272 1518
273 529
273 570
273 955
273 1100
273 1422
273 1678
273 1718
273 1939
274 1150
274 1590
274 1705
275 314
275 420
275 857
275 1217
275 1816
276 304
276 642
276 825
276 1840
277 609
277 1023
277 1170
277 1331
277 1647
278 619
278 631
278 651
278 708
278 987
278 1141
278 1271
278 1903
278 1936
279 457
279 886
279 1652
279 1674
280 349
280 628
280 732
280 852
280 940
280 1601
280 1733
281 445
281 588
281 672
281 756
281 1103
281 1145
281 1204
281 1487
282 408
282 541
283 378
283 384
283 510
283 1009
283 1577
283 1755
284 538
284 691
284 1197
284 1264
284 1470
284 1685
285 416
285 934
285 1495
286 369
286 608
286 722
286 871
286 949
286 1079
286 1114
286 1148
286 1171
286 1241
286 1669
286 1684
286 1894
287 294
287 315
287 677
287 873
287 1215
287 1387
287 1656
287 1920
288 1164
288 1244
288 1513
289 362
289 447
289 1150
289 1278
289 1648
290 581
290 1241
290 1502
290 1822
291 1181
292 345
292 544
292 773
292 1031
292 1468
292 1619
292 1962
293 1750
293 1752
294 661
294 681
294 710
294 1260
294 1739
294 1917
295 1320
295 1368
295 1508
295 1712
296 724
296 732
296 988
296 1176
296 1521
296 1640
297 1183
297 1189
297 1194
297 1287
297 1787
297 1949
298 934
298 1468
298 1692
299 1129
299 1299
299 1388
299 1493
300 1432
300 1513
300 1724
300 1970
300 1980
301 379
301 630
301 978
301 985
301 1357
302 445
302 645
302 1250
302 1284
302 1412
302 1887
303 465
303 880
303 905
303 970
303 1323
303 1508
304 959
304 1168
304 1737
305 1132
305 1407
305 1580
305 1987
306 352
306 510
306 922
306 986
306 1013
306 1037
306 1114
306 1200
307 363
307 736
307 875
307 1132
307 1426
307 1495
307 1775
307 1907
308 639
308 764
308 1244
308 1310
308 1570
309 320
309 337
309 422
309 660
309 712
309 1156
309 1162
309 1754
309 1759
309 1996
310 437
310 452
310 668
310 992
310 1278
310 1368
310 1414
310 1481
311 521
311 875
311 1368
311 1506
312 315
312 327
312 436
312 482
312 1102
312 1538
313 533
313 1126
313 1572
313 1837
314 578
314 723
314 776
314 1081
314 1103
314 1351
314 1963
314 1993
315 968
315 1202
316 440
316 1009
316 1534
316 1875
317 511
317 668
317 1250
317 1282
317 1309
317 1412
317 1764
318 401
318 1503
318 1510
318 1615
318 1877
319 899
319 930
319 974
319 1975
320 667
320 779
320 1589
320 1593
320 1801
320 1872
320 1884
321 606
321 653
321 775
321 1174
321 1623
322 503
322 679
322 773
322 1043
322 1146
322 1149
322 1259
322 1579
322 1963
323 469
323 615
323 796
323 852
323 885
324 450
324 1135
324 1416
325 684
326 438
326 1097
326 1416
326 1476
327 619
327 777
327 1087
327 1863
327 1998
328 1075
328 1171
328 1320
328 1842
329 971
329 1625
330 784
330 1168
330 1238
330 1517
330 1992
330 1999
331 1469
331 1598
332 1321
332 1618
333 753
333 1555
333 1586
333 1660
333 1898
334 649
334 1827
334 1941
335 488
335 950
335 1014
335 1081
335 1093
335 1320
335 1421
335 1472
336 463
336 945
336 1196
336 1669
336 1932
337 631
337 919
337 1406
337 1414
337 1433
337 1575
338 543
338 814
339 426
339 1062
339 1237
339 1392
339 1615
339 1634
339 1670
340 686
340 908
340 1641
341 824
341 844
341 1032
341 1217
341 1240
342 896
343 1254
343 1295
343 1595
343 1730
344 379
344 860
344 952
344 1188
344 1339
344 1978
345 501
345 1148
345 1153
345 1258
345 1706
345 1927
346 386
346 1440
347 856
347 919
347 1073
347 1806
348 650
348 800
348 1169
348 1723
349 666
349 802
349 911
349 1151
350 766
350 829
350 1247
350 1364
350 1696
351 809
351 885
351 1468
352 472
352 557
352 1780
353 1150
353 1169
353 1797
354 385
354 1396
354 1566
354 1746
354 1787
355 470
355 567
355 1760
355 1894
355 1907
356 506
356 958
356 1164
356 1331
356 1493
357 591
357 965
357 1601
357 1804
358 798
358 998
358 1248
358 1620
358 1643
358 1805
359 395
359 541
359 1019
359 1092
359 1933
360 362
360 1012
360 1180
360 1248
360 1949
361 528
361 563
361 733
361 1240
361 1316
361 1481
361 1613
361 1717
363 432
363 536
363 1313
363 1426
363 1475
363 1626
363 1960
364 797
364 832
364 849
364 1241
364 1637
364 1915
365 923
365 1487
366 964
366 1488
366 1526
366 1738
366 1809
367 764
367 920
367 1022
367 1124
367 1241
367 1341
367 1722
368 658
368 683
368 947
369 1032
369 1589
369 1745
370 554
370 698
370 1321
370 1334
371 1103
371 1442
372 1026
372 1360
372 1768
372 1957
373 958
373 1321
373 1708
374 684
374 789
374 842
374 1133
374 1208
374 1340
374 1689
374 1724
374 1877
375 377
375 1166
375 1303
375 1362
375 1586
375 1661
375 1865
376 419
376 484
376 874
376 1178
377 1131
377 1154
377 1624
378 478
378 1002
378 1279
378 1452
379 490
379 582
379 627
379 969
379 1659
379 1670
379 1985
380 434
380 444
380 929
380 1108
380 1585
380 1858
380 1894
381 387
381 944
381 1461
381 1966
382 1415
383 821
383 878
383 904
383 1326
383 1407
383 1552
383 1772
383 1943
384 400
384 546
384 796
384 1099
384 1579
384 1637
384 1983
385 491
385 1708
386 420
386 704
386 1398
386 1483
386 1822
386 1834
387 605
387 753
387 1748
388 408
388 475
388 658
388 729
388 1261
388 1533
388 1685
388 1774
389 402
389 564
389 1146
389 1193
389 1529
389 1633
389 1692
390 1111
390 1355
390 1516
390 1871
390 1955
391 763
391 883
391 1546
391 1549
392 1075
392 1724
392 1884
392 1969
393 835
393 1423
393 1654
393 1706
393 1964
394 411
394 466
394 1207
394 1782
395 406
395 650
395 786
395 1344
395 1489
395 1707
396 958
396 1010
396 1233
396 1271
396 1607
396 1670
397 1354
398 446
398 456
398 513
398 1000
398 1242
398 1535
398 1963
399 731
399 1017
399 1092
399 1123
399 1592
399 1643
399 1684
399 1910
399 1981
400 509
400 1117
400 1234
400 1235
400 1297
400 1376
400 1522
400 1622
400 1763
401 535
401 693
401 905
401 1120
401 1423
402 463
402 1162
402 1307
402 1402
402 1695
402 1858
403 951
403 994
403 1041
403 1056
403 1137
403 1265
403 1267
403 1335
403 1343
403 1487
404 1436
404 1760
405 791
405 1697
406 587
406 940
406 1314
406 1362
406 1624
407 931
407 1194
407 1302
407 1953
408 439
408 800
408 1737
409 747
409 868
409 1058
409 1267
409 1290
409 1374
409 1882
409 1985
410 550
410 778
410 876
410 1012
410 1093
410 1109
410 1230
410 1719
410 1916
411 945
411 1353
411 1538
411 1792
411 1901
411 1907
412 627
412 680
412 1015
412 1253
412 1362
412 1365
412 1568
413 520
413 702
413 1402
413 1512
413 1548
413 1765
413 1796
414 692
414 969
414 1185
414 1341
414 1577
414 1896
415 540
415 815
415 1017
415 1251
415 1490
415 1773
416 451
416 513
416 606
416 968
416 1178
416 1721
417 758
417 784
417 831
417 1498
417 1570
418 497
418 1264
418 1406
418 1635
418 1646
418 1706
419 522
419 646
419 1993
420 421
420 520
420 840
420 1069
421 743
421 1480
421 1497
421 1587
421 1630
421 1840
421 1902
421 1940
422 507
422 708
422 734
422 817
422 858
422 1024
422 1133
422 1634
423 593
423 649
423 1072
423 1195
423 1426
423 1482
424 1488
424 1798
424 1821
425 696
425 1194
425 1557
426 649
426 1117
426 1892
427 1357
427 1699
428 891
428 993
428 1632
428 1722
429 951
429 1007
429 1301
429 1350
429 1531
429 1989
430 450
430 816
430 1695
431 526
431 1305
431 1673
432 544
432 599
432 737
432 809
432 1693
433 760
433 1765
434 449
434 1078
434 1150
434 1810
435 1607
435 1668
436 1159
436 1257
436 1625
436 1942
437 806
437 1467
438 835
438 871
438 1123
438 1179
438 1220
439 591
439 676
439 763
439 1316
439 1380
439 1454
439 1792
440 498
440 613
440 968
440 1259
440 1642
440 1695
440 1733
440 1761
441 541
441 725
441 824
441 846
441 882
441 1385
442 826
442 932
442 1578
443 831
443 1564
444 486
444 630
444 1205
444 1285
444 1451
444 1545
444 1684
444 1747
444 1751
444 1765
444 1956
445 765
445 815
445 1789
445 1999
446 589
446 642
446 643
446 759
446 1440
447 802
447 1524
448 656
448 1772
448 1850
449 1388
449 1662
449 1979
450 484
450 880
450 1398
450 1491
450 1519
451 951
451 1641
451 1761
451 1919
451 1928
452 644
452 955
452 998
452 1303
452 1358
452 1522
452 1695
452 1783
452 1917
453 458
453 547
453 1336
453 1393
453 1807
453 1900
454 506
455 757
455 771
455 1162
455 1499
455 1970
456 706
456 897
456 923
456 1022
456 1028
456 1437
456 1495
457 506
457 727
457 827
457 859
457 1124
457 1669
457 1753
457 1986
458 1169
458 1855
459 556
459 695
459 742
459 838
459 1209
459 1241
459 1469
459 1646
460 752
460 842
460 1098
460 1871
460 1941
461 470
461 1616
462 791
462 1549
462 1678
463 714
463 769
463 776
463 1124
463 1168
463 1650
463 1808
463 1899
464 763
464 1055
465 558
465 629
465 997
465 1529
466 664
466 1698
467 657
467 1172
467 1262
467 1606
468 643
468 702
468 1062
468 1846
468 1933
468 1935
469 541
469 620
469 1182
469 1383
469 1422
469 1478
469 1481
470 888
470 976
470 1149
470 1218
470 1481
470 1556
470 1820
471 501
471 825
471 1294
472 571
472 768
472 891
472 1494
472 1947
473 538
473 556
473 730
473 804
473 1069
473 1126
473 1706
474 497
474 1122
474 1195
474 1429
474 1554
474 1634
474 1955
475 1066
475 1405
475 1442
475 1736
475 1782
475 1798
475 1826
476 545
476 802
476 852
476 1208
476 1229
476 1391
476 1651
477 807
477 843
477 1274
477 1838
478 551
478 1271
478 1553
479 881
479 946
479 1187
479 1214
479 1226
479 1736
479 1843
480 641
480 1580
480 1595
480 1737
480 1756
480 1832
480 1985
481 514
481 881
481 1738
482 1860
483 827
483 1585
483 1655
483 1704
483 1834
483 1917
484 1417
484 1549
484 1963
485 1102
485 1428
485 1601
485 1895
485 1998
486 529
486 631
486 699
486 814
486 1616
487 586
487 667
487 1196
487 1553
488 817
488 1021
488 1250
488 1750
488 1830
489 1236
490 1818
490 1960
491 724
491 839
491 1107
491 1410
491 1532
491 1560
491 1625
491 1815
491 1872
492 579
492 680
492 1369
492 1590
492 1920
493 774
493 882
493 1174
493 1726
493 1763
493 1846
494 497
494 643
494 1577
494 1918
495 687
495 1207
495 1749
495 1915
496 1340
496 1353
497 976
497 1230
497 1364
497 1887
498 543
498 859
499 550
499 954
499 1521
499 1615
500 793
500 1094
501 536
501 1501
501 1544
501 1728
502 565
502 1149
502 1904
503 710
503 888
503 943
503 1415
503 1763
504 511
504 950
504 1952
505 572
505 1189
505 1385
505 1573
505 1643
505 1962
506 733
506 847
506 1420
506 1438
506 1541
506 1800
506 1966
507 1055
507 1103
507 1200
507 1701
507 1799
508 564
508 1061
508 1120
508 1540
508 1626
508 1840
509 601
509 1109
509 1199
509 1234
509 1293
509 1677
510 719
510 1034
510 1042
510 1069
510 1377
510 1641
511 568
511 633
511 1019
511 1590
511 1688
512 850
513 579
513 770
513 1111
513 1660
514 601
514 927
514 936
514 1102
514 1705
514 1846
515 589
515 830
515 1817
515 1977
516 554
516 610
516 1313
516 1717
516 1952
517 690
517 984
517 1055
517 1175
517 1239
518 871
518 1913
519 603
519 658
519 836
519 1290
519 1389
520 1182
520 1308
520 1718
521 568
521 570
521 589
521 620
521 667
521 985
521 1002
521 1376
521 1469
521 1989
522 879
522 1129
522 1176
522 1256
522 1777
522 1939
523 710
523 1774
524 982
524 1134
524 1503
525 1940
525 1968
526 1542
526 1883
527 530
527 860
527 898
527 1052
527 1426
527 1486
527 1599
527 1652
528 1362
528 1952
529 585
529 1182
529 1276
529 1290
529 1722
529 1920
530 560
530 585
530 667
530 1019
530 1635
531 1108
531 1577
531 1822
532 908
532 1170
532 1396
533 1290
533 1343
533 1540
533 1589
534 770
534 869
534 1851
535 1594
535 1639
535 1649
535 1663
536 596
537 673
537 781
537 884
537 1087
537 1480
537 1806
538 808
538 1476
538 1536
538 1622
538 1627
539 576
539 596
539 1622
539 1801
539 1838
540 739
540 1478
540 1560
540 1980
541 1281
541 1347
541 1610
542 554
542 717
542 727
542 1004
542 1121
542 1154
542 1246
542 1696
542 1769
543 598
543 1511
543 1878
544 1286
544 1297
544 1467
544 1588
544 1673
544 1831
545 552
545 802
545 1183
545 1611
545 1875
546 650
546 690
546 983
546 1090
546 1337
546 1385
547 676
547 691
547 1112
547 1251
547 1285
547 1286
547 1519
547 1892
547 1900
547 1952
548 599
548 905
549 691
549 916
549 1698
550 750
550 916
550 961
550 1137
551 1434
551 1443
551 1832
551 1992
552 1279
552 1328
552 1493
552 1647
552 1783
552 1874
553 554
553 654
553 771
553 1091
553 1476
553 1666
553 1742
553 1843
553 1923
554 1156
555 960
555 1018
555 1323
556 772
556 980
556 1414
556 1796
556 1965
557 839
557 854
557 869
557 941
557 970
557 1559
557 1852
558 592
558 1149
558 1356
558 1365
558 1474
558 1933
558 1998
559 854
559 1234
559 1397
559 1484
559 1633
559 1847
560 890
560 1283
560 1365
560 1752
561 1755
561 1827
562 752
562 1248
562 1297
562 1489
562 1520
563 832
563 907
563 1190
563 1209
563 1416
563 1446
563 1932
564 710
564 1084
564 1163
564 1446
564 1715
565 1014
565 1284
566 1082
566 1093
566 1118
566 1864
566 1933
566 1986
567 1289
567 1839
568 731
568 1024
568 1615
568 1661
569 647
569 1762
569 1875
570 1102
570 1278
572 751
572 819
572 1078
572 1560
572 1664
573 786
573 936
573 1025
573 1539
573 1596
573 1772
574 775
574 1142
575 576
575 729
575 1039
575 1090
575 1236
575 1966
576 850
577 780
577 1495
577 1789
577 1927
577 1990
578 1258
578 1286
578 1402
578 1687
579 634
579 1121
579 1629
580 1066
580 1742
581 1274
581 1541
581 1604
581 1756
581 1848
581 1905
582 907
582 1284
582 1390
582 1393
582 1442
582 1501
582 1540
582 1755
582 1839
583 725
583 847
583 1816
583 1989
584 770
584 1160
584 1958
585 863
585 888
585 1446
585 1783
586 626
586 1181
586 1451
586 1614
586 1633
586 1914
587 1060
587 1785
587 1861
587 1989
588 1027
588 1172
588 1359
588 1381
589 652
589 654
589 1363
589 1515
589 1875
590 894
590 943
590 993
590 1194
591 595
591 1905
592 935
592 1479
592 1702
593 958
593 1141
593 1922
593 1962
594 908
594 947
594 962
594 1199
594 1767
595 778
595 1027
595 1183
595 1826
596 1349
596 1891
597 725
597 976
597 979
597 1206
598 899
598 1193
598 1691
599 791
599 981
600 926
600 1359
600 1460
600 1468
601 735
601 1137
601 1440
601 1544
601 1574
601 1869
602 688
602 1070
602 1228
602 1446
602 1713
602 1833
603 948
603 1079
603 1277
603 1293
603 1534
604 791
604 1412
605 631
605 749
605 1135
605 1337
605 1811
605 1824
606 840
606 961
606 997
606 1098
606 1571
606 1749
606 1893
607 687
607 1131
607 1174
607 1824
607 1949
608 1214
608 1322
608 1355
608 1474
608 1496
608 1820
610 1628
610 1953
611 711
611 1093
611 1362
611 1381
611 1407
611 1504
612 778
612 1155
612 1416
612 1455
612 1459
612 1846
613 1261
613 1603
613 1874
615 1010
615 1450
615 1474
615 1507
615 1530
616 752
616 1123
616 1341
617 804
617 1297
617 1394
617 1496
617 1565
617 1601
617 1752
617 1819
617 1848
618 824
618 972
618 1113
618 1637
619 1245
619 1410
619 1418
619 1803
620 1845
620 1866
620 1937
621 744
621 1266
621 1283
621 1490
621 1818
621 1879
622 720
622 1038
622 1104
622 1113
622 1829
623 1092
623 1174
623 1445
623 1789
623 1800
623 1974
624 761
624 1050
624 1114
624 1175
624 1345
624 1392
624 1454
624 1602
625 809
625 1400
625 1841
626 908
626 1046
626 1542
626 1794
626 1971
627 1825
628 1073
628 1391
628 1413
628 1676
629 1145
629 1267
630 1133
630 1671
630 1991
631 734
631 910
631 1301
631 1618
632 1911
633 666
633 1141
633 1299
633 1441
633 1526
634 1325
634 1934
635 710
635 780
635 943
635 1099
635 1217
636 1144
636 1312
636 1823
637 638
637 721
637 751
637 1346
637 1568
637 1628
638 949
638 1343
638 1589
638 1704
638 1708
639 890
639 939
639 1948
640 856
640 999
640 1019
640 1482
641 748
641 758
641 873
641 1385
641 1435
642 1695
642 1995
643 798
643 1348
643 1555
643 1765
644 1113
644 1209
644 1216
644 1310
644 1453
644 1840
645 1391
645 1481
645 1733
646 1174
646 1270
646 1440
647 790
647 938
647 1046
647 1120
647 1285
647 1473
647 1859
648 1017
648 1297
648 1370
648 1717
648 1779
648 1793
648 1989
649 1114
649 1650
650 1370
650 1651
650 1692
651 803
651 1214
651 1329
651 1485
651 1766
651 1838
652 803
652 1423
652 1807
653 1041
653 1566
654 1448
654 1465
654 1604
654 1881
655 868
655 946
655 1025
655 1405
655 1410
656 1066
656 1084
656 1215
657 981
657 1241
657 1271
657 1476
657 1853
658 876
658 1083
658 1545
658 1747
658 1802
659 928
659 1877
660 931
660 960
660 1446
660 1490
660 1500
660 1736
661 728
661 737
661 865
661 1187
661 1223
661 1744
661 1806
662 729
662 754
662 880
662 1910
662 1986
663 1485
663 1636
663 1957
664 716
664 732
664 1431
664 1464
665 691
665 864
665 1318
665 1417
665 1723
665 1979
666 795
666 846
666 876
666 974
666 1165
666 1592
667 985
667 1500
667 1542
667 1586
667 1634
667 1842
668 904
668 1060
669 807
669 981
669 1035
669 1163
670 1090
670 1332
670 1467
671 874
671 976
671 1605
671 1727
671 1994
672 1432
673 1543
673 1775
674 680
674 693
674 1307
674 1462
675 1550
675 1836
676 904
676 1412
677 740
678 753
678 861
678 1019
678 1040
678 1126
678 1481
678 1539
678 1740
678 1771
678 1919
679 742
679 743
679 788
679 916
679 1278
679 1525
679 1621
679 1653
679 1712
679 1749
680 703
680 1154
680 1215
680 1361
680 1768
680 1823
681 738
681 899
681 1143
681 1552
681 1646
681 1655
681 1684
681 1695
681 1954
682 994
682 1122
682 1576
682 1800
682 1822
682 1855
682 1878
683 689
683 760
683 1395
684 1438
684 1635
685 1140
685 1435
686 699
686 1485
686 1748
687 1657
687 1803
687 1840
688 1107
688 1591
689 949
689 1342
689 1817
690 1477
690 1595
690 1951
691 950
692 708
692 1036
692 1192
692 1266
692 1371
692 1434
692 1765
693 795
693 942
693 1004
693 1065
693 1786
693 1943
694 1218
694 1268
694 1372
695 822
695 1119
695 1641
696 1193
696 1265
696 1443
696 1678
696 1765
697 861
697 1422
697 1883
698 898
698 1404
698 1493
698 1511
699 913
699 958
699 1405
699 1555
699 1901
700 924
701 1024
702 717
702 1011
702 1067
702 1165
702 1201
702 1288
702 1354
702 1410
702 1584
703 999
703 1356
703 1877
704 1948
704 1955
705 944
705 1640
705 1735
705 1893
706 1461
706 1519
706 1563
707 1248
707 1358
708 1857
708 1865
708 1915
709 809
709 843
709 1340
709 1487
709 1507
710 758
710 1301
710 1667
710 1791
710 1812
711 915
711 1031
712 1075
712 1715
712 1978
713 1031
713 1123
713 1356
713 1537
713 1566
714 761
714 912
714 1088
714 1532
714 1561
714 1616
714 1680
715 755
715 961
715 1356
715 1630
715 1652
716 1032
716 1245
716 1268
716 1644
716 1692
716 1743
717 1087
717 1138
718 827
718 955
718 959
718 1282
718 1288
718 1424
718 1554
718 1666
718 1806
719 1063
719 1329
719 1632
719 1760
719 1925
720 907
721 948
721 1107
721 1408
721 1549
721 1835
721 1962
722 1440
722 1444
722 1769
723 1000
723 1040
723 1735
724 1671
724 1785
724 1935
725 800
725 993
725 1401
725 1415
725 1418
725 1534
725 1904
725 1970
726 873
726 914
726 1050
726 1591
726 1791
726 1963
727 909
727 959
727 1076
727 1274
728 820
728 920
728 937
728 947
728 958
728 1204
728 1612
728 1647
728 1934
729 888
729 1649
730 934
730 1039
730 1100
730 1308
730 1547
731 794
731 812
731 817
731 1397
731 1580
732 1013
732 1232
732 1665
734 1059
734 1504
734 1574
734 1627
734 1804
735 915
735 1421
735 1998
736 903
736 1058
736 1547
736 1784
737 1151
737 1417
737 1612
737 1666
737 1913
738 842
738 1178
738 1937
739 787
739 927
739 960
739 979
739 1079
739 1328
739 1470
739 1728
739 1989
740 911
740 1385
740 1703
741 834
741 1188
741 1927
742 845
742 1416
743 1021
743 1388
743 1774
744 957
744 1160
744 1302
744 1636
744 1719
744 1860
744 1941
744 1949
745 801
745 916
745 978
745 987
745 1111
745 1605
746 787
746 1168
746 1388
747 1539
747 1546
747 1766
747 1976
748 911
748 1142
748 1282
748 1867
749 1621
749 1638
750 1140
750 1176
751 850
751 906
751 1115
751 1284
751 1352
751 1423
751 1894
752 1129
752 1155
752 1334
752 1380
752 1772
753 1148
753 1772
753 1990
754 1707
755 1002
755 1224
755 1634
756 1186
756 1470
757 778
757 1420
757 1621
758 1044
758 1382
759 828
759 1433
759 1496
759 1649
759 1967
760 792
760 933
760 947
760 1309
760 1439
760 1502
761 1934
761 1938
762 832
762 1137
762 1363
762 1501
763 821
763 1213
763 1231
763 1632
763 1877
764 953
764 1007
764 1109
764 1313
764 1540
764 1760
764 1971
765 1011
765 1171
765 1735
766 1034
766 1308
766 1451
767 1404
767 1495
767 1792
768 1152
768 1227
768 1666
768 1853
769 798
769 927
769 953
769 982
769 1330
769 1747
769 1796
770 1152
770 1663
770 1675
771 868
771 1289
771 1313
772 1281
772 1318
772 1374
772 1525
772 1794
772 1938
773 793
773 803
773 851
773 1250
773 1453
773 1471
773 1578
774 965
774 1054
774 1248
774 1297
774 1973
775 872
775 920
775 1007
776 1504
776 1754
777 791
777 1142
777 1407
777 1424
777 1507
777 1936
777 1983
778 808
778 1170
778 1533
778 1593
778 1647
778 1678
778 1954
779 1433
779 1984
780 807
780 989
780 1136
780 1263
780 1314
780 1759
780 1769
781 1028
781 1671
781 1736
781 1904
781 1942
782 813
782 1888
783 798
783 1309
783 1843
783 1927
784 861
784 903
784 1219
784 1739
785 1393
785 1682
785 1692
785 1718
786 937
786 1217
786 1680
787 813
787 1033
787 1210
787 1616
787 1646
788 789
788 1022
788 1135
788 1253
788 1337
788 1959
788 1960
789 1145
789 1621
789 1833
789 1978
790 991
790 1168
790 1402
790 1465
790 1680
791 1011
791 1942
791 1972
792 794
792 1367
793 881
793 1065
793 1373
794 1024
794 1127
794 1325
794 1341
794 1665
794 1688
795 858
795 1491
795 1798
795 1890
796 1092
796 1338
796 1502
796 1908
797 1234
797 1302
797 1566
798 902
798 1509
798 1892
799 1257
799 1536
799 1816
799 1893
800 899
800 1459
800 1561
800 1914
801 861
801 965
801 966
801 1589
802 1212
802 1508
802 1516
802 1971
803 1310
803 1821
804 1575
805 830
805 1068
805 1876
805 1906
805 1947
806 1085
807 1737
807 1936
808 965
808 1132
808 1608
808 1638
809 859
809 1114
809 1442
809 1551
809 1937
810 1086
811 1781
812 1267
812 1770
813 924
813 1639
813 1948
814 1332
814 1458
814 1548
814 1549
814 1929
815 888
815 1109
816 1009
816 1046
816 1386
816 1893
817 826
817 863
817 913
817 1715
818 1457
818 1916
819 1115
819 1473
819 1745
820 911
820 1126
820 1417
820 1458
820 1798
821 822
821 1496
821 1644
822 1797
822 1975
823 1111
823 1187
823 1212
823 1624
823 1922
823 1958
824 1622
824 1980
825 904
825 1068
825 1328
825 1411
825 1425
825 1709
826 1012
826 1091
826 1665
826 1844
826 1956
827 1284
827 1340
827 1458
827 1974
828 1186
828 1638
828 1689
828 1914
829 1267
829 1639
830 1191
830 1451
830 1543
831 939
831 1074
831 1219
831 1369
831 1509
831 1991
832 943
832 1596
832 1835
832 1884
833 1089
833 1858
834 1006
834 1123
834 1201
834 1412
834 1497
835 1381
835 1776
836 843
836 879
836 980
836 1361
836 1681
837 1008
837 1243
837 1589
837 1609
837 1807
838 1263
838 1311
838 1374
838 1607
839 1342
840 853
840 1265
840 1268
840 1355
840 1562
840 1615
840 1657
841 1163
841 1908
841 1996
842 1862
842 1906
843 1707
843 1769
843 1812
844 1186
844 1296
845 1471
845 1479
845 1728
845 1918
846 1652
847 923
847 1116
847 1204
847 1583
847 1705
847 1983
847 1991
848 1055
848 1319
848 1646
849 1103
849 1537
849 1684
850 1232
850 1255
850 1994
851 1099
851 1546
851 1772
851 1783
851 1824
852 1346
852 1511
852 1928
853 1073
853 1362
853 1790
853 1991
854 914
854 1900
855 934
855 1003
855 1158
855 1978
856 875
856 1222
856 1273
856 1291
856 1415
856 1768
857 1065
857 1822
857 1833
858 973
858 1038
858 1327
858 1737
859 1071
859 1428
859 1596
860 1154
860 1509
860 1915
861 1401
861 1567
861 1729
862 933
862 1178
862 1330
863 1058
863 1066
863 1498
863 1631
863 1936
864 1083
864 1506
864 1571
864 1739
865 1862
865 1885
866 1095
866 1687
866 1706
866 1732
867 1142
867 1293
867 1712
867 1785
867 1878
868 1498
868 1523
868 1860
868 1940
869 1996
870 892
870 1337
870 1565
870 1915
871 893
871 1035
871 1291
871 1337
871 1969
872 896
872 949
872 1177
872 1194
872 1632
872 1757
872 1933
872 1941
873 1194
873 1769
874 1219
874 1306
874 1520
874 1599
874 1721
875 1083
875 1571
876 1621
877 1387
877 1474
877 1761
878 891
878 1484
878 1559
878 1832
879 1049
879 1218
879 1406
879 1791
880 918
880 1188
880 1278
880 1394
880 1423
880 1568
880 1677
880 1723
880 1995
881 900
881 990
881 1035
881 1801
881 1944
882 1567
883 977
883 1155
884 967
884 1184
884 1575
884 1593
884 1667
885 1417
886 935
886 1010
886 1086
886 1441
886 1508
887 950
887 1280
887 1284
887 1316
887 1523
887 1976
888 1019
888 1147
888 1652
888 1746
888 1913
889 1499
889 1943
890 903
890 1265
890 1360
890 1364
890 1403
890 1940
891 987
891 1428
892 1232
892 1527
892 1664
893 1115
893 1745
894 1202
894 1513
894 1929
895 1005
895 1231
895 1522
896 1028
896 1365
896 1384
896 1395
896 1446
896 1957
897 1036
897 1129
897 1605
898 1157
898 1667
899 976
899 1324
899 1544
899 1743
899 1983
901 1192
901 1973
902 1439
902 1633
902 1844
903 1138
903 1209
903 1247
904 1353
905 1550
906 947
906 1196
906 1502
906 1708
906 1776
906 1902
907 969
907 1602
907 1680
908 1387
908 1462
908 1766
908 1972
909 1089
909 1796
909 1927
910 938
910 1017
910 1122
910 1316
910 1455
910 1622
911 1365
911 1811
913 1435
913 1755
913 1783
913 1963
914 1105
914 1593
915 1214
915 1395
915 1716
916 933
916 1102
916 1245
916 1293
916 1294
916 1314
916 1529
916 1767
916 1855
917 1847
918 1483
918 1654
918 1740
919 973
919 1928
920 1056
920 1094
920 1385
920 1463
920 1854
921 1239
921 1507
921 1647
921 1739
922 947
922 1207
922 1836
923 1307
923 1472
923 1581
923 1673
924 1171
924 1270
924 1969
925 927
925 1575
925 1835
926 1806
927 1055
927 1199
927 1223
927 1337
928 1034
928 1158
928 1772
929 1486
929 1640
930 1094
930 1456
930 1548
930 1807
931 1500
931 1524
931 1919
931 1961
932 1088
932 1231
932 1276
933 1594
933 1749
934 1109
934 1535
934 1566
934 1663
935 1355
935 1851
935 1857
936 1122
936 1289
936 1410
936 1455
936 1668
937 1236
937 1382
937 1450
937 1578
937 1891
938 976
938 1088
938 1155
938 1201
938 1742
938 1957
939 1642
939 1719
940 1410
940 1680
940 1754
941 1343
941 1820
941 1888
941 1995
942 1237
942 1238
942 1419
942 1494
943 1321
944 949
944 1071
944 1178
944 1225
944 1466
944 1584
944 1785
944 1803
944 1819
944 1845
944 1888
945 1432
945 1678
946 966
946 988
946 1875
946 1928
947 1044
947 1858
947 1989
948 978
948 1126
948 1437
948 1438
948 1864
948 1980
949 1203
949 1287
950 986
950 1632
950 1804
951 987
951 1200
951 1324
951 1707
952 1964
953 1124
954 1096
954 1371
955 1022
955 1451
955 1608
956 1022
956 1212
957 1865
958 1641
959 1179
959 1183
959 1553
959 1804
959 1920
960 1067
960 1283
961 1097
961 1109
962 1580
964 1119
964 1405
964 1448
964 1717
964 1783
965 977
965 991
965 1653
965 1869
966 1162
967 1921
968 1489
968 1624
969 1395
969 1557
969 1803
970 1000
970 1147
970 1414
970 1491
970 1508
970 1644
970 1981
971 1729
972 1036
972 1089
972 1542
972 1904
973 1104
974 1019
974 1035
974 1440
974 1771
975 1090
975 1887
975 1953
976 1048
976 1200
976 1322
976 1572
976 1898
977 1164
977 1345
977 1983
978 1058
978 1251
978 1308
978 1388
978 1458
979 1053
979 1234
979 1237
979 1430
980 1000
980 1171
980 1413
980 1639
981 1088
982 1297
982 1331
982 1688
982 1823
983 1036
983 1105
983 1963
984 1709
984 1899
984 1929
985 1279
985 1301
985 1336
985 1871
985 1899
986 995
986 1525
986 1622
986 1749
987 1198
987 1567
988 1200
988 1412
988 1487
988 1609
989 1492
989 1644
990 1372
990 1793
990 1936
991 1595
992 1245
992 1278
994 1417
994 1432
994 1470
995 1547
995 1630
995 1699
995 1735
996 1062
996 1215
996 1632
996 1722
996 1798
997 1099
997 1386
997 1426
997 1528
998 1094
998 1339
998 1414
998 1525
999 1019
999 1580
999 1836
999 1887
1000 1037
1000 1158
1000 1330
1000 1633
1001 1126
1002 1175
1003 1183
1003 1500
1003 1918
1004 1083
1004 1341
1004 1723
1004 1951
1005 1079
1005 1243
1005 1325
1005 1488
1005 1598
1005 1610
1005 1874
1006 1169
1006 1349
1006 1712
1007 1255
1007 1256
1007 1987
1008 1570
1009 1164
1010 1522
1010 1577
1010 1780
1010 1820
1010 1824
1011 1058
1011 1326
1011 1517
1012 1101
1012 1378
1012 1492
1012 1747
1012 1868
1012 1946
1013 1526
1013 1528
1014 1378
1015 1061
1015 1098
1015 1190
1015 1294
1015 1458
1015 1527
1015 1712
1016 1130
1016 1577
1016 1752
1016 1799
1017 1121
1017 1175
1017 1305
1017 1390
1017 1489
1017 1933
1018 1515
1018 1881
1019 1196
1019 1718
1019 1771
1020 1033
1020 1422
1021 1950
1022 1324
1022 1368
1022 1758
1022 1859
1023 1744
1023 1929
1024 1054
1024 1143
1024 1170
1024 1612
1024 1634
1024 1796
1025 1047
1025 1190
1025 1325
1025 1354
1025 1833
1026 1236
1027 1045
1027 1444
1028 1114
1028 1520
1028 1923
1029 1135
1029 1365
1029 1933
1030 1542
1030 1641
1031 1269
1032 1217
1032 1420
1032 1845
1033 1053
1033 1165
1033 1260
1033 1463
1033 1549
1033 1682
1034 1183
1034 1290
1034 1599
1034 1727
1034 1773
1034 1775
1034 1832
1035 1840
1035 1890
1035 1920
1037 1113
1037 1317
1037 1741
1038 1102
1038 1618
1038 1769
1039 1252
1039 1355
1039 1427
1039 1549
1039 1794
1040 1317
1040 1460
1041 1987
1042 1257
1042 1549
1044 1618
1044 1783
1045 1430
1045 1636
1047 1127
1047 1150
1047 1591
1047 1592
1048 1203
1048 1725
1048 1816
1049 1349
1049 1546
1049 1747
1049 1753
1049 1842
1050 1402
1050 1431
1051 1115
1051 1531
1051 1840
1052 1122
1052 1130
1052 1542
1052 1877
1053 1225
1053 1592
1054 1684
1054 1694
1054 1695
1054 1972
1055 1308
1055 1644
1055 1892
1056 1075
1056 1266
1056 1333
1056 1815
1057 1203
1057 1254
1057 1415
1057 1420
1058 1554
1058 1683
1058 1726
1058 1735
1058 1905
1059 1182
1059 1681
1060 1836
1061 1606
1061 1971
1062 1119
1062 1475
1062 1807
1063 1651
1064 1919
1065 1139
1065 1395
1065 1684
1065 1723
1065 1859
1066 1119
1066 1191
1066 1194
1066 1782
1066 1795
1066 1897
1067 1847
1068 1072
1068 1136
1068 1833
1068 1938
1069 1380
1069 1451
1070 1137
1070 1381
1070 1482
1071 1363
1071 1417
1071 1423
1072 1204
1072 1840
1073 1142
1073 1575
1073 1780
1073 1845
1073 1986
1074 1491
1075 1205
1075 1238
1076 1084
1076 1664
1076 1810
1077 1258
1077 1960
1079 1276
1079 1506
1079 1670
1080 1328
1080 1560
1080 1614
1080 1721
1080 1821
1080 1858
1082 1391
1083 1096
1083 1173
1083 1680
1083 1731
1083 1808
1083 1988
1084 1136
1084 1312
1084 1718
1084 1827
1085 1425
1085 1478
1085 1779
1085 1914
1086 1223
1086 1230
1086 1587
1086 1705
1087 1109
1088 1566
1088 1824
1089 1315
1090 1349
1090 1428
1090 1605
1091 1656
1092 1379
1092 1579
1092 1698
1093 1119
1093 1457
1093 1490
1094 1117
1094 1248
1094 1392
1095 1272
1095 1476
1095 1683
1096 1989
1097 1283
1097 1366
1097 1395
1097 1506
1097 1578
1098 1449
1098 1539
1098 1645
1099 1201
1099 1631
1099 1752
1100 1127
1100 1167
1100 1222
1100 1343
1100 1587
1100 1964
1101 1104
1101 1919
1103 1339
1103 1660
1103 1837
1103 1894
1104 1251
1104 1423
1104 1504
1105 1220
1105 1295
1105 1457
1105 1840
1105 1967
1106 1141
1106 1559
1106 1620
1106 1797
1106 1979
1107 1280
1107 1426
1107 1482
1107 1580
1107 1872
1108 1322
1108 1547
1110 1220
1110 1999
1111 1221
1111 1311
1111 1651
1113 1136
1113 1181
1114 1350
1114 1410
1114 1426
1114 1448
1114 1471
1114 1548
1114 1777
1114 1944
1114 1974
1114 1980
1115 1361
1115 1405
1115 1574
1115 1894
1116 1660
1116 1742
1116 1867
1117 1204
1117 1358
1117 1640
1117 1740
1118 1244
1119 1136
1119 1356
1119 1417
1119 1718
1119 1819
1120 1451
1120 1466
1120 1524
1120 1554
1120 1742
1121 1316
1121 1476
1121 1623
1121 1948
1122 1124
1122 1163
1122 1837
1123 1396
1124 1450
1124 1514
1124 1810
1125 1423
1125 1595
1125 1610
1125 1852
1126 1738
1126 1757
1126 1770
1126 1846
1126 1970
1127 1291
1127 1441
1127 1703
1128 1183
1128 1724
1128 1912
1129 1415
1129 1447
1129 1578
1129 1885
1130 1629
1130 1664
1130 1715
1131 1198
1131 1211
1132 1171
1132 1436
1133 1331
1133 1432
1133 1617
1133 1856
1134 1564
1135 1239
1135 1531
1135 1655
1136 1592
1137 1412
1139 1534
1139 1557
1139 1799
1140 1268
1141 1378
1141 1565
1141 1597
1141 1929
1143 1646
1143 1895
1144 1411
1144 1593
1144 1789
1145 1306
1145 1788
1145 1815
1146 1336
1146 1422
1146 1475
1146 1476
1146 1578
1147 1294
1147 1571
1147 1736
1148 1386
1148 1422
1149 1315
1149 1881
1150 1584
1150 1763
1151 1268
1151 1538
1152 1396
1153 1278
1153 1466
1153 1537
1154 1633
1155 1198
1155 1384
1155 1758
1155 1887
1156 1202
1156 1536
1156 1617
1156 1638
1156 1768
1157 1164
1157 1246
1157 1418
1157 1452
1157 1625
1158 1498
1158 1724
1158 1769
1159 1195
1160 1233
1160 1392
1160 1803
1161 1197
1161 1563
1161 1658
1161 1872
1162 1313
1162 1391
1162 1824
1162 1895
1164 1366
1164 1424
1164 1794
1165 1554
1165 1703
1165 1882
1165 1950
1166 1503
1166 1879
1166 1883
1166 1924
1166 1946
1167 1385
1167 1387
1167 1678
1167 1690
1167 1755
1168 1246
1168 1530
1169 1732
1169 1944
1169 1978
1170 1176
1170 1841
1171 1474
1171 1958
1172 1196
1172 1294
1172 1629
1172 1669
1172 1965
1173 1598
1173 1660
1173 1960
1174 1585
1174 1763
1174 1781
1175 1661
1176 1240
1176 1243
1177 1970
1178 1466
1178 1533
1178 1964
1179 1530
1179 1948
1180 1310
1180 1367
1180 1694
1180 1810
1181 1192
1181 1402
1181 1497
1181 1584
1181 1682
1181 1786
1182 1293
1182 1742
1183 1311
1183 1483
1184 1757
1184 1977
1185 1773
1186 1475
1187 1208
1187 1220
1187 1730
1187 1739
1187 1814
1187 1847
1187 1914
1189 1575
1189 1760
1189 1816
1189 1963
1190 1434
1190 1840
1190 1877
1190 1945
1191 1343
1191 1488
1191 1548
1191 1841
1192 1216
1192 1325
1192 1789
1192 1874
1193 1908
1194 1596
1194 1655
1195 1421
1195 1722
1196 1473
1197 1677
1197 1679
1198 1483
1198 1780
1199 1813
1199 1864
1200 1236
1200 1247
1200 1426
1200 1431
1201 1303
1201 1317
1201 1351
1201 1368
1201 1471
1201 1696
1202 1464
1202 1518
1202 1565
1202 1619
1202 1738
1203 1444
1204 1610
1204 1644
1204 1957
1205 1368
1205 1959
1206 1754
1207 1209
1207 1251
1207 1414
1207 1602
1207 1721
1208 1461
1208 1536
1208 1768
1210 1426
1210 1693
1210 1835
1211 1602
1212 1464
1212 1663
1212 1833
1213 1380
1213 1392
1213 1417
1213 1484
1213 1594
1213 1653
1213 1858
1213 1933
1214 1715
1215 1260
1215 1698
1216 1554
1216 1704
1218 1297
1218 1364
1218 1617
1219 1998
1220 1546
1220 1623
1221 1857
1221 1967
1222 1396
1222 1548
1222 1730
1222 1881
1223 1515
1223 1595
1223 1668
1223 1809
1224 1339
1224 1401
1225 1470
1225 1586
1226 1400
1226 1437
1226 1914
1227 1376
1227 1492
1227 1710
1228 1553
1228 1885
1228 1961
1229 1308
1229 1311
1229 1919
1230 1293
1230 1890
1230 1898
1231 1693
1231 1777
1231 1942
1231 1948
1231 1966
1232 1744
1234 1255
1234 1378
1234 1897
1234 1902
1235 1287
1235 1323
1235 1337
1236 1582
1236 1754
1236 1959
1237 1386
1237 1399
1237 1625
1237 1700
1237 1854
1238 1353
1238 1898
1239 1455
1240 1252
1240 1822
1240 1913
1241 1731
1241 1800
1241 1801
1242 1316
1242 1410
1242 1652
1242 1810
1243 1280
1243 1505
1244 1458
1244 1741
1244 1773
1245 1696
1245 1987
1247 1581
1248 1338
1248 1431
1248 1459
1248 1821
1251 1476
1251 1771
1251 1843
1251 1881
1251 1932
1252 1504
1252 1568
1252 1631
1252 1941
1253 1490
1253 1834
1253 1838
1254 1307
1254 1368
1254 1564
1255 1559
1255 1881
1256 1785
1257 1590
1257 2000
1258 1341
1258 1922
1258 1925
1259 1281
1259 1451
1259 1579
1259 1883
1260 1685
1260 1728
1260 1881
1262 1679
1263 1558
1264 1351
1264 1494
1264 1497
1264 1641
1264 1864
1265 1425
1265 1627
1266 1379
1269 1453
1269 1473
1270 1663
1271 1445
1271 1718
1271 1867
1272 1301
1272 1520
1272 1891
1273 1643
1273 1999
1275 1989
1276 1285
1277 1305
1278 1473
1278 1886
1280 1816
1281 1588
1281 1648
1282 1391
1282 1412
1282 1973
1283 1382
1283 1756
1283 1787
1284 1470
1285 1466
1285 1730
1286 1359
1286 1414
1286 1446
1287 1349
1287 1538
1287 1979
1288 1759
1288 1836
1288 1901
1291 1438
1291 1917
1291 1949
1292 1612
1292 1692
1293 1601
1293 1909
1294 1778
1294 1824
1296 1361
1296 1402
1296 1460
1296 1510
1296 1707
1296 1723
1296 1934
1297 1503
1298 1528
1298 1601
1298 1901
1299 1669
1299 1726
1299 1826
1300 1307
1300 1418
1301 1749
1301 1922
1302 1343
1302 1557
1302 1729
1303 1666
1306 1379
1306 1456
1306 1796
1307 1481
1307 1640
1307 1796
1308 1718
1309 2000
1310 1469
1311 1401
1311 1485
1311 1509
1311 1603
1312 1900
1313 1413
1314 1638
1314 1857
1315 1586
1315 1701
1315 1831
1315 1924
1316 1375
1316 1431
1316 1963
1317 1319
1317 1535
1317 1742
1317 1915
1320 1633
1320 1693
1320 1799
1320 1856
1321 1880
1322 1856
1323 1411
1323 1873
1324 1842
1325 1480
1325 1628
1325 1853
1326 1649
1327 1531
1327 1750
1330 1856
1331 1978
1333 1337
1333 1393
1333 1820
1333 1823
1334 1558
1334 1712
1334 1854
1335 1430
1335 1452
1335 1510
1335 1628
1335 1791
1335 1983
1336 1674
1336 1948
1337 1879
1338 1352
1338 1624
1338 1992
1339 1397
1339 1408
1339 1506
1339 1509
1339 1621
1339 1661
1339 1736
1339 1738
1339 1778
1339 1931
1340 1401
1340 1465
1340 1989
1341 1414
1341 1418
1341 1675
1342 1376
1343 1347
1343 1793
1344 1619
1344 1639
1345 1728
1345 1890
1346 1548
1346 1559
1346 1673
1347 1429
1347 1741
1347 1824
1348 1932
1349 1479
1349 1490
1349 1516
1349 1613
1350 1419
1350 1761
1350 1863
1352 1642
1353 1812
1353 1861
1353 1885
1354 1426
1354 1721
1355 1357
1355 1432
1355 1946
1356 1575
1357 1426
1357 1637
1357 1685
1358 1622
1359 1621
1360 1422
1360 1491
1360 1516
1360 1688
1360 1813
1361 1962
1362 1365
1363 1437
1363 1457
1363 1489
1363 1767
1365 1501
1367 1382
1367 1707
1368 1528
1368 1609
1368 1728
1371 1427
1371 1862
1372 1535
1372 1575
1372 1840
1373 1377
1373 1724
1373 1964
1374 1421
1375 1757
1376 1436
1376 1848
1378 1733
1378 1787
1379 1990
1380 1876
1382 1515
1382 1761
1383 1425
1383 1441
1384 1645
1386 1566
1387 1945
1388 1483
1388 1779
1390 1769
1390 1910
1391 1620
1391 1652
1391 1777
1392 1668
1392 1930
1393 1613
1394 1498
1394 1532
1396 1728
1396 1891
1397 1435
1397 1888
1398 1496
1398 1739
1398 1876
1401 1717
1402 1528
1403 1540
1403 1698
1403 1750
1404 1434
1404 1573
1404 1578
1404 1689
1405 1875
1406 1409
1406 1942
1408 1513
1408 1556
1408 1869
1409 1592
1410 1472
1410 1561
1410 1564
1412 1515
1412 1894
1412 1904
1413 1934
1414 1566
1414 1752
1414 1799
1415 1808
1415 1989
1416 1545
1416 1761
1416 1770
1416 1863
1418 1810
1419 1440
1419 1704
1419 1793
1419 1982
1420 1600
1421 1675
1421 1813
1421 1995
1422 1510
1422 1714
1422 1733
1422 1765
1422 1900
1424 1612
1424 1928
1425 1842
1426 1452
1426 1898
1427 1858
1428 1563
1430 1465
1430 1545
1430 1553
1430 1673
1431 1773
1431 1920
1431 1997
1432 1502
1432 1782
1433 1821
1434 1482
1434 1855
1434 1923
1435 1922
1435 1993
1436 1619
1436 1879
1436 1969
1437 1496
1437 1517
1438 1744
1438 1782
1439 1561
1439 1591
1441 1490
1441 1810
1441 1940
1441 1942
1441 1943
1442 1579
1442 1836
1442 1898
1443 1483
1443 1769
1443 1905
1443 1922
1444 1623
1444 1824
1444 1941
1447 1548
1447 1765
1448 1893
1449 1606
1449 1828
1450 1750
1452 1584
1452 1696
1453 1487
1453 1631
1453 1970
1454 1468
1455 1802
1455 1993
1456 1480
1457 1472
1457 1494
1457 1561
1457 1646
1459 1706
1461 1522
1461 1572
1461 1902
1461 1933
1462 1648
1462 1697
1462 1734
1463 1844
1463 1883
1463 1931
1464 1539
1464 1562
1465 1725
1466 1665
1466 1778
1467 1917
1469 1586
1469 1707
1469 1710
1472 1661
1473 1481
1473 1972
1475 1493
1475 1599
1477 1768
1478 1997
1479 1745
1479 1798
1480 1520
1480 1739
1480 1943
1481 1674
1482 1631
1482 1677
1482 1725
1483 1640
1483 1710
1483 1996
1485 1553
1485 1695
1485 1851
1486 1509
1486 1994
1487 1495
1487 1772
1487 1788
1488 1740
1490 1815
1491 1905
1492 1517
1492 1578
1492 1654
1492 1822
1493 1830
1494 1739
1494 1961
1494 1979
1495 1523
1495 1587
1496 1697
1496 1898
1496 1900
1498 1594
1498 1609
1498 1613
1498 1712
1498 1818
1498 1913
1499 1877
1500 1714
1501 1583
1502 1837
1503 1623
1503 1661
1503 1701
1503 1778
1503 1997
1504 1673
1504 1676
1504 1687
1504 1874
1505 1738
1506 1564
1507 1635
1507 1770
1507 1861
1507 1885
1508 1803
1510 1699
1511 1709
1511 1766
1511 1944
1512 1810
1513 1729
1514 2000
1517 1914
1518 1571
1519 1715
1520 1598
1522 1875
1523 1664
1524 1708
1524 1771
1524 1888
1524 1925
1527 1634
1527 1663
1527 1916
1528 1822
1529 1672
1529 1990
1529 1997
1531 1580
1532 1782
1533 1565
1533 1628
1534 1613
1534 1712
1535 1824
1535 1891
1537 1767
1537 1811
1537 1935
1538 1708
1539 1989
1540 1638
1542 1794
1543 1625
1543 1655
1543 1837
1543 1937
1546 1613
1546 1782
1546 1848
1546 1914
1548 1549
1548 1649
1548 1904
1550 1688
1550 1782
1550 1861
1554 1627
1554 1707
1554 1711
1555 1616
1555 1705
1556 1886
1558 1642
1560 1856
1561 1926
1561 1976
1562 1754
1562 1795
1563 1577
1563 1807
1563 1907
1565 1904
1566 1593
1566 1715
1568 1898
1568 1993
1569 1621
1569 1776
1570 1693
1570 2000
1573 1609
1573 1634
1573 1657
1573 1814
1574 1867
1575 1767
1575 1874
1576 1873
1577 1603
1578 1613
1578 1675
1580 1738
1581 1893
1582 1934
1584 1712
1584 1997
1585 1862
1586 1826
1586 1837
1587 1650
1587 1923
1587 1935
1588 1619
1589 1631
1589 1844
1589 1872
1589 1974
1590 1837
1590 1851
1592 1642
1592 1765
1592 1788
1592 1923
1595 1821
1595 1942
1596 1646
1597 1598
1598 1658
1598 1793
1599 1910
1600 1869
1600 1976
1601 1935
1601 1945
1603 1717
1603 1891
1603 1924
1603 1943
1604 1634
1604 1757
1605 1978
1606 1703
1607 1969
1609 1705
1611 1994
1611 1995
1612 1722
1612 1934
1613 1964
1615 1624
1616 1662
1616 1668
1616 1748
1618 1899
1622 1737
1622 1782
1622 1817
1622 1964
1623 1734
1623 1880
1624 1953
1625 1977
1626 1928
1628 1713
1629 1835
1629 1978
1632 1784
1633 1680
1633 1749
1635 1989
1636 1734
1636 1847
1637 1639
1638 1911
1639 1696
1639 1704
1639 1832
1640 1729
1640 1842
1641 1894
1642 1740
1642 1762
1642 1937
1643 1794
1643 1910
1645 1768
1645 1998
1647 1725
1647 1778
1650 1969
1651 1989
1652 1974
1653 1674
1653 1756
1654 1675
1655 1878
1656 1790
1657 1790
1658 1939
1658 1968
1659 1708
1661 1803
1662 1695
1664 1776
1664 1991
1664 1999
1665 1984
1667 1708
1668 1813
1669 1862
1671 1867
1672 1809
1672 1839
1675 1721
1676 1826
1676 1914
1676 1923
1677 1722
1677 1856
1677 1886
1677 1948
1678 1739
1678 1793
1679 1816
1679 1993
1680 1740
1680 1819
1681 1715
1681 1912
1681 1925
1681 1928
1681 1966
1683 1699
1683 1970
1684 1846
1685 1992
1687 1832
1689 1691
1690 1817
1690 1825
1691 1701
1692 1832
1695 1877
1699 1877
1699 1943
1700 1709
1700 1915
1702 1771
1702 1860
1702 1884
1703 1942
1706 1762
1706 1807
1707 1827
1712 1969
1713 1805
1713 1986
1714 1833
1717 1802
1719 1911
1720 1750
1720 1753
1720 1882
1724 1966
1725 1863
1725 1870
1726 1763
1727 1959
1728 1965
1728 1997
1729 1809
1729 1828
1732 1958
1733 1742
1734 2000
1735 1800
1735 1902
1737 1778
1737 1832
1738 1989
1739 1901
1740 1763
1741 1788
1742 1814
1745 1882
1746 1810
1747 1800
1749 1977
1754 1850
1755 1774
1755 1893
1757 1913
1757 1935
1758 1967
1758 1975
1759 1792
1759 1970
1760 1927
1761 1778
1763 1941
1764 1972
1767 1918
1767 1923
1769 1811
1769 1944
1771 1776
1772 1975
1773 1819
1774 1788
1774 1860
1777 1886
1777 1941
1778 1821
1782 1941
1786 1892
1786 1979
1787 1799
1787 1817
1788 1878
1790 1939
1791 1944
1792 1944
1795 1797
1800 1894
1804 1898
1805 1810
1805 1829
1806 1890
1808 1872
1809 1973
1811 1899
1813 1941
1814 1889
1818 1889
1820 1870
1822 1966
1824 1869
1824 1907
1834 1839
1834 1970
1835 1961
1835 1962
1838 1927
1839 1857
1853 1877
1854 1910
1854 1952
1855 1979
1862 1972
1863 1927
1864 1871
1870 1992
1872 1985
1874 1940
1875 1939
1875 1962
1876 1888
1878 1926
1881 1974
1886 1890
1887 1982
1890 1905
1890 1991
1890 2000
1901 1904
1904 1988
1906 1973
1909 1952
1912 1943
1914 1942
1916 1990
1918 1935
1921 1933
1923 1971
1925 1997
1930 1932
1931 1987
1941 1945
1949 1951
1957 1995
1961 1963
1967 1976
1973 1986
1995 1996
