2000
1 284
1 524
1 603
1 693
1 805
1 911
1 1028
1 1200
1 1456
1 1504
1 1714
2 431
2 464
2 548
2 581
2 1024
2 1171
2 1232
2 1303
2 1386
3 217
3 464
3 815
3 1153
3 1521
3 1791
4 147
4 327
4 372
4 959
4 967
4 1393
4 1572
4 1608
5 9
5 433
5 625
5 965
5 996
5 1213
5 1216
5 1567
5 1801
6 68
6 302
6 346
6 479
6 739
6 1006
6 1072
6 1109
6 1255
6 1303
6 1308
6 1332
6 1470
6 1913
6 1922
6 1975
7 93
7 227
7 566
7 1247
7 1332
7 1476
7 1763
7 1801
7 1815
7 1867
7 1909
8 108
8 158
8 249
8 1164
8 1284
8 1622
8 1807
9 57
9 257
9 636
9 714
9 899
9 1012
9 1191
9 1609
9 1830
9 1887
9 1919
10 189
10 337
10 604
10 613
10 883
10 897
10 1116
10 1233
10 1599
10 1743
10 1930
11 138
11 747
11 886
11 981
11 1231
11 1354
11 1400
11 1565
11 1604
11 1880
11 1956
11 1990
12 309
12 605
12 902
12 1184
12 1419
12 1543
12 1565
13 86
13 415
13 1000
13 1135
13 1354
13 1363
13 1604
13 1608
13 1716
14 117
14 544
14 1084
14 1167
14 1433
14 1569
14 1968
15 230
15 263
15 345
15 634
15 821
15 1359
15 1398
15 1428
15 1662
15 1707
16 229
16 1151
16 1250
16 1669
16 1806
17 52
17 790
17 936
17 1081
17 1795
17 1960
18 752
18 905
18 959
18 1133
18 1389
19 304
19 335
19 536
19 1157
19 1242
19 1638
19 1773
20 297
20 350
20 550
20 580
20 624
20 635
20 1116
20 1185
20 1216
20 1387
20 1871
20 1889
21 191
21 196
21 840
21 1323
21 1585
21 1783
22 205
22 1391
23 471
23 590
23 624
23 628
23 831
23 1077
23 1190
23 1548
23 1622
23 1728
23 1962
24 143
24 178
24 456
24 626
24 667
24 918
24 1243
24 1311
24 1594
25 38
25 86
25 248
25 455
25 564
25 593
25 907
25 946
25 975
25 1453
26 254
26 618
26 726
26 921
26 1092
27 69
27 1080
27 1195
27 1237
27 1634
27 1745
27 1912
27 1944
27 1949
27 1964
28 244
28 628
28 1161
28 1329
28 1380
28 1527
28 1590
28 1641
28 1687
28 1698
28 1992
29 661
29 869
29 1107
29 1335
29 1869
30 242
30 325
30 357
30 490
30 721
30 815
30 883
30 1160
30 1193
31 292
31 652
31 685
31 1016
31 1056
31 1058
31 1245
31 1270
31 1617
31 1646
31 1733
31 1831
32 273
32 415
32 821
32 828
32 975
32 1832
33 406
33 416
33 786
33 1123
33 1555
33 1605
33 1793
33 1849
34 226
34 532
34 582
34 920
34 1034
34 1236
34 1262
34 1450
34 1577
35 231
35 409
35 624
35 641
35 1105
35 1663
35 1884
36 405
36 710
36 986
36 1025
36 1340
36 1539
36 1678
36 1816
36 1822
36 1879
36 1907
37 532
37 832
37 1245
37 1414
37 1600
37 1658
37 1926
37 1941
38 317
38 474
38 494
38 1170
38 1446
38 1554
38 1579
38 1600
38 1734
38 1929
39 100
39 325
39 528
39 736
39 799
39 886
39 918
39 1027
39 1375
39 1414
39 1764
39 1952
40 184
40 464
40 651
40 900
40 1261
40 1693
40 1876
41 144
41 767
41 1074
41 1293
41 1737
41 1853
42 378
42 462
42 1029
42 1096
42 1097
42 1139
42 1329
42 1700
42 1839
43 78
43 267
43 269
43 622
43 1133
43 1830
44 85
44 160
44 274
44 615
44 625
44 661
44 673
44 759
44 977
44 1162
44 1245
44 1267
44 1671
45 178
45 339
45 417
45 496
45 735
45 737
45 1440
45 1948
46 71
46 136
46 178
46 249
46 474
46 729
46 809
46 1276
46 1379
46 1401
46 1875
46 1900
47 419
47 446
47 483
47 662
47 902
47 933
47 955
47 1151
47 1172
47 1173
47 1344
47 1387
47 1545
47 1653
48 148
48 321
48 333
48 475
48 555
48 558
48 765
48 854
48 1064
48 1242
48 1257
48 1468
48 1585
48 1633
48 1842
49 85
49 414
49 773
49 787
49 904
49 918
49 1444
50 454
50 531
50 1143
50 1221
50 1249
50 1481
50 1816
50 1859
50 1902
51 63
51 168
51 176
51 275
51 336
51 720
51 729
51 892
51 1076
51 1232
51 1857
52 146
52 482
52 509
52 627
52 701
52 1103
52 1224
52 1632
53 169
53 206
53 209
53 431
53 499
53 535
53 992
53 1062
53 1075
53 1575
53 1628
53 1996
54 67
54 203
54 931
54 983
54 1047
54 1074
54 1158
54 1569
55 175
55 452
55 1168
55 1222
55 1232
55 1240
55 1263
55 1476
55 1604
56 148
56 298
56 616
56 791
56 813
56 953
56 983
56 1621
56 1624
56 1664
56 1938
57 233
57 284
57 333
57 369
57 528
57 993
57 1532
58 196
58 440
58 486
58 680
58 684
58 773
58 1071
58 1765
58 1787
58 1927
59 123
59 133
59 172
59 454
59 546
59 833
59 937
59 1372
59 1499
59 1547
59 1762
59 1842
60 431
60 978
60 1083
60 1091
60 1239
60 1355
60 1436
60 1516
60 1523
60 1588
60 1715
61 459
61 919
61 1221
61 1407
61 1586
61 1907
61 1917
61 1952
62 225
62 357
62 499
62 537
62 539
62 840
62 1100
62 1510
62 1794
63 110
63 200
63 267
63 509
63 747
63 832
63 876
63 1065
63 1123
63 1224
63 1412
63 1425
63 1429
63 1821
63 1908
64 127
64 426
64 512
64 614
64 766
64 900
64 907
64 1235
64 1553
64 1616
65 619
65 643
65 662
65 759
65 883
65 1234
65 1349
65 1713
66 623
66 665
66 1266
66 1408
66 1750
66 1843
66 1864
67 473
67 720
67 829
67 1000
68 582
68 938
68 1234
68 1281
68 1673
69 98
69 174
69 284
69 504
69 923
69 1075
69 1103
69 1199
69 1671
69 1681
69 1861
70 183
70 197
70 306
70 551
70 568
70 580
70 674
70 695
70 796
70 840
70 844
70 887
70 1266
70 1476
70 1795
70 1946
71 229
71 365
71 496
71 905
71 952
71 1298
71 1478
71 1556
71 1693
71 1755
72 381
72 451
72 1692
72 1742
73 490
73 1111
73 1152
73 1222
73 1239
73 1393
73 1581
73 1595
73 1795
73 1815
73 1850
73 1867
73 1957
74 314
74 403
74 809
74 959
74 1202
74 1429
74 1570
74 1860
74 1881
75 196
75 296
75 336
75 499
75 508
75 672
75 1402
75 1422
75 1782
75 1808
75 1994
76 148
76 293
76 548
76 584
76 664
76 711
76 1150
76 1327
76 1996
77 203
77 517
77 807
77 808
77 1314
77 1388
77 1544
77 1859
77 1870
77 1953
78 315
78 526
78 559
78 1147
78 1415
78 1671
78 1683
78 1807
78 1866
79 420
79 634
79 957
79 1094
79 1193
79 1437
79 1540
79 1870
79 1996
80 136
80 345
80 504
80 1489
80 1618
81 109
81 323
81 491
81 595
81 604
81 899
81 1003
81 1118
81 1406
81 1531
81 1744
81 1755
81 1806
81 1808
81 1856
81 1982
82 130
82 340
82 348
82 519
82 520
82 548
82 745
82 852
82 1180
82 1306
82 1356
82 1358
82 1725
82 1813
82 1874
83 192
83 224
83 483
83 595
83 821
83 973
83 1088
83 1215
83 1576
83 1625
84 161
84 406
84 443
84 611
84 824
84 869
84 1075
84 1236
84 1396
84 1544
84 1573
84 1610
84 1836
85 143
85 574
85 649
85 802
85 934
85 1011
85 1068
85 1074
85 1161
85 1215
85 1361
85 1644
85 1661
85 1763
85 1998
86 371
86 417
86 1250
86 1550
86 1587
86 1625
86 1658
87 225
87 369
87 524
87 670
87 859
87 872
87 917
87 1049
87 1191
87 1366
87 1396
87 1659
87 1951
88 169
88 382
88 510
88 530
88 580
88 634
88 800
88 860
88 965
88 1055
88 1792
88 1877
89 698
89 907
89 970
89 1142
89 1250
89 1339
89 1578
89 1629
89 1765
89 1766
90 581
90 899
90 1317
91 453
91 672
91 761
91 970
91 1182
91 1219
91 1346
92 336
92 563
92 643
92 666
92 704
92 764
92 973
92 1041
92 1120
92 1429
92 1445
92 1524
92 1795
92 1807
92 1925
93 312
93 327
93 555
93 565
93 809
93 813
93 870
93 1023
93 1459
93 1725
93 1808
93 1843
94 339
94 386
94 694
94 737
94 743
94 1299
94 1317
94 1778
94 1941
95 315
95 487
95 560
95 1031
95 1077
95 1115
95 1589
95 1753
95 1828
96 430
96 457
96 678
96 733
96 1003
96 1084
96 1194
96 1272
96 1323
96 1473
96 1986
97 688
97 724
97 1005
97 1053
97 1642
98 412
98 470
98 664
98 1311
98 1754
99 142
99 204
99 217
99 261
99 336
99 1044
99 1113
99 1547
99 1561
99 1695
99 1698
99 1829
100 1132
100 1136
100 1401
100 1496
100 1584
100 1618
100 1968
101 695
101 943
101 993
101 1102
101 1129
102 461
102 583
102 748
102 900
102 1134
102 1225
102 1493
103 112
103 290
103 325
103 465
103 1026
103 1545
104 203
104 221
104 232
104 237
104 327
104 398
104 478
104 607
104 1420
104 1466
104 1646
104 1956
105 127
105 195
105 313
105 341
105 506
105 659
105 716
105 755
105 1134
105 1460
105 1536
105 1660
105 1916
106 262
106 301
106 304
106 465
106 578
106 686
106 703
106 964
106 967
106 1042
106 1129
106 1466
106 1680
106 1855
106 1871
106 1938
107 231
107 342
107 437
107 1021
107 1250
107 1334
107 1568
107 1700
107 1903
107 1971
108 228
108 282
108 352
108 373
108 844
108 1055
108 1677
109 132
109 365
109 574
109 593
109 903
109 1105
109 1382
109 1650
109 1789
109 1794
110 142
110 266
110 321
110 576
110 614
110 695
110 1843
110 1850
111 736
111 786
111 918
111 942
111 1141
111 1145
111 1436
111 1461
111 1490
111 1578
112 132
112 338
112 493
112 633
112 729
112 1164
112 1597
112 1771
113 179
113 422
113 435
113 570
113 769
113 1089
113 1092
113 1131
113 1177
113 1442
113 1463
113 1498
113 1611
113 1863
114 616
114 789
114 1113
114 1530
114 1639
114 1641
114 1868
115 479
115 495
115 867
115 1015
115 1453
115 1545
115 1746
115 1798
116 275
116 611
116 740
116 774
116 819
116 840
116 1294
116 1335
116 1487
116 1887
117 136
117 192
117 487
117 513
117 801
117 861
117 920
117 1022
117 1262
117 1323
117 1457
117 1502
117 1580
117 1675
117 1712
117 1775
117 1918
118 251
118 349
118 675
118 775
118 962
118 1275
118 1909
118 1972
119 646
119 893
119 978
119 1715
119 1729
120 158
120 319
120 365
120 670
120 772
120 777
120 1171
120 1490
120 1743
120 1809
120 1894
121 146
121 339
121 542
121 546
121 575
121 588
121 643
121 829
121 934
121 1386
121 1636
121 1807
121 1929
122 154
122 157
122 585
122 705
122 746
122 928
122 1142
122 1199
122 1435
122 1572
122 1740
122 1997
123 679
123 1421
123 1497
123 1607
123 1672
123 1830
123 1857
124 337
124 886
124 1050
124 1251
124 1374
124 1395
124 1760
124 1829
124 1849
124 1901
125 304
125 353
125 464
125 708
125 836
125 1003
125 1357
125 1417
125 1437
125 1523
125 1653
125 1982
126 443
126 523
126 837
126 891
126 940
126 1166
126 1196
126 1210
126 1510
126 1637
126 1674
126 1923
126 1955
127 173
127 269
127 560
127 745
127 807
127 1190
127 1328
127 1344
127 1799
127 1805
128 147
128 803
128 1324
128 1478
128 1557
128 1677
128 1695
128 1988
128 1990
129 453
129 523
129 587
129 681
129 722
129 795
129 842
129 923
129 1445
129 1678
129 1798
129 1955
130 223
130 596
130 674
130 824
130 958
130 1034
130 1170
130 1190
130 1395
131 703
131 707
131 813
131 964
131 1354
131 1516
131 1542
131 1735
131 1810
132 344
132 917
132 937
132 1105
132 1273
132 1711
132 1896
132 1913
132 1919
132 1964
133 612
133 1119
133 1172
133 1676
133 1732
133 1763
133 1794
134 163
134 237
134 466
134 523
134 692
134 1030
134 1195
134 1654
134 1710
135 201
135 489
135 969
135 1133
135 1260
135 1521
135 1610
135 1622
135 1710
135 1873
136 182
136 479
136 1325
136 1405
136 1721
136 1935
137 186
137 266
137 438
137 571
137 741
137 1057
137 1279
137 1733
137 1835
137 1900
137 1993
138 236
138 316
138 458
138 548
138 563
138 673
138 726
138 1008
138 1743
139 368
139 638
139 790
139 899
139 932
139 1136
139 1243
139 1597
139 1619
139 1889
140 214
140 712
140 937
140 1240
140 1367
140 1552
140 1573
141 416
141 534
141 834
141 853
141 968
141 1070
141 1200
141 1347
141 1806
142 220
142 306
142 946
142 991
142 1035
142 1321
142 1384
142 1545
142 1908
143 252
143 293
143 308
143 740
143 847
143 922
143 1499
143 1531
143 1816
143 1881
144 560
144 575
144 713
144 1032
144 1648
144 1907
145 359
145 549
145 1225
145 1440
145 1718
145 1976
146 195
146 261
146 295
146 1153
146 1353
146 1723
146 1749
146 1752
146 1832
147 186
147 810
147 1030
147 1232
147 1622
147 1770
147 1945
147 1958
148 395
148 452
148 503
148 716
148 840
148 1031
148 1335
148 1676
148 1779
148 1874
149 200
149 658
149 705
149 738
149 859
149 1185
149 1276
149 1526
149 1661
150 265
150 518
150 539
150 552
150 1357
150 1379
150 1605
150 1720
150 1813
151 488
151 630
151 910
151 942
151 1062
151 1106
151 1439
151 1605
151 1724
151 1798
152 375
152 844
152 1789
152 1900
153 175
153 249
153 328
153 582
153 1523
153 1591
153 1729
153 1934
153 1946
154 163
154 190
154 191
154 200
154 280
154 302
154 334
154 636
154 731
154 766
154 1042
154 1217
154 1486
154 1579
154 1654
154 1838
154 1925
155 169
155 532
155 1006
155 1311
155 1490
155 1854
155 1985
156 165
156 193
156 388
156 518
156 703
156 771
156 855
156 982
156 1079
156 1641
157 433
157 447
157 1244
157 1316
157 1499
157 1794
158 185
158 435
158 472
158 521
158 790
158 860
158 1226
158 1260
158 1340
158 1489
158 1667
158 1676
158 1739
159 530
159 623
159 643
159 880
159 899
159 955
159 1019
159 1284
159 1525
159 1618
160 508
160 622
160 643
160 723
160 725
160 908
160 1012
160 1877
160 1958
161 438
161 458
161 579
161 590
161 941
161 1050
161 1086
161 1197
161 1414
161 1486
161 1552
162 552
162 888
162 1016
162 1107
162 1123
162 1148
162 1392
162 1456
162 1468
162 1580
162 1618
162 1775
162 1911
163 378
163 618
163 647
163 676
163 870
163 958
163 1260
163 1288
163 1326
163 1352
163 1406
163 1564
163 1940
163 1944
164 663
164 733
164 810
164 1013
164 1151
164 1186
164 1605
164 1951
165 195
165 199
165 313
165 345
165 373
165 589
165 906
165 919
165 1304
165 1981
166 246
166 496
166 583
166 677
166 841
166 857
166 973
166 1101
166 1140
166 1229
166 1295
166 1687
166 1919
167 485
167 1328
167 1430
168 180
168 207
168 462
168 1121
168 1592
168 1903
169 213
169 226
169 520
169 543
169 615
169 807
169 973
169 1592
169 1800
170 237
170 732
170 1037
170 1046
170 1080
170 1237
170 1444
170 1458
170 1520
170 1568
170 1630
171 848
171 852
171 879
171 1112
171 1250
171 1344
171 1377
171 1449
171 1669
171 1816
172 330
172 447
172 512
172 795
172 827
172 1349
172 1388
172 1790
172 1999
173 321
173 660
173 1052
173 1383
173 1693
174 222
174 375
174 390
174 946
174 971
174 974
174 1161
174 1220
174 1299
174 1500
174 1675
175 253
175 434
175 526
175 1054
175 1485
175 1839
176 334
176 814
176 881
176 903
176 1027
176 1226
176 1574
176 1841
176 1860
177 239
177 320
177 457
177 622
177 976
177 1105
177 1245
177 1479
178 223
178 328
178 369
178 480
178 710
178 816
178 893
178 904
178 982
178 1036
178 1438
178 1443
178 1697
178 1987
179 389
179 511
179 1170
179 1311
179 1751
179 1818
179 1953
180 299
180 353
180 1267
180 1476
180 1502
180 1868
181 542
181 917
181 1200
181 1223
181 1427
181 1481
181 1615
181 1665
181 1726
181 1885
181 1973
182 523
182 639
182 723
183 185
183 578
183 706
183 1308
183 1368
183 1448
184 345
184 585
184 667
184 906
184 936
184 1144
184 1331
184 1336
184 1486
184 1519
184 1731
185 295
185 555
185 1008
185 1165
185 1203
185 1721
185 1876
186 373
186 642
186 1041
186 1299
186 1596
186 1653
187 193
187 287
187 314
187 455
187 718
187 727
187 776
187 875
187 915
187 1216
187 1352
187 1390
187 1542
188 250
188 394
188 407
188 990
188 1491
188 1587
188 1882
189 210
189 513
189 881
189 971
189 1130
189 1163
189 1667
190 283
190 423
190 489
190 650
190 875
190 1199
190 1311
190 1544
190 1763
190 1923
190 1976
190 2000
191 545
191 602
191 797
191 935
191 1004
191 1596
191 1850
191 1990
192 197
192 277
192 306
192 605
192 898
192 973
192 1251
192 1318
192 1332
192 1339
192 1592
192 1600
192 1781
192 1977
193 397
193 457
193 580
193 812
193 1062
193 1205
193 1251
193 1356
193 1369
193 1451
193 1928
194 322
194 492
194 614
194 648
194 891
194 1188
194 1253
194 1752
194 1783
195 228
195 239
195 514
195 900
195 934
195 1189
195 1191
195 1735
195 1865
196 967
196 1001
196 1011
196 1303
196 1677
196 1878
196 1972
197 344
197 506
197 515
197 623
197 716
197 1302
197 1329
197 1350
197 1508
197 1888
197 1928
198 893
198 1389
199 426
199 435
199 629
199 869
199 973
199 987
199 1218
199 1542
200 212
200 249
200 347
200 578
200 941
200 1111
200 1385
200 1392
200 1428
200 1813
200 1986
201 212
201 486
201 714
201 760
201 915
201 1334
201 1443
201 1503
202 230
202 276
202 330
202 345
202 364
202 390
202 763
202 802
202 927
202 1067
202 1305
202 1950
203 375
203 431
203 671
203 1364
203 1495
203 1505
203 1607
203 1623
203 1681
203 1748
204 363
204 1273
205 264
205 380
205 413
205 529
205 540
205 682
205 824
205 831
205 895
205 1087
205 1202
205 1208
205 1324
205 1381
205 1701
205 1817
206 431
206 554
206 703
206 1075
206 1123
206 1274
206 1289
206 1402
206 1509
206 1771
207 220
207 300
207 577
207 755
207 762
207 1321
207 1333
207 1495
207 1577
207 1613
207 1667
207 1703
207 1780
207 1829
208 258
208 482
208 568
208 684
208 913
208 949
208 1233
208 1332
208 1607
208 1870
209 471
209 529
209 659
209 667
209 928
209 1618
209 1950
209 1951
210 241
210 294
210 860
210 918
210 988
210 1486
210 1493
210 1607
210 1647
210 1691
210 1717
211 346
211 413
211 532
211 569
211 622
211 947
211 956
211 1401
211 1477
211 1620
211 1757
211 1884
211 1897
212 466
212 692
212 769
212 1248
212 1275
212 1415
212 1553
212 1600
212 1612
212 1882
213 966
213 1025
213 1192
213 1588
213 1589
213 1659
213 1793
213 1800
213 1872
213 1944
213 1981
214 258
214 370
214 417
214 603
214 721
214 952
214 975
214 1709
214 1774
214 1909
215 219
215 286
215 381
215 505
215 620
215 1047
215 1460
215 1562
215 1693
215 1734
216 733
216 1201
216 1504
216 1845
216 1912
216 1937
216 1944
216 1968
217 500
217 911
217 922
217 1446
218 453
218 1006
218 1079
218 1239
218 1284
218 1458
218 1772
218 1953
218 1978
219 1951
219 1999
220 607
220 683
220 846
220 906
220 958
220 1022
220 1127
220 1433
220 1461
220 1529
221 277
221 696
221 730
221 1187
221 1513
221 1935
222 374
222 663
222 897
222 920
222 945
222 1353
222 1511
222 1515
222 1770
223 353
223 496
223 547
223 686
223 869
223 1417
224 348
224 553
224 577
224 815
224 1067
224 1140
224 1181
224 1189
224 1399
224 1560
224 1786
224 1954
225 337
225 380
225 678
225 703
225 769
225 1158
225 1442
225 1786
225 1794
226 302
226 534
226 575
226 916
226 1096
226 1118
226 1406
226 1412
226 1935
226 1951
227 232
227 238
227 263
227 275
227 369
227 462
227 1855
227 1917
228 289
228 370
228 418
228 438
228 573
228 770
228 900
228 990
228 1264
228 1307
228 1522
228 1603
228 1682
228 1777
228 1838
229 372
229 468
229 484
229 485
229 543
229 884
229 888
229 1219
229 1865
229 1891
230 342
230 385
230 597
230 659
230 829
230 889
230 926
230 1171
230 1466
230 1530
230 1588
231 448
231 555
231 657
231 723
231 761
231 1043
231 1055
231 1405
231 1697
232 367
232 568
232 706
232 1027
232 1065
232 1416
232 1671
232 1809
232 1882
233 309
233 314
233 520
233 750
233 790
233 885
233 1057
233 1369
233 1566
233 1595
233 1762
234 237
234 270
234 381
234 952
234 982
234 1108
234 1144
234 1337
234 1382
234 1489
234 1701
234 1923
234 1927
235 634
235 1046
235 1269
235 1333
235 1368
235 1565
235 1622
235 1723
235 1759
235 1910
236 289
236 531
236 611
236 1093
236 1528
236 1866
236 1867
237 585
237 689
237 952
237 1836
237 1860
238 321
238 664
238 765
238 1124
238 1127
238 1156
238 1396
238 1464
238 1647
238 1998
239 279
239 439
239 776
239 964
239 1424
239 1447
239 1608
239 1760
240 285
240 446
240 467
240 536
240 595
240 722
240 803
240 972
240 976
240 1344
240 1366
240 1945
240 1952
241 261
241 289
241 315
241 635
241 710
241 989
241 1124
242 261
242 274
242 1119
242 1274
242 1549
242 1886
242 1888
243 361
243 369
243 528
243 699
243 768
243 818
243 842
243 857
243 1008
243 1063
243 1340
243 1646
243 1744
244 911
244 978
244 1290
244 1400
244 1431
244 1478
244 1930
245 412
245 414
245 463
245 501
245 572
245 619
245 696
245 716
245 1648
245 1792
245 1864
245 1978
246 294
246 649
246 1045
246 1293
246 1893
247 385
247 409
247 536
247 552
247 581
247 627
247 661
247 731
247 768
247 962
247 1393
247 1421
247 1453
247 1465
247 1703
247 2000
248 556
248 565
248 572
248 875
248 1522
249 354
249 481
249 593
249 795
249 825
249 1061
249 1207
249 1369
249 1536
249 1577
249 1689
250 283
250 487
250 526
250 1180
250 1210
250 1247
250 1352
251 307
251 668
251 695
251 830
251 836
251 1008
251 1022
251 1120
251 1343
251 1428
251 1457
251 1536
252 1159
252 1194
252 1201
252 1730
253 476
253 479
253 738
253 750
253 865
253 885
253 1022
253 1125
253 1392
253 1420
253 1456
253 1591
254 523
254 823
254 857
254 872
254 918
254 1200
254 1356
254 1974
255 287
255 330
255 396
255 446
255 826
255 872
255 909
255 1008
255 1132
255 1202
255 1422
255 1469
256 358
256 452
256 668
256 892
256 923
256 1003
256 1138
256 1447
256 1582
256 1695
256 1765
257 433
257 479
257 483
257 1000
257 1274
257 1288
257 1439
257 1484
257 1560
257 1602
257 1941
258 367
258 689
258 955
258 970
258 1072
258 1293
258 1478
258 1556
259 548
259 658
259 1055
259 1255
259 1465
259 1475
259 1508
259 1683
259 1934
260 852
260 987
260 1075
260 1180
260 1181
260 1201
260 1265
260 1268
260 1464
261 334
261 384
261 454
261 538
261 559
261 734
261 1264
261 1451
261 1533
261 1670
262 330
262 592
262 1013
262 1891
263 371
263 376
263 417
263 505
263 563
263 919
263 1911
264 793
264 948
264 1042
264 1197
264 1204
264 1373
264 1488
264 1490
264 1664
264 1700
265 280
265 457
265 543
265 891
265 902
265 944
265 1026
265 1047
265 1079
265 1119
265 1531
265 1540
265 1887
266 556
266 600
266 942
266 1041
266 1357
266 1450
266 1462
267 345
267 573
267 1465
267 1476
267 1705
267 1883
267 1935
268 536
268 698
268 893
268 1056
268 1179
268 1195
268 1338
268 1386
268 1524
268 1666
268 1807
268 1915
268 1998
269 305
269 562
269 584
269 896
269 1705
269 1776
269 1827
269 1852
269 1982
270 350
270 375
270 382
270 779
270 810
270 858
270 1044
270 1393
270 1719
270 1934
271 489
271 1149
271 1306
271 1758
271 1759
272 599
272 601
272 731
272 746
272 765
272 917
272 1255
272 1316
272 1737
273 346
273 386
273 490
273 693
273 878
273 1235
273 1298
273 1465
273 1638
273 1952
273 1968
274 308
274 326
274 635
274 1511
274 1809
275 383
275 1121
275 1160
275 1384
275 1504
275 1571
275 1638
276 370
276 451
276 600
276 757
276 1069
276 1159
276 1528
276 1579
276 1628
276 1752
277 1159
277 1472
277 1664
278 459
278 471
278 482
278 1396
278 1421
278 1937
279 616
279 1206
279 1337
279 1818
279 1832
280 365
280 522
280 642
280 1012
280 1134
280 1299
280 1791
280 1824
281 308
281 548
281 734
281 782
281 932
281 1080
281 1288
281 1463
281 1558
282 666
282 955
282 1095
282 1126
282 1175
282 1218
283 298
283 742
283 767
283 774
283 892
283 975
283 1158
283 1481
283 1546
284 286
284 638
284 742
284 896
284 1088
284 1319
284 1481
284 1745
284 1770
285 446
285 528
285 573
285 792
285 855
285 1092
285 1142
285 1350
285 1398
285 1545
285 1848
285 1974
286 323
286 421
286 548
286 764
286 872
286 1874
287 575
287 867
287 873
287 913
287 1432
287 1991
288 386
288 664
288 1400
288 1489
288 1620
289 313
289 530
289 736
289 1182
289 1222
289 1530
289 1772
289 1941
290 389
290 465
290 635
290 649
290 683
290 760
290 1060
290 1233
290 1397
290 1836
291 499
291 508
291 804
291 1291
291 1332
291 1385
291 1669
291 1709
291 1853
291 1904
292 650
292 1179
292 1335
292 1778
293 369
293 429
293 549
293 977
293 1086
293 1515
293 1668
293 1779
293 1981
294 299
294 606
294 1227
294 1228
294 1309
294 1324
294 1617
294 1671
294 1877
294 1879
295 348
295 467
295 1317
295 1325
295 1438
295 1727
295 1865
296 436
296 565
296 1181
296 1369
296 1841
296 1919
297 623
297 812
297 981
297 1119
297 1755
298 497
298 530
298 565
298 704
298 800
298 824
298 859
298 1324
298 1689
298 1714
298 1864
298 1925
299 650
299 1163
299 1283
299 1435
299 1705
299 1715
299 1843
300 642
300 717
300 873
300 911
300 969
300 995
300 1130
300 1215
300 1291
300 1352
300 1432
300 1592
300 1623
300 1940
301 332
301 569
301 786
301 1054
301 1065
301 1180
301 1779
302 461
302 690
302 834
302 898
302 1706
302 1739
303 383
303 479
303 505
303 569
303 674
303 976
303 1024
303 1665
303 1838
304 356
304 488
304 524
304 582
304 846
304 1124
304 1241
304 1984
305 1172
305 1433
305 1696
305 1975
306 368
306 996
306 1285
306 1372
306 1413
306 1442
306 1498
306 1872
306 1885
307 356
307 687
307 695
307 740
307 875
307 969
307 1006
307 1093
307 1342
307 1664
308 534
308 617
308 916
308 1015
308 1230
308 1409
309 407
309 483
309 799
309 913
309 949
309 950
309 1324
309 1551
309 1841
310 555
310 659
310 1221
311 505
311 705
311 725
311 909
311 1141
311 1208
311 1345
311 1460
312 399
312 530
312 589
312 812
312 867
312 1084
312 1262
312 1526
312 1561
312 1836
313 453
313 853
313 972
313 984
313 1422
313 1500
313 1641
313 1904
314 787
314 914
314 1320
314 1495
314 1550
314 1563
314 1885
315 757
315 932
315 1237
315 1397
315 1659
315 1901
316 327
316 510
316 686
316 1275
316 1446
316 1854
316 1872
316 1941
317 432
317 510
317 655
317 1028
317 1380
317 1464
317 1485
317 1753
317 1830
317 1866
317 1872
318 355
318 808
318 854
318 868
318 1029
318 1366
318 1371
318 1555
318 1600
318 1763
318 1947
319 432
319 635
319 696
319 823
319 941
319 1014
319 1385
319 1778
319 1930
319 1942
319 1958
320 334
320 806
320 1202
320 1311
320 1818
321 466
321 583
321 753
321 763
321 770
321 939
321 964
321 1317
321 1659
321 1669
321 1766
322 363
322 541
322 548
322 688
322 820
322 892
322 1067
322 1074
322 1236
322 1306
322 1495
322 1631
322 1906
322 1941
323 435
323 644
323 700
323 1331
323 1384
323 1440
323 1589
323 1923
324 595
324 877
324 1342
324 1582
324 1673
325 361
325 490
325 635
325 756
325 759
325 1073
325 1097
325 1347
325 1943
326 398
326 582
326 764
326 869
326 1163
326 1392
326 1447
326 1541
326 1719
326 1907
326 1954
327 348
327 442
327 535
327 553
327 565
327 643
327 785
327 1068
327 1284
327 1578
327 1808
328 494
328 588
328 847
328 1211
328 1267
328 1604
328 1728
328 1753
329 413
329 483
329 600
329 719
329 941
329 968
329 1059
329 1071
329 1076
329 1427
329 1539
329 1687
329 1884
330 1051
330 1094
330 1233
330 1443
330 1769
330 1785
330 1847
330 1888
330 1906
330 1994
331 492
331 514
331 544
331 702
331 710
331 863
331 894
331 928
331 1081
331 1372
331 1481
331 1542
331 1718
331 1765
332 703
332 883
332 1597
333 557
333 571
333 1224
333 1252
333 1446
333 1487
333 1667
333 1771
334 552
334 1738
334 1986
335 1420
335 1566
336 373
336 426
336 508
336 699
336 764
336 1152
336 1827
336 1953
337 484
337 558
337 562
337 583
337 664
337 700
337 851
337 1029
337 1135
337 1473
337 1524
337 1608
337 1851
338 382
338 434
338 778
338 876
338 910
338 1050
338 1080
338 1124
338 1164
338 1194
338 1244
338 1294
338 1857
338 1971
339 1065
339 1190
339 1401
339 1410
339 1426
339 1438
339 1600
339 1629
339 1859
339 1923
339 1985
340 472
340 688
340 1089
340 1150
340 1243
340 1301
340 1677
340 1724
340 1782
341 734
341 814
341 910
341 1106
341 1251
341 1541
341 1547
341 1679
341 1757
342 617
342 686
342 913
342 918
342 1805
342 1806
343 367
343 510
343 936
343 946
343 989
343 1306
343 1527
343 1718
343 1889
343 1951
343 1966
344 401
344 486
344 488
344 558
344 658
344 918
344 1095
344 1107
344 1208
344 1462
344 1806
345 416
345 575
345 688
345 771
345 818
345 891
345 1210
345 1264
345 1456
345 1457
345 1712
345 1913
346 432
346 541
346 576
346 653
346 1251
346 1292
346 1799
346 1816
346 1866
346 1987
347 479
347 551
347 1508
347 1706
347 1765
347 1873
347 1966
348 761
348 781
348 1322
348 1536
348 1943
348 1945
349 783
349 869
349 1224
349 1304
350 466
350 677
350 736
350 785
350 903
350 1132
350 1712
351 1351
351 1457
351 1632
351 1717
352 532
352 606
352 618
352 801
352 1028
352 1103
352 1189
352 1209
352 1264
352 1374
352 1670
352 1696
353 458
353 595
353 813
353 817
353 1394
353 1468
353 1788
353 1842
354 526
354 635
354 835
354 1180
354 1255
354 1270
355 472
355 515
355 541
355 641
355 828
355 1157
355 1417
355 1454
355 1609
356 402
356 472
356 1328
356 1875
356 1950
356 1990
357 606
357 730
357 969
357 1058
357 1126
357 1194
357 1475
358 607
358 649
358 984
358 1209
358 1293
358 1319
358 1388
358 1512
358 1586
358 1765
358 1871
358 1993
359 858
359 948
359 1783
360 500
360 506
360 826
360 874
360 900
360 1200
360 1245
360 1258
360 1266
360 1334
360 1467
360 1559
360 1867
361 538
361 643
361 684
361 788
361 931
361 1588
361 1641
362 415
362 706
362 1147
362 1447
362 1501
362 1509
362 1617
362 1695
362 1762
362 1894
363 466
363 567
363 1123
363 1293
363 1331
363 1433
363 1515
363 1551
364 381
364 731
364 1289
364 1871
365 603
365 634
365 877
365 1279
365 1387
365 1453
366 376
366 443
366 466
366 559
366 1157
366 1572
366 1631
366 1670
366 1835
366 1926
367 393
367 641
367 730
367 765
367 833
367 879
367 1117
367 1175
367 1987
368 424
368 540
368 752
368 936
368 1000
368 1276
368 1497
368 1670
369 645
369 757
369 829
369 831
369 863
369 913
369 1176
369 1236
369 1338
369 1557
369 1687
369 1713
369 1890
370 687
370 1185
370 1638
370 1671
370 1705
370 1924
371 415
371 620
371 1017
371 1313
371 1612
371 1743
371 1832
372 485
372 516
372 597
372 792
372 805
372 857
372 885
372 1146
372 1391
372 1657
372 1664
372 1717
373 485
373 768
373 804
373 858
373 903
373 1078
373 1164
373 1369
373 1839
374 857
374 888
374 939
374 953
374 1310
374 1322
374 1406
374 1579
374 1757
374 1814
374 1931
375 536
375 619
375 712
375 896
375 1383
375 1934
376 424
376 876
376 1148
376 1205
376 1670
376 1902
376 1920
377 434
377 473
377 746
377 1158
377 1514
377 1535
377 1711
377 1963
378 423
378 486
378 663
378 697
378 930
378 1063
378 1096
378 1199
378 1357
378 1486
378 1611
378 1703
378 1742
378 1996
379 1213
379 1227
379 1320
379 1593
379 1612
380 392
380 546
380 939
380 1184
380 1333
380 1745
380 1864
381 514
381 820
381 1029
381 1144
381 1195
381 1220
381 1413
381 1464
381 1596
381 1832
381 1983
382 1066
382 1383
382 1625
382 1919
383 467
383 904
383 979
383 1054
383 1153
383 1253
383 1625
383 1754
383 1955
383 1962
384 433
384 547
384 728
384 1044
384 1251
384 1712
384 1966
385 577
385 777
385 1139
385 1314
385 1371
385 1384
385 1391
385 1476
385 1855
385 1911
386 410
386 1195
386 1280
386 1309
387 610
387 779
387 816
387 1033
387 1259
387 1421
387 1541
387 1635
387 1754
387 1821
388 542
388 785
388 1059
388 1307
388 1852
389 588
389 596
389 879
389 982
389 1247
389 1343
389 1391
389 1566
389 1795
389 1799
390 442
390 486
390 554
390 1000
390 1170
390 1202
390 1302
390 1374
390 1766
390 1800
390 1979
390 1994
391 451
391 636
391 1050
391 1526
391 1749
392 643
392 807
392 834
392 1007
392 1358
392 1498
392 1637
392 1843
392 1941
393 420
393 463
393 542
393 747
393 875
393 1046
393 1079
393 1314
393 1417
394 398
394 857
394 877
394 1040
394 1419
394 1420
394 1422
394 1472
394 1654
394 1758
394 1925
395 664
395 812
395 1393
395 1480
395 1637
395 1678
396 535
396 680
396 1133
396 1193
396 1260
396 1298
397 575
397 1104
397 1128
397 1265
397 1396
397 1469
397 1751
397 1999
398 451
398 814
398 865
398 987
398 1079
398 1115
398 1148
398 1369
398 1417
398 1653
398 1735
398 1750
399 525
399 848
399 889
399 1139
399 1233
399 1562
399 1647
400 680
400 694
400 1272
400 1276
400 1848
400 1889
401 696
401 776
401 800
401 878
401 899
401 996
401 1154
401 1254
401 1421
401 1532
401 1555
401 1556
401 1848
401 1852
402 410
402 466
402 848
402 929
402 1171
402 1437
402 1455
402 1801
402 1823
403 459
403 764
403 770
403 795
403 1026
403 1054
403 1385
403 1389
403 1701
403 1832
404 519
404 1022
404 1062
404 1136
404 1323
404 1365
404 1407
405 464
406 522
406 537
406 925
406 1192
406 1198
406 1276
406 1632
407 898
407 1185
407 1335
407 1476
407 1618
407 1739
408 482
408 564
408 791
408 852
408 1206
408 1525
408 1657
408 1770
408 1808
408 1882
409 529
409 654
409 944
409 1301
409 1340
409 1449
409 1452
409 1798
409 1865
410 498
410 513
410 629
410 777
410 780
410 1351
410 1434
410 1653
410 1798
410 1891
411 997
411 1045
411 1110
411 1390
411 1650
411 2000
412 550
412 556
412 967
412 1584
412 1636
412 1980
413 449
413 511
413 648
413 719
413 994
413 1011
413 1050
413 1334
413 1388
413 1472
413 1755
414 698
414 793
414 1296
414 1376
414 1677
414 1684
414 1763
414 1937
415 673
415 792
415 866
415 904
415 911
415 922
415 1258
415 1570
415 1904
415 1971
415 1988
416 607
416 747
416 963
416 1539
416 1910
416 1925
416 1936
417 445
417 469
417 543
417 606
417 612
417 751
417 1039
417 1104
417 1262
417 1443
417 1702
417 1721
417 1783
417 1795
417 1995
418 564
418 652
418 690
418 919
418 938
418 1450
418 1463
418 1573
418 1740
418 1831
419 698
419 936
419 962
419 992
419 1019
419 1287
419 1314
419 1355
419 1424
419 1465
419 1740
419 1853
419 1884
420 443
420 658
420 846
420 1102
420 1444
420 1470
420 1672
420 1788
420 1831
420 1858
420 1980
421 546
421 774
421 799
421 974
421 1501
422 432
422 504
422 864
422 886
422 926
422 1310
422 1408
422 1700
422 1995
423 755
423 825
423 850
423 1062
423 1092
423 1156
423 1253
423 1290
423 1568
423 1653
423 1699
423 1805
423 1852
423 1901
423 1957
424 566
424 574
424 691
424 716
424 843
424 946
424 1109
424 1126
424 1567
424 1674
425 713
425 757
425 759
425 864
425 1014
425 1645
425 1942
426 535
426 652
426 990
426 1104
426 1352
426 1353
426 1416
426 1513
427 800
427 1390
427 1491
427 1553
427 1630
427 1729
428 829
428 907
428 987
428 993
428 1206
428 1674
428 1798
428 1835
428 1873
428 1897
429 751
429 915
429 1025
429 1290
429 1336
429 1492
429 1544
430 680
430 984
430 1729
430 1871
430 1898
431 566
431 1031
431 1253
431 1456
431 1500
431 1527
431 1579
431 1635
431 1796
431 1818
432 563
432 765
432 870
432 1393
432 1409
432 1502
432 1808
432 1882
433 767
433 840
433 1206
433 1424
433 1792
433 1948
434 1022
434 1369
434 1501
434 1569
434 1705
435 451
435 609
435 865
435 1249
435 1599
435 1648
435 1959
436 959
436 1172
436 1518
436 1625
436 1671
436 1865
437 626
437 709
437 1100
437 1453
437 1820
438 461
438 648
438 762
438 796
438 926
438 1228
438 1414
438 1504
438 1512
439 532
439 734
439 766
439 976
439 1234
439 1316
439 1383
439 1424
439 1830
439 1880
439 1948
439 1978
439 1986
440 1518
440 1684
441 590
441 663
441 857
441 1597
442 826
442 868
442 875
442 1013
442 1025
442 1066
442 1753
442 1991
442 2000
443 695
443 860
443 978
443 1404
443 1642
443 1776
443 1871
444 663
444 1026
444 1203
444 1427
444 1630
444 1682
444 1690
444 1764
444 1770
445 532
445 897
445 981
445 1122
445 1261
445 1320
445 1493
445 1649
445 1686
445 1733
446 522
446 677
446 1336
446 1917
447 772
447 913
447 1027
447 1061
447 1266
447 1873
448 959
448 1058
448 1422
448 1608
449 788
449 820
449 1103
449 1204
449 1304
449 1605
449 1876
450 518
450 538
450 737
450 838
450 904
450 990
450 1627
450 1928
451 463
451 682
451 787
451 1046
451 1244
451 1562
451 1702
452 522
452 558
452 904
452 991
452 1137
452 1407
452 1425
452 1501
452 1543
452 1578
452 1580
452 1898
453 562
453 620
453 848
453 892
453 927
453 940
453 1188
453 1276
453 1301
453 1307
453 1674
453 1700
453 1819
453 1943
454 500
454 510
454 643
454 1006
454 1187
454 1434
454 1495
454 1659
454 1833
454 1850
454 1900
454 1987
454 1988
455 540
455 633
455 757
455 1231
455 1252
455 1484
455 1511
455 1789
455 1950
456 897
456 1073
456 1217
456 1674
457 1207
457 1505
457 1538
457 1568
457 1769
457 1919
457 1954
458 1291
458 1520
459 629
459 680
459 693
459 840
459 1120
459 1141
459 1263
459 1411
459 1426
459 1701
459 1752
459 1772
460 596
460 597
460 668
460 869
460 1063
460 1107
460 1164
460 1208
460 1240
460 1342
460 1502
460 1671
460 1777
460 1940
460 2000
461 587
461 701
461 916
461 1173
461 1188
461 1250
461 1314
461 1576
461 1583
462 534
462 686
462 695
462 792
462 887
462 1144
462 1160
462 1304
462 1424
462 1488
462 1679
462 1913
462 1919
462 1948
463 654
463 857
463 1219
463 1243
463 1402
463 1459
463 1501
464 785
464 1100
465 586
465 591
465 665
465 944
465 952
465 999
465 1275
465 1297
465 1450
465 1797
465 1949
466 541
466 583
466 635
466 797
466 1108
466 1135
466 1207
466 1358
466 1361
466 1553
466 1670
466 1873
466 1903
467 616
467 924
467 980
467 1326
467 1776
467 1791
467 1825
467 1942
468 497
468 795
468 1275
468 1278
468 1835
468 1880
469 498
469 1161
469 1258
469 1297
469 1469
470 672
470 809
470 814
470 844
470 1173
470 1315
471 625
471 888
471 980
471 1616
471 1700
471 1746
472 926
472 991
472 1030
472 1206
472 1264
472 1293
472 1364
472 1369
472 1398
472 1448
472 1471
472 1840
473 493
473 538
473 586
473 865
473 1197
473 1582
473 1587
473 1634
473 1732
474 555
474 654
474 686
474 1128
474 1159
474 1257
474 1277
474 1795
475 561
475 609
475 917
475 1327
475 1692
475 1878
476 606
476 699
476 1081
476 1131
476 1562
476 1642
476 1648
476 1704
476 1821
476 1832
476 1878
477 665
477 1154
477 1164
477 1300
477 1311
478 577
478 703
478 778
478 920
478 1167
478 1266
478 1525
478 1946
478 1978
479 687
479 903
479 1577
479 1587
479 1613
480 646
480 684
480 729
480 999
480 1018
480 1221
480 1316
480 1408
481 508
481 521
481 664
481 759
481 1067
481 1300
481 1677
482 522
482 545
482 619
482 910
482 944
482 949
482 1188
482 1244
482 1313
482 1567
482 1926
483 814
483 957
483 1037
483 1046
483 1052
483 1081
483 1232
483 1494
483 1657
483 1807
483 1983
484 540
484 573
484 1043
484 1366
484 1818
485 508
485 566
485 1426
485 1504
485 1887
486 556
486 839
486 1068
486 1552
486 1742
487 1138
487 1736
488 610
488 783
488 872
488 989
488 1023
488 1050
488 1110
488 1167
488 1251
488 1416
488 1505
488 1566
488 1703
488 1765
488 1856
489 878
489 933
489 1235
489 1700
489 1963
490 499
490 720
490 992
490 1174
490 1206
490 1267
490 1396
490 1454
490 1517
491 807
491 982
491 1381
491 1532
491 1754
492 899
492 1129
492 1525
493 510
493 829
493 961
493 1016
493 1017
493 1250
493 1305
493 1434
493 1472
493 1668
493 1812
494 948
494 1236
494 1632
494 1724
494 1821
495 774
495 794
495 1478
495 1653
495 1778
496 935
496 946
496 983
496 1025
496 1222
496 1425
496 1598
496 1945
497 753
497 826
497 882
497 906
497 961
497 970
497 1088
497 1470
497 1572
497 1584
498 998
498 1913
499 893
499 910
499 950
499 1009
499 1414
499 1509
499 1673
499 1809
499 1817
500 630
500 705
500 778
500 859
500 913
500 1213
500 1483
500 1682
500 1853
500 1998
501 693
501 746
501 754
501 827
501 847
501 875
501 1188
501 1466
501 1595
501 1691
501 1819
501 1826
502 624
502 719
502 736
502 1180
502 1595
502 1642
502 1938
503 686
503 697
503 837
503 1238
503 1512
503 1820
503 1922
504 592
504 1061
504 1328
504 1428
504 1459
504 1500
504 1597
504 1611
504 1618
504 1940
504 1958
505 817
505 954
505 997
505 1034
505 1096
505 1103
505 1367
505 1482
505 1487
505 1869
506 582
506 648
506 753
506 797
506 954
506 1305
506 1847
507 807
507 928
507 983
507 1025
507 1257
507 1267
507 1523
508 517
508 539
508 646
508 692
508 802
508 870
508 1409
508 1509
508 1678
509 598
509 683
509 726
509 1026
509 1110
509 1235
509 1448
509 1517
510 1445
510 1654
511 869
511 881
511 1093
511 1306
512 613
512 793
512 1081
512 1226
512 1265
512 1514
512 1518
512 1759
512 1788
512 1929
513 822
513 865
513 1089
513 1229
513 1239
513 1929
513 1945
514 894
514 922
514 1347
514 1369
514 1391
514 1488
514 1937
515 603
515 725
515 974
515 1215
515 1943
516 548
516 581
516 746
516 876
516 1093
516 1096
516 1367
516 1470
516 1550
516 1554
516 1605
516 1618
516 1931
517 527
517 543
517 576
517 840
517 1212
517 1250
517 1625
517 1740
517 1811
517 1815
517 1831
517 1837
517 1906
517 1937
517 1982
518 724
518 787
518 988
518 1004
518 1045
518 1117
518 1615
518 1896
519 713
519 730
519 1001
519 1107
519 1331
519 1355
519 1454
519 1736
519 1836
519 1864
520 649
520 1019
520 1116
520 1119
520 1181
520 1253
520 1264
520 1293
520 1678
520 1728
520 1875
520 1947
520 1953
521 1515
521 1764
521 1907
522 627
522 899
522 1089
522 1723
522 1918
523 637
523 772
523 966
523 1064
523 1200
523 1221
523 1343
523 1403
523 1530
523 1617
523 1676
523 1705
523 1768
523 1928
524 667
524 720
524 1261
524 1345
524 1401
524 1994
525 548
525 740
525 758
525 831
525 846
525 1021
525 1038
525 1200
525 1882
525 1906
526 614
526 726
526 856
526 1452
526 1511
526 1610
526 1628
526 1836
526 1877
527 614
527 1074
527 1684
528 1557
528 1655
528 1737
529 584
529 756
529 818
529 951
529 1360
529 1650
529 1721
529 1862
529 1873
530 556
530 783
530 1133
530 1976
531 665
531 863
531 981
531 1685
531 1819
532 891
532 910
532 1125
532 1240
532 1246
532 1494
533 933
533 1245
533 1570
533 1594
533 1658
533 1732
533 1946
534 639
534 929
534 1242
534 1826
534 1896
534 1903
535 728
535 843
535 935
535 1097
535 1259
535 1471
535 1629
535 1657
536 652
536 682
536 724
536 734
536 1691
537 702
537 742
537 921
537 1251
537 1872
538 597
538 749
538 1246
538 1356
538 1390
538 1795
539 825
539 889
539 1139
539 1263
539 1538
539 1950
540 774
540 1287
540 1525
540 1830
540 1844
540 1927
541 937
541 1058
541 1066
541 1371
541 1806
542 652
542 967
542 1286
542 1402
542 1515
542 1601
542 1950
543 683
543 948
543 1029
544 744
544 958
544 1101
544 1165
544 1535
544 1659
544 1803
544 1859
544 1902
545 588
545 638
545 845
545 976
545 1185
545 1471
545 1543
545 1635
545 1785
546 678
546 772
546 1057
546 1296
546 1345
546 1411
546 1421
546 1746
546 2000
547 548
547 562
547 1146
547 1207
547 1284
547 1462
547 1706
548 650
548 826
548 960
548 1295
548 1647
548 1716
549 756
549 1050
549 1152
549 1686
549 1749
550 598
550 615
550 753
550 1782
550 1822
550 1966
551 1069
551 1265
551 1488
551 1647
551 1686
551 1710
551 1714
551 1756
552 704
552 880
552 949
552 1042
552 1098
553 1136
553 1698
553 1840
554 834
554 841
554 848
554 1046
554 1191
554 1680
554 1732
555 606
555 717
555 840
555 1169
555 1416
555 1680
556 563
556 616
556 723
556 841
556 861
556 1067
556 1122
556 1305
556 1609
556 1792
556 1893
557 840
557 922
557 1252
557 1287
557 1411
557 1438
557 1511
557 1807
557 1810
557 1919
558 1225
559 1071
559 1167
559 1294
559 1476
559 1483
559 1518
559 1631
559 1709
560 734
560 769
560 853
560 1001
560 1190
560 1340
560 1572
561 725
561 752
561 976
561 1010
561 1121
561 1184
561 1429
561 1480
561 1962
562 731
562 1546
562 1572
562 1778
563 732
563 802
563 1413
563 1740
564 939
564 943
564 1025
564 1034
564 1211
564 1296
564 1510
564 1678
564 1777
564 1915
565 813
565 829
565 851
565 1136
565 1748
566 699
566 808
566 945
566 1089
566 1388
566 1642
566 1730
566 1846
567 804
567 900
567 1076
567 1122
567 1171
567 1246
567 1279
567 1298
567 1725
567 1828
567 1871
568 608
568 941
568 1498
568 1758
568 1956
569 786
569 905
569 1079
569 1404
569 1435
569 1932
570 915
570 1391
570 1432
571 598
571 789
571 821
571 857
571 953
571 1007
571 1025
571 1620
571 1956
572 671
572 798
572 1161
572 1272
572 1496
572 1917
573 887
573 977
573 1082
573 1188
573 1229
573 1443
573 1460
573 1513
573 1605
573 1639
573 1643
573 1722
573 1723
573 1887
573 1906
574 851
574 862
574 1043
574 1148
574 1301
574 1362
574 1449
574 1531
574 1747
574 1977
575 634
575 673
575 746
575 900
575 943
575 1554
575 1899
576 1003
576 1044
576 1652
576 1791
577 594
577 907
577 1108
577 1204
577 1354
577 1560
577 1711
577 1820
577 1878
578 773
578 1244
578 1762
579 595
579 691
579 716
579 1055
579 1190
579 1437
579 1449
579 1490
579 1711
579 1748
579 1812
580 600
580 699
580 815
580 865
580 955
580 1454
580 1581
580 1787
580 1952
581 819
581 1405
581 1542
581 1887
582 621
582 628
582 918
582 1235
582 1562
582 1657
582 1675
582 1957
583 954
583 974
583 1132
583 1533
583 1579
583 1806
583 1814
584 1011
584 1290
584 1396
584 1444
584 1463
584 1466
584 1982
585 936
585 1248
585 1355
585 1370
585 1416
585 1672
585 1767
586 804
586 812
586 1058
586 1192
586 1350
586 1559
586 1609
586 1957
586 1973
587 618
587 680
587 762
587 771
587 850
587 970
587 1337
587 1578
587 1656
587 1790
587 1888
588 1533
588 1539
588 1597
588 1831
589 1087
589 1485
589 1518
589 1594
589 1669
589 1678
589 1716
590 729
590 739
590 1684
590 1738
590 1833
590 1869
591 1764
591 1770
591 1869
591 1930
592 1118
592 1165
592 1558
592 1800
593 869
593 1332
593 1444
593 1555
593 1652
594 794
594 1591
594 1835
595 667
595 680
595 1120
595 1318
595 1448
595 1646
596 626
596 782
596 1168
596 1314
596 1737
596 1817
597 707
597 1005
597 1175
597 1224
597 1250
597 1260
597 1361
598 762
598 884
598 1009
598 1066
598 1156
598 1498
599 788
599 850
599 1578
599 1755
599 1880
600 671
600 768
600 779
600 1020
600 1338
600 1354
600 1661
601 732
601 1075
601 1128
601 1590
601 1708
602 614
602 834
602 1385
602 1951
602 1977
603 671
603 776
603 1200
603 1215
603 1263
603 1280
603 1656
603 1760
603 1915
604 1102
604 1218
604 1401
604 1449
604 1639
604 1986
605 833
605 902
605 919
605 1126
605 1594
605 1595
605 1701
606 1098
606 1144
606 1237
606 1321
606 1322
606 1772
606 1817
607 976
607 1082
607 1137
607 1145
607 1146
607 1502
608 799
608 813
608 825
608 1091
608 2000
609 616
609 621
609 642
609 1206
609 1371
609 1432
609 1440
609 1537
609 1597
609 1692
610 838
610 1853
610 1991
611 1327
611 1907
612 811
612 837
612 1849
613 680
613 868
613 990
613 1094
613 1503
613 1583
613 1590
614 751
614 1648
615 801
615 863
615 946
615 1027
615 1037
615 1218
615 1322
615 1743
615 1906
615 1949
616 964
616 1316
616 1326
616 1507
616 1770
616 1816
616 1877
616 1914
616 1942
616 1973
617 837
617 1055
617 1088
617 1722
617 1827
617 1925
618 977
618 1053
618 1120
618 1238
618 1319
618 1500
618 1727
618 1751
618 1966
618 1995
619 1025
619 1097
619 1538
619 1742
619 1818
619 1992
620 639
620 730
620 843
620 1243
620 1281
620 1296
620 1754
620 1857
621 900
621 1150
621 1193
621 1213
621 1300
621 1731
622 669
622 676
622 721
622 770
622 802
622 854
622 1041
622 1238
622 1789
623 788
623 961
623 1105
623 1192
623 1284
623 1322
623 1815
624 1056
624 1162
624 1297
624 1496
624 1577
624 1579
624 1656
624 1707
625 785
625 804
625 913
625 1045
625 1071
625 1191
625 1361
625 1546
625 1549
625 1593
625 1659
626 628
626 687
626 706
626 860
626 951
626 1091
626 1119
626 1217
626 1659
626 1781
626 1802
626 1880
627 657
627 818
627 956
627 1364
627 1608
627 1723
627 1785
627 1840
627 1884
628 1064
628 1179
628 1474
628 1520
628 1570
628 1734
628 1831
629 638
629 666
629 713
629 994
629 1010
629 1020
629 1047
629 1394
629 1554
629 1908
630 961
630 1042
630 1353
630 1440
630 1660
630 1905
631 751
631 1229
631 1392
631 1447
631 1736
631 1853
631 1982
632 789
632 1014
632 1048
632 1076
632 1136
632 1243
632 1707
632 1731
632 1961
633 694
633 785
633 888
633 1122
633 1789
633 1810
634 994
634 1240
634 1565
635 712
635 782
635 1318
635 1772
635 1970
636 1002
636 1317
636 1442
636 1638
637 1028
637 1154
637 1238
638 644
638 957
638 988
638 1037
638 1170
638 1202
638 1330
638 1387
638 1702
639 1250
639 1263
639 1684
639 1740
639 1775
640 734
640 756
640 1032
640 1259
640 1290
640 1449
640 1468
640 1475
640 1489
640 1762
641 815
641 839
641 1128
641 1432
641 1709
641 1948
641 1971
642 797
642 811
642 1376
642 1412
642 1414
642 1467
642 1549
642 1665
642 1821
642 1947
643 1418
643 1521
643 1725
643 1817
643 1997
644 675
644 869
644 1381
644 1668
644 1870
644 1871
644 1945
644 1973
645 1022
645 1100
645 1140
645 1163
645 1562
646 652
646 671
646 763
646 896
646 1399
647 704
648 964
648 1115
648 1141
648 1239
648 1266
648 1367
648 1700
648 1820
648 1940
648 1964
648 1972
649 788
649 1318
649 1341
649 1851
649 1964
650 659
650 731
650 735
650 1162
650 1741
650 1918
651 1123
651 1339
651 1851
652 736
652 979
652 1098
652 1143
652 1298
652 1540
652 1655
652 1665
652 1915
653 847
653 1099
653 1601
653 1775
653 1835
653 1991
654 663
654 687
654 800
654 1106
654 1194
654 1336
654 1426
654 1448
655 680
655 735
655 746
655 836
655 867
655 877
655 959
655 1403
655 1438
655 1551
655 1826
655 1896
656 1124
656 1540
657 1115
657 1234
657 1353
657 1626
657 1891
658 895
658 919
658 936
658 940
658 1148
658 1349
659 1243
659 1488
659 1740
659 1756
659 1871
659 1925
660 695
660 1114
660 1881
661 805
661 813
661 919
661 1258
661 1350
661 1417
661 1657
661 1680
661 1682
661 1913
661 1982
662 681
662 730
662 773
662 813
662 862
662 958
662 1262
662 1836
663 664
663 908
663 956
663 1035
663 1126
663 1291
663 1327
663 1337
663 1467
663 1548
663 1652
663 1677
663 1718
663 1801
663 1971
664 666
664 821
664 1024
664 1113
664 1141
664 1208
664 1531
664 1933
665 712
665 1075
665 1259
665 1427
665 1599
665 1661
666 734
666 773
666 915
666 1616
667 828
667 1206
667 1253
667 1525
668 1007
668 1043
668 1405
668 1440
668 1600
668 1625
668 1732
668 1981
669 1242
669 1262
669 1711
669 1869
670 680
670 1286
670 1301
670 1479
670 1571
671 941
671 986
671 1030
671 1118
671 1196
671 1522
671 1559
671 1963
672 736
672 834
672 1104
672 1167
672 1256
672 1345
672 1366
672 1682
672 1777
673 763
673 1438
673 1635
673 1805
674 705
674 859
674 880
674 1714
674 1726
674 1768
674 1776
674 1856
674 1942
674 1974
675 1137
675 1259
675 1325
675 1328
675 1368
675 1553
675 1590
675 1627
675 1647
675 1717
675 1753
675 1899
675 1964
676 681
676 775
676 902
676 1126
676 1143
676 1264
676 1815
676 1920
677 1156
677 1276
677 1282
677 1534
677 1640
678 726
678 1388
678 1525
678 1560
678 1935
678 1983
679 796
679 917
679 954
679 1181
679 1199
679 1225
679 1236
679 1245
679 1305
679 1702
679 1763
679 1925
679 1965
679 1975
680 752
680 1053
680 1333
680 1377
680 1668
681 720
681 771
681 1127
681 1356
681 1396
681 1554
681 1892
682 746
682 1256
682 1403
683 748
683 807
683 1091
683 1511
683 1637
683 1691
684 1254
684 1512
685 1078
685 1108
685 1415
685 1562
685 1784
686 857
686 1516
686 1712
686 1792
687 796
687 1040
687 1127
687 1165
687 1342
687 1632
687 1738
687 1760
687 1853
688 825
688 1052
688 1441
688 1571
688 1682
689 779
689 1039
689 1090
689 1385
689 1617
689 1703
689 1912
690 802
690 847
690 1478
690 1541
691 934
691 1376
691 1488
691 1619
691 1856
692 725
692 761
692 849
692 1081
692 1367
693 828
693 995
693 1395
693 1898
694 1405
695 819
695 966
695 1087
695 1126
695 1300
695 1474
695 1632
695 1761
695 1786
695 1790
696 1028
696 1519
696 1677
697 770
697 917
697 978
697 1084
697 1234
697 1298
697 1348
697 1888
698 899
698 1287
698 1343
698 1642
698 1683
699 824
699 1343
699 1683
699 1800
699 1859
700 890
700 1451
700 1783
701 718
701 849
701 1045
701 1516
701 1681
701 1695
701 1725
702 712
702 718
702 920
702 930
702 954
702 1141
702 1202
702 1208
702 1958
703 992
703 1171
703 1189
703 1337
703 1378
703 1561
704 938
704 1331
704 1424
704 1488
704 1609
705 886
705 1010
705 1528
705 1614
705 1957
706 830
706 903
706 950
706 969
706 1350
706 1398
707 881
707 936
707 1012
707 1040
707 1136
707 1327
707 1631
708 937
708 1283
708 1398
708 1412
708 1485
708 1574
708 1757
708 1943
709 766
709 890
709 964
709 1262
709 1279
709 1410
709 1485
709 1812
709 1898
710 765
710 1003
710 1018
710 1747
710 1976
711 836
711 842
711 848
711 908
711 914
711 975
711 1335
711 1344
711 1351
711 1446
711 1681
711 1832
712 898
712 1019
712 1078
712 1101
712 1282
712 1486
712 1693
713 738
713 975
713 1955
713 1997
714 779
714 962
714 1614
714 1724
715 829
715 1272
715 1326
715 1357
715 1660
715 1842
715 1923
716 1180
716 1451
716 1486
716 1882
716 1971
717 918
717 1023
717 1219
717 1590
717 1642
717 1668
717 1757
717 1891
717 1942
718 781
718 998
719 797
719 929
719 1067
719 1824
720 768
720 1087
720 1312
720 1492
720 1582
720 1637
720 1888
720 1965
721 1536
721 1743
721 1840
721 1909
722 906
722 1104
722 1159
722 1162
722 1351
722 1586
722 1685
722 1707
722 1855
723 769
723 966
723 1150
723 1156
723 1205
723 1231
723 1327
723 1480
723 1793
723 1915
723 1945
724 848
724 1438
724 1552
724 1713
725 1155
725 1163
725 1231
725 1334
725 1585
725 1598
725 1977
726 896
726 1060
726 1062
726 1190
726 1218
726 1588
726 1916
726 1942
727 757
727 766
727 1047
727 1060
727 1118
727 1127
727 1195
727 1283
727 1546
727 1725
727 1865
727 1969
728 819
728 820
728 851
728 1308
728 1346
728 1394
729 854
729 1358
729 1751
729 1965
730 849
730 966
730 1002
730 1349
730 1517
730 1695
731 867
731 1437
731 1464
731 1530
731 1605
732 852
732 942
732 1119
732 1460
732 1797
732 1817
733 765
733 1083
733 1410
733 1602
733 1683
733 1687
733 1939
734 767
734 883
734 892
734 1153
734 1195
734 1206
734 1231
734 1395
734 1513
734 1750
734 1755
734 1848
734 1966
735 1228
735 1294
735 1991
736 804
736 853
736 874
736 927
736 1274
736 1465
736 1659
736 1876
737 782
737 1051
737 1179
737 1338
737 1412
737 1481
738 776
738 1111
738 1231
738 1438
738 1508
738 1585
738 1805
739 771
739 1579
739 1623
740 899
740 937
740 1091
740 1176
740 1178
740 1190
740 1218
740 1314
740 1318
740 1553
740 1685
740 1941
741 827
741 842
741 888
741 910
741 932
741 952
741 1122
741 1208
741 1349
741 1772
741 1937
742 858
742 998
742 1168
742 1219
742 1465
742 1539
742 1548
742 1686
742 1863
743 941
743 981
743 988
743 1106
743 1575
743 1730
743 1794
743 1968
743 1972
744 764
744 1090
744 1138
744 1331
744 1397
744 1414
744 1962
744 1975
745 829
745 897
745 941
745 964
745 1022
745 1067
745 1185
745 1462
745 1559
745 1670
745 1672
745 1718
745 1822
745 1921
746 1024
746 1088
746 1275
746 1346
746 1353
746 1435
746 1604
746 1646
746 1747
747 773
747 847
747 858
747 1050
747 1739
748 1025
748 1162
748 1305
748 1992
749 765
749 862
749 1220
749 1247
749 1265
749 1866
749 1871
749 1959
750 1018
750 1229
750 1345
750 1662
751 1285
752 1060
752 1391
752 1647
752 1660
753 945
753 1178
753 1309
753 1328
753 1398
753 1647
753 1654
753 1783
753 1844
754 988
754 1470
754 1491
754 1547
754 1753
754 1915
755 1784
755 1871
756 806
756 1003
756 1135
756 1483
756 1758
757 847
757 848
757 896
757 1029
757 1222
757 1321
757 1374
757 1389
757 1523
757 1821
758 830
758 1043
758 1068
758 1331
758 1432
758 1486
758 1863
758 1895
759 1391
759 1684
759 1798
759 1935
760 1219
760 1336
760 1444
760 1584
760 1746
760 1871
761 1323
761 1517
761 1532
761 1556
761 1598
762 1182
762 1414
762 1909
763 922
763 970
763 1294
763 1604
763 1653
763 1853
764 1257
764 1314
764 1357
764 1622
764 1791
764 1906
765 809
765 839
765 1228
765 1282
765 1317
765 1769
765 1797
766 1069
766 1548
766 1635
766 1657
767 1122
767 1195
767 1291
767 1381
767 1658
767 1739
767 1808
767 1925
768 928
768 1286
768 1424
768 1464
768 1663
768 1833
769 850
769 1159
769 1238
769 1483
770 905
770 1507
770 1559
770 1644
770 1679
770 1706
770 1971
771 811
771 866
771 941
771 977
771 1234
771 1337
771 1705
771 1783
772 790
772 1069
772 1698
772 1756
772 1929
772 1949
773 774
773 1003
773 1022
773 1163
773 1169
773 1358
773 1379
773 1468
773 1469
773 1538
773 1553
773 1600
773 1770
774 1024
774 1388
774 1558
774 1823
775 896
775 976
775 1089
775 1278
775 1391
775 1656
776 848
776 893
776 1039
776 1158
776 1179
776 1507
776 1770
776 1923
776 1978
777 918
777 925
777 947
777 1022
777 1179
777 1692
777 1741
778 1149
778 1170
778 1264
778 1768
778 1976
778 1991
779 918
779 960
779 1035
779 1454
779 1645
779 1909
780 992
780 1031
780 1269
780 1345
780 1423
780 1613
780 1893
781 1282
781 1298
781 1427
781 1466
781 1521
781 1670
781 1923
781 1971
781 1992
782 838
782 1023
782 1078
782 1222
782 1840
782 1982
783 867
783 1032
783 1074
783 1237
783 1425
783 1483
783 1682
784 1519
784 1783
784 1853
784 1923
785 1083
785 1244
785 1621
786 851
786 992
786 1025
786 1136
786 1245
786 1319
786 1439
786 1591
786 1825
787 832
787 845
787 923
787 955
787 1022
787 1422
788 1043
788 1091
788 1106
788 1172
788 1264
788 1946
788 1956
789 917
789 929
789 930
789 1495
789 1603
789 1742
789 1785
789 1846
789 1949
790 1017
790 1052
790 1363
790 1635
790 1797
790 1920
790 1947
791 1212
791 1272
791 1371
791 1469
791 1668
791 1819
791 1863
791 1951
792 1151
792 1196
792 1381
792 1596
792 1706
792 1807
792 1813
792 1986
793 1040
793 1146
793 1324
793 1348
793 1385
793 1691
793 1849
793 1858
793 1873
794 1138
794 1140
794 1356
794 1857
795 796
795 855
795 1347
795 1882
795 1921
796 1109
796 1232
796 1736
796 1744
796 1827
796 1836
797 937
797 949
797 1192
797 1238
797 1522
798 807
798 900
798 1105
798 1321
798 1535
799 813
799 1340
799 1545
799 1574
799 1723
799 1842
799 1929
800 1577
800 1600
800 1643
800 1687
800 1810
800 1976
801 1122
801 1447
801 1450
801 1755
802 1231
802 1248
802 1329
802 1386
803 1459
803 1600
803 1631
803 1640
803 1955
804 1437
804 1475
804 1614
804 1759
804 1899
804 1916
804 1964
805 830
805 914
805 1097
805 1293
805 1742
805 1830
805 1935
806 827
806 1002
806 1022
806 1106
806 1252
806 1280
806 1533
806 1607
806 1694
806 1701
807 853
807 911
807 943
807 1443
807 1550
807 1768
807 1833
808 952
808 1187
808 1217
808 1736
809 951
809 1357
809 1419
809 1473
809 1584
809 1626
809 1643
809 1922
809 1993
810 927
810 997
810 1479
810 1662
810 1707
810 1714
810 1855
811 818
811 893
811 1040
811 1427
811 1699
811 1910
812 907
812 1238
812 1650
812 1864
813 835
813 1726
813 1921
814 1061
814 1148
814 1331
814 1372
814 1509
814 1598
814 1761
814 1876
814 1879
814 1990
815 965
815 1124
815 1127
815 1182
815 1505
816 896
816 1369
816 1415
816 1656
816 1667
816 1958
817 820
817 879
817 1046
817 1215
817 1221
817 1881
818 828
818 899
818 1841
818 1916
818 1994
819 880
819 940
819 1352
819 1566
820 1133
820 1280
820 1478
820 1932
821 857
821 938
821 983
821 1179
821 1224
821 1474
821 1761
821 1796
822 965
822 1104
822 1427
822 1460
822 1983
823 1078
823 1391
823 1412
823 1719
823 1844
824 1585
824 1754
824 1842
824 1894
824 1907
824 1916
825 1002
825 1209
825 1627
825 1738
825 1768
826 1263
827 1001
827 1039
827 1186
827 1214
827 1362
828 1076
828 1908
829 831
829 853
829 864
829 966
829 1426
829 1998
830 978
830 1002
830 1008
830 1137
830 1263
830 1329
830 1731
830 1854
830 1903
830 1949
831 861
831 888
831 995
831 1321
831 1454
831 1731
831 1829
831 1868
831 1929
832 915
832 1444
832 1475
832 1508
832 1676
832 1964
833 943
833 968
833 1324
833 1527
834 1129
834 1165
834 1336
834 1350
834 1408
834 1576
834 1697
834 1858
835 984
835 1149
835 1198
835 1213
835 1571
835 1575
835 1810
836 908
836 968
836 1108
836 1418
836 1820
836 1867
836 1897
836 1939
836 1967
837 1045
837 1135
837 1211
837 1577
837 1962
838 1267
838 1325
838 1479
838 1583
839 853
839 1062
839 1337
839 1518
839 1566
839 1577
839 1592
839 1704
839 1841
839 1948
840 1821
841 966
841 1749
841 1900
842 911
842 924
842 1542
842 1552
842 1627
843 930
843 1004
843 1013
843 1168
843 1321
843 1410
843 1535
843 1763
844 910
844 1072
844 1188
844 1532
844 1607
844 1670
844 1974
845 1591
845 1662
845 1707
845 1756
845 1781
845 1799
845 1889
845 1921
845 1927
846 890
846 989
846 1034
846 1217
846 1347
846 1756
846 1935
846 1970
847 873
847 1096
847 1166
847 1345
847 1384
847 1725
848 875
848 908
848 1603
848 1606
848 1732
848 1893
849 921
849 1317
849 1622
849 1646
849 1651
849 1860
850 853
850 1065
850 1189
850 1427
850 1472
850 1849
851 1020
851 1329
851 1662
852 939
852 1094
852 1243
852 1582
853 1074
853 1474
853 1503
853 1644
853 1740
853 1861
854 969
854 1060
855 886
855 1130
855 1233
855 1334
855 1579
855 1732
855 1849
856 1401
857 1040
857 1103
857 1111
857 1338
857 1604
857 1617
857 1767
858 868
858 1026
858 1198
858 1613
859 1421
860 987
860 1381
860 1452
860 1469
861 1033
861 1059
861 1105
861 1242
861 1680
861 1899
861 1911
862 984
862 987
862 1871
862 1910
862 1930
863 963
863 1262
863 1566
863 1667
863 1772
863 1779
863 1998
864 906
864 968
864 1008
864 1037
864 1845
864 1880
864 1884
865 914
865 1591
865 1662
865 1768
865 1894
866 1053
866 1063
866 1157
866 1624
866 1820
867 1042
867 1061
867 1124
867 1369
867 1642
867 1697
867 1838
868 1006
868 1025
868 1036
868 1597
868 1694
869 880
869 936
869 959
869 1414
869 1529
869 1839
870 970
870 997
870 1016
870 1365
871 1069
871 1083
871 1102
871 1199
872 953
872 1008
872 1274
872 1360
872 1844
873 993
873 1123
873 1719
873 1849
873 1870
874 1001
874 1020
874 1228
874 1462
874 1826
875 1499
876 1246
876 1278
876 1412
876 1644
877 963
877 1080
877 1276
877 1592
877 1669
877 1808
877 1844
877 1896
878 1777
878 1979
879 1390
879 1448
879 1533
879 1574
879 1855
880 1635
880 1818
881 993
881 1055
881 1311
881 1536
881 1593
881 1601
882 1111
882 1258
882 1546
882 1577
882 1736
882 1828
883 1073
883 1250
883 1656
883 1706
884 896
884 904
884 956
884 1047
884 1602
884 1604
884 1697
884 1704
884 1894
884 1985
885 897
885 976
885 1284
885 1488
885 1715
885 1965
886 909
886 996
886 1039
886 1465
886 1608
886 1916
886 1978
887 892
887 1854
887 1888
887 1975
888 902
888 959
888 1179
888 1891
889 1036
889 1308
889 1641
890 1017
890 1550
890 1610
890 1873
891 1008
891 1041
891 1090
891 1094
891 1312
891 1457
891 1468
891 1549
891 1572
891 1739
891 1874
892 1480
892 1582
892 1989
893 1002
893 1079
893 1585
894 1155
894 1212
894 1293
894 1331
894 1780
894 1793
895 1166
895 1636
895 1986
896 1229
896 1612
897 1134
897 1338
897 1367
897 1894
898 927
898 1128
898 1314
898 1349
898 1368
898 1428
898 1821
898 1871
898 1946
898 1978
899 1466
899 1688
899 1981
900 1081
900 1143
900 1434
900 1795
900 1901
900 1993
901 1133
901 1153
901 1496
901 1554
901 1736
902 1243
902 1428
902 1576
902 1595
902 1601
902 1620
902 1787
903 926
903 1001
903 1444
903 1539
903 1602
904 1232
904 1362
904 1527
904 1782
905 958
905 1068
905 1306
905 1357
905 1366
905 1424
905 1576
905 1628
905 1700
905 1833
906 1121
906 1126
906 1272
906 1345
906 1472
906 1546
906 1564
906 1667
906 1717
906 1858
907 961
907 1001
907 1118
907 1197
907 1492
907 1567
907 1640
907 1725
907 1780
907 1975
908 1022
908 1140
908 1294
908 1295
908 1595
908 1612
908 1716
908 1753
909 1236
909 1342
909 1391
909 1667
909 1729
909 1948
909 2000
910 1185
910 1399
910 1541
910 1572
910 1725
910 1959
911 913
911 974
911 982
911 1042
911 1183
911 1359
911 1388
911 1491
911 1640
911 1743
911 1844
912 1202
912 1958
913 929
913 1064
913 1174
913 1522
913 1823
913 1913
914 1201
914 1462
914 1512
914 1788
914 1983
915 1334
915 1650
915 1767
915 1832
915 1853
915 1889
916 1136
916 1145
916 1201
916 1217
916 1577
916 1627
916 1654
917 1143
917 1566
917 1644
918 1391
918 1506
918 1653
919 1423
919 1506
919 1551
919 1569
919 1726
919 1888
920 1446
921 1263
921 1420
921 1511
921 1618
921 1655
921 1658
921 1803
921 1834
922 1339
922 1729
922 1803
922 1885
923 1161
923 1369
923 1464
924 1138
924 1318
924 1679
925 1035
925 1615
926 1075
926 1300
926 1408
926 1516
926 1538
926 1587
926 1675
926 1698
927 1578
928 1315
928 1428
928 1536
928 1739
928 1755
929 1642
929 1649
929 1966
930 971
930 1217
930 1515
930 1595
930 1671
930 1867
930 1889
930 1928
931 1064
931 1155
931 1214
931 1311
931 1549
931 1564
931 1860
932 1003
932 1150
933 951
933 1220
933 1452
933 1513
933 1573
933 1591
933 1846
934 1031
934 1093
934 1118
934 1164
934 1395
934 1414
935 1489
935 1597
935 1697
935 1794
936 1181
936 1243
936 1271
936 1631
936 1774
936 1958
937 1357
937 1474
937 1504
937 1752
938 1025
938 1459
938 1892
939 1039
939 1141
939 1586
939 1890
940 1027
940 1399
940 1498
940 1670
940 1733
940 1925
940 1934
940 1990
941 976
941 1050
941 1217
941 1222
941 1799
941 1825
941 1863
941 1962
942 1133
942 1557
942 1608
942 1672
942 1887
943 1344
943 1350
943 1568
943 1673
943 1790
943 1899
943 1953
944 951
944 1146
944 1172
944 1220
944 1753
944 1845
945 1117
945 1245
945 1266
945 1268
945 1618
945 1674
945 1788
945 1877
946 1258
946 1325
946 1746
946 1816
947 1252
947 1931
947 1970
948 991
948 1131
948 1581
948 1585
949 1152
949 1644
949 1694
950 1145
950 1165
950 1371
950 1695
950 1724
950 1794
951 1125
951 1258
951 1351
951 1450
951 1654
951 1911
952 1414
952 1771
952 1837
953 960
953 1003
953 1207
954 1186
954 1367
954 1691
954 1919
955 1382
955 1641
955 1680
955 1816
956 1085
956 1335
956 1372
956 1434
956 1451
956 1555
957 1072
957 1199
957 1318
957 1368
957 1454
957 1979
958 1294
958 1957
958 1999
959 963
959 1189
959 1197
959 1338
959 1389
959 1510
959 1604
959 1844
960 1062
960 1207
960 1251
960 1577
960 1592
960 1703
960 1705
960 1923
961 1009
961 1508
961 1801
962 965
962 1184
962 1673
962 1753
962 1796
962 1804
962 1971
962 1972
963 1005
963 1058
963 1200
963 1348
963 1429
963 1881
963 1911
964 977
964 1316
964 1751
964 1942
965 1203
965 1235
965 1496
965 1934
966 1017
966 1031
966 1202
966 1266
966 1279
966 1345
966 1401
966 1505
966 1787
967 1146
967 1382
967 1488
968 1013
968 1261
968 1558
968 1694
969 1015
969 1185
969 1609
969 1739
969 1813
970 1270
970 1687
970 1828
971 1098
972 1181
972 1303
972 1388
972 1444
972 1796
972 1833
972 1836
972 1952
973 1320
973 1519
973 1874
974 1014
974 1201
974 1420
974 1658
974 1812
974 1834
975 1061
975 1204
975 1254
976 985
976 1571
976 1676
976 1914
977 1173
977 1241
977 1290
977 1310
977 1535
977 1848
978 1047
978 1156
978 1975
979 1052
979 1296
979 1792
979 1926
980 1104
980 1270
980 1341
980 1438
980 1444
980 1634
980 1728
980 1778
980 1983
981 1059
981 1378
981 1502
981 1569
981 1605
981 1829
981 1845
982 990
982 1534
982 1933
982 1974
982 1983
983 1136
983 1279
983 1387
983 1797
984 1066
984 1279
984 1701
984 1723
985 1006
985 1143
985 1263
985 1448
985 1620
985 1779
985 1819
986 1022
986 1029
986 1915
987 1078
987 1269
987 1328
987 1379
987 1731
987 1750
988 1403
988 1476
988 1540
988 1804
988 1815
989 1047
989 1566
989 1627
990 1114
991 1178
991 1547
991 1741
991 1934
992 1185
992 1259
992 1932
993 1223
993 1260
993 1549
993 1619
993 1681
993 1804
993 1895
994 1078
994 1175
994 1208
994 1909
995 1104
995 1336
995 1407
995 1628
995 1630
997 999
997 1031
997 1359
997 1537
997 1565
997 1580
998 1112
998 1208
998 1286
998 1414
998 1422
998 1530
998 1768
998 1912
998 1957
998 1991
999 1048
999 1773
999 1899
999 1956
1000 1113
1000 1244
1000 1265
1000 1425
1000 1461
1000 1579
1000 1887
1001 1650
1001 1710
1002 1082
1002 1629
1002 1812
1002 1827
1003 1333
1003 1338
1004 1320
1004 1550
1004 1598
1004 1667
1004 1811
1004 1826
1005 1106
1005 1227
1005 1264
1005 1286
1005 1310
1005 1459
1005 1567
1005 1844
1006 1027
1006 1396
1006 1457
1006 1532
1007 1150
1007 1344
1007 1520
1007 1586
1007 1767
1007 1896
1008 1339
1008 1563
1009 1014
1009 1216
1009 1263
1009 1285
1009 1316
1009 1346
1009 1664
1009 1904
1010 1078
1010 1442
1010 1888
1011 1074
1011 1228
1011 1296
1011 1806
1011 1817
1012 1040
1012 1057
1012 1561
1012 1662
1012 1729
1013 1999
1014 1268
1014 1445
1014 1636
1014 1812
1015 1217
1015 1400
1015 1671
1015 1707
1015 1983
1016 1279
1016 1610
1016 1693
1016 1816
1016 1908
1016 1986
1017 1155
1017 1293
1017 1590
1017 1742
1017 1825
1017 1932
1018 1780
1018 1969
1019 1513
1019 1571
1019 1779
1020 1199
1020 1284
1020 1285
1020 1875
1020 1954
1021 1112
1021 1242
1021 1308
1021 1390
1021 1402
1021 1440
1021 1926
1021 1964
1022 1090
1022 1324
1022 1480
1022 1589
1023 1161
1023 1286
1023 1406
1023 1431
1023 1458
1023 1481
1023 1685
1023 1812
1023 1931
1024 1086
1024 1133
1024 1359
1024 1528
1024 1624
1024 1829
1025 1083
1025 1832
1025 1900
1025 1912
1025 1931
1026 1100
1026 1333
1027 1253
1027 1265
1027 1347
1027 1482
1027 1538
1027 1795
1027 1835
1027 1943
1028 1179
1028 1180
1028 1292
1028 1747
1028 1848
1029 1042
1029 1183
1029 1267
1029 1288
1029 1294
1030 1076
1030 1721
1030 1731
1030 1961
1031 1160
1031 1175
1031 1225
1031 1657
1032 1117
1032 1246
1032 1575
1032 1792
1032 1937
1033 1057
1033 1059
1033 1111
1033 1133
1033 1213
1033 1394
1033 1532
1033 1644
1033 1781
1033 1855
1034 1437
1034 1546
1035 1128
1035 1278
1035 1402
1035 1943
1036 1848
1037 1231
1037 1240
1037 1343
1037 1470
1037 1483
1037 1700
1037 1955
1038 1205
1038 1226
1038 1479
1038 1612
1038 1879
1038 1992
1039 1200
1040 1273
1040 1757
1040 1930
1041 1082
1041 1704
1042 1375
1042 1490
1042 1714
1042 1731
1042 1754
1042 1803
1042 1963
1043 1464
1043 1537
1043 1630
1043 1862
1044 1098
1044 1101
1044 1259
1044 1295
1044 1374
1044 1830
1044 1913
1044 1926
1045 1046
1045 1099
1045 1119
1045 1193
1045 1264
1045 1575
1045 1752
1045 1852
1045 1892
1045 1940
1046 1119
1046 1477
1046 1524
1046 1581
1046 1585
1046 1919
1048 1362
1048 1507
1048 1585
1048 1637
1048 1652
1048 1792
1048 1858
1048 1903
1048 1956
1049 1229
1049 1429
1049 1580
1049 1698
1050 1478
1051 1184
1051 1341
1051 1869
1052 1093
1052 1164
1052 1216
1052 1345
1052 1392
1053 1091
1053 1280
1053 1297
1053 1831
1053 1981
1054 1111
1054 1143
1054 1170
1054 1355
1054 1451
1054 1947
1055 1574
1055 1667
1056 1071
1056 1103
1056 1541
1056 1633
1056 1647
1056 1705
1056 1734
1056 1915
1057 1123
1057 1162
1057 1264
1057 1591
1057 1604
1057 1667
1057 1684
1058 1077
1058 1180
1058 1209
1058 1587
1059 1309
1059 1997
1060 1078
1060 1398
1060 1486
1061 1214
1061 1630
1061 1801
1061 1859
1062 1185
1062 1709
1062 1737
1062 1748
1062 1804
1062 1984
1063 1086
1063 1190
1063 1298
1063 1479
1063 1726
1063 1882
1063 1934
1064 1102
1064 1316
1064 1426
1064 1458
1064 1549
1064 1560
1065 1302
1065 1424
1065 1440
1065 1717
1065 1883
1066 1176
1066 1180
1066 1221
1066 1396
1067 1542
1067 1860
1067 1876
1068 1147
1068 1636
1068 1642
1068 1669
1068 1734
1068 1896
1069 1252
1069 1284
1069 1460
1069 1650
1069 1754
1069 1770
1069 1989
1069 1995
1070 1095
1070 1256
1070 1364
1070 1593
1070 1868
1070 1973
1071 1294
1071 1463
1071 1686
1071 1706
1072 1654
1072 1782
1073 1266
1073 1278
1073 1441
1073 1455
1073 1530
1073 1559
1073 1691
1074 1112
1074 1142
1074 1506
1074 1697
1074 1701
1075 1513
1075 1828
1075 1835
1075 1975
1075 1990
1076 1143
1076 1175
1076 1291
1076 1723
1077 1324
1077 1377
1077 1407
1077 1431
1077 1884
1077 1947
1078 1287
1078 1290
1078 1458
1078 1495
1078 1847
1079 1341
1079 1743
1079 1855
1080 1145
1080 1357
1080 1415
1080 1503
1080 1783
1081 1195
1081 1275
1081 1404
1081 1608
1081 1679
1081 1701
1081 1900
1082 1225
1082 1479
1082 1619
1082 1672
1082 1790
1082 1860
1082 1925
1083 1449
1083 1478
1083 1518
1083 1613
1083 1690
1083 1747
1084 1356
1084 1375
1084 1612
1085 1139
1085 1170
1086 1558
1087 1339
1087 1388
1087 1430
1087 1486
1087 1655
1087 1873
1088 1141
1088 1459
1088 1673
1088 1735
1088 1770
1088 1863
1089 1276
1089 1550
1089 1662
1089 1695
1090 1718
1091 1229
1091 1460
1091 1529
1091 1838
1091 1909
1092 1276
1092 1468
1092 1567
1092 1862
1092 1956
1093 1763
1094 1209
1094 1330
1094 1780
1095 1157
1095 1262
1095 1342
1095 1449
1095 1856
1096 1480
1096 1903
1096 1922
1096 1974
1097 1109
1097 1208
1097 1250
1097 1307
1097 1392
1097 1478
1097 1488
1097 1641
1097 1839
1097 1945
1098 1197
1099 1410
1099 1711
1099 1836
1099 1959
1100 1398
1100 1508
1100 1511
1100 1521
1100 1738
1100 1983
1101 1195
1101 1384
1101 1627
1101 1877
1102 1212
1102 1328
1102 1840
1102 1925
1103 1461
1103 1463
1103 1766
1104 1382
1105 1188
1105 1670
1105 1927
1106 1124
1106 1196
1106 1294
1107 1171
1107 1753
1108 1156
1108 1268
1108 1455
1108 1518
1108 1529
1108 1588
1108 1740
1109 1270
1109 1374
1109 1413
1109 1527
1109 1608
1109 1629
1110 1259
1111 1121
1111 1441
1111 1893
1112 1632
1112 1735
1112 1745
1113 1648
1113 1664
1113 1825
1113 1928
1114 1630
1114 1713
1114 1722
1115 1243
1115 1318
1115 1709
1115 1741
1115 1862
1116 1701
1116 1822
1116 1996
1117 1202
1117 1457
1117 1764
1118 1263
1118 1280
1118 1405
1118 1499
1118 1518
1118 1749
1118 1772
1118 1895
1119 1123
1119 1202
1119 1884
1119 1914
1120 1184
1120 1342
1120 1436
1121 1282
1121 1297
1121 1779
1121 1997
1122 1260
1122 1363
1122 1425
1122 1853
1122 1951
1123 1211
1123 1626
1123 1656
1123 1706
1123 1780
1124 1194
1124 1435
1124 1761
1125 1299
1125 1516
1125 1591
1125 1710
1125 1773
1125 1932
1126 1158
1126 1388
1126 1595
1126 1737
1126 1837
1127 1141
1127 1276
1127 1338
1127 1403
1127 1639
1127 1860
1127 1948
1128 1545
1128 1607
1128 1796
1129 1647
1130 1205
1130 1310
1130 1393
1130 1398
1130 1635
1130 1718
1130 1747
1130 1859
1131 1306
1131 1307
1131 1325
1131 1536
1131 1658
1131 1703
1132 1207
1132 1561
1132 1751
1132 1806
1132 1879
1132 1916
1132 1995
1133 1467
1133 1571
1133 1581
1133 1649
1133 1738
1133 1927
1134 1487
1134 1601
1135 1321
1135 1564
1135 1622
1135 1684
1136 1300
1136 1323
1136 1480
1136 1519
1136 1552
1136 1852
1137 1602
1137 1722
1139 1476
1139 1654
1139 1954
1140 1197
1140 1306
1140 1420
1140 1645
1140 1840
1140 1868
1140 1932
1141 1520
1141 1604
1141 1842
1142 1175
1142 1485
1142 1548
1142 1650
1142 1780
1142 1910
1143 1268
1143 1313
1143 1317
1143 1716
1143 1891
1143 1969
1144 1258
1144 1784
1145 1418
1145 1522
1145 1661
1145 1977
1146 1375
1146 1553
1146 1789
1146 1815
1147 1503
1147 1616
1147 1800
1147 1862
1147 1864
1148 1176
1148 1437
1148 1536
1148 1938
1149 1286
1149 1407
1149 1520
1149 1558
1150 1807
1151 1332
1151 1933
1151 1936
1152 1543
1152 1577
1152 1791
1152 1985
1153 1582
1153 1888
1153 1945
1154 1177
1154 1327
1154 1482
1154 1582
1154 1618
1154 1961
1155 1213
1155 1223
1155 1542
1155 1742
1156 1212
1156 1342
1156 1425
1156 1512
1156 1592
1156 1783
1156 1804
1156 1843
1156 1879
1156 1959
1157 1203
1157 1284
1157 1410
1157 1513
1157 1716
1157 1881
1157 1963
1158 1359
1158 1487
1159 1368
1159 1496
1159 1519
1159 1523
1159 1611
1159 1739
1159 1897
1160 1418
1160 1632
1160 1708
1160 1715
1160 1744
1161 1417
1161 1534
1161 1794
1162 1538
1163 1347
1163 1533
1163 1691
1164 1181
1164 1211
1164 1493
1164 1520
1164 1636
1164 1788
1164 1951
1165 1169
1165 1236
1165 1361
1166 1465
1166 1502
1166 1544
1166 1798
1166 1930
1167 1678
1167 1730
1167 1793
1167 1956
1167 1994
1168 1419
1168 1544
1168 1583
1168 1775
1168 1861
1168 1874
1169 1491
1169 1730
1169 1735
1170 1172
1170 1226
1170 1558
1170 1722
1170 1852
1170 1890
1171 1742
1172 1463
1172 1573
1172 1640
1173 1692
1174 1219
1174 1616
1174 1624
1175 1223
1175 1289
1175 1308
1175 1442
1176 1239
1176 1356
1176 1371
1176 1391
1176 1666
1176 1992
1177 1538
1177 1608
1177 1616
1178 1599
1178 2000
1179 1515
1179 1597
1180 1736
1180 1869
1180 1936
1181 1513
1181 1771
1181 1923
1182 1275
1182 1479
1183 1357
1183 1851
1183 1858
1183 1912
1184 1256
1184 1308
1184 1586
1184 1731
1185 1554
1185 1647
1185 1913
1186 1307
1186 1767
1187 1209
1187 1382
1187 1503
1187 1607
1187 1646
1187 1989
1189 1248
1189 1584
1189 1641
1190 1196
1190 1202
1190 1241
1190 1386
1190 1418
1190 1444
1190 1682
1191 1239
1191 1487
1191 1521
1191 1601
1191 1639
1191 1768
1192 1303
1192 1428
1192 1789
1192 1923
1192 1950
1192 1989
1193 1436
1193 1612
1193 1755
1194 1284
1194 1719
1194 1746
1195 1294
1195 1317
1195 1356
1195 1374
1195 1567
1196 1835
1196 1927
1196 1988
1197 1503
1197 1614
1197 1954
1197 1959
1198 1285
1198 1319
1198 1553
1198 1650
1198 1655
1198 1836
1198 1969
1198 1978
1199 1262
1199 1583
1199 1732
1199 1765
1199 1912
1200 1412
1200 1630
1200 1758
1200 1842
1201 1227
1201 1280
1201 1447
1201 1573
1201 1685
1201 1781
1201 1787
1202 1552
1202 1597
1203 1240
1203 1287
1203 1594
1203 1665
1204 1483
1204 1722
1204 1747
1204 1880
1204 1886
1205 1625
1206 1651
1206 1810
1206 1888
1207 1308
1207 1713
1207 1765
1207 1830
1207 1962
1208 1316
1208 1534
1208 1649
1209 1233
1209 1668
1209 1764
1209 1767
1209 1852
1210 1248
1210 1797
1211 1754
1211 1844
1211 1924
1212 1691
1212 1698
1212 1865
1213 1237
1213 1636
1213 1665
1214 1268
1214 1309
1214 1315
1214 1423
1214 1493
1214 1551
1215 1315
1215 1362
1215 1418
1215 1580
1215 1842
1215 1897
1215 1970
1216 1249
1216 1610
1216 1703
1216 1981
1217 1238
1217 1321
1217 1650
1217 1652
1218 1267
1218 1284
1218 1377
1218 1525
1219 1837
1219 1841
1220 1566
1220 1827
1221 1953
1221 1982
1222 1264
1222 1309
1223 1376
1223 2000
1224 1805
1224 1928
1224 1946
1225 1250
1225 1391
1225 1415
1225 1551
1225 1931
1226 1360
1226 1562
1226 1754
1226 1804
1226 1810
1226 1877
1227 1337
1227 1494
1227 1625
1227 1811
1228 1297
1228 1770
1228 1982
1229 1602
1229 1900
1230 1357
1230 1538
1230 1803
1230 1861
1231 1289
1231 1816
1232 1660
1234 1272
1234 1433
1234 1869
1234 1929
1235 1454
1235 1864
1236 1242
1236 1438
1236 1529
1236 1677
1237 1244
1237 1364
1237 1492
1238 1582
1238 1980
1239 1482
1239 1752
1239 1802
1240 1460
1241 1313
1241 1355
1241 1600
1241 1674
1242 1431
1242 1727
1242 1774
1242 1792
1242 1857
1242 1940
1243 1497
1243 1655
1243 1718
1244 1340
1244 1703
1244 1819
1245 1277
1245 1481
1245 1550
1245 1610
1245 1760
1245 1959
1246 1364
1246 1566
1246 1825
1246 1964
1247 1506
1247 1533
1247 1811
1248 1377
1248 1383
1248 1389
1248 1416
1248 1801
1249 1920
1249 1983
1250 1841
1250 1852
1250 1936
1251 1328
1251 1525
1251 1790
1252 1574
1252 1600
1252 1662
1252 1848
1252 1857
1252 1912
1253 1463
1253 1806
1254 1256
1254 1453
1255 1319
1255 1565
1255 1674
1255 1683
1255 1743
1256 1319
1256 1689
1256 1786
1257 1707
1258 1958
1259 1391
1259 1449
1260 1336
1260 1765
1260 1827
1261 1577
1261 1578
1262 1337
1262 1591
1262 1675
1262 1771
1263 1363
1263 1443
1263 1631
1263 1754
1263 1759
1264 1324
1264 1601
1264 1931
1265 1455
1265 1871
1266 1524
1266 1785
1267 1430
1267 1746
1267 1825
1268 1348
1268 1370
1268 1521
1268 1745
1269 1318
1269 1403
1269 1416
1269 1694
1269 1773
1270 1480
1270 1804
1270 1838
1271 1791
1271 1844
1271 1871
1272 1472
1272 1575
1272 1732
1272 1922
1273 1324
1273 1445
1273 1541
1273 1618
1273 1730
1273 1736
1274 1378
1274 1761
1274 1785
1274 1980
1275 1428
1275 1596
1275 1735
1275 1803
1276 1497
1277 1318
1277 1397
1277 1542
1277 1657
1277 1666
1278 1442
1278 1931
1279 1452
1279 1511
1279 1587
1279 1955
1279 1990
1280 1306
1280 1368
1280 1501
1280 1844
1281 1344
1281 1377
1281 1564
1281 1725
1281 1852
1281 1905
1281 1906
1282 1295
1282 1416
1282 1508
1282 1564
1282 1613
1283 1679
1284 1803
1284 1826
1285 1364
1285 1455
1285 1600
1286 1585
1286 1668
1286 1938
1286 1958
1287 1596
1287 1807
1287 1876
1287 1897
1287 1990
1288 1361
1288 1556
1288 1730
1288 1793
1289 1351
1289 1672
1289 1720
1289 1832
1289 1838
1289 1876
1290 1395
1290 1543
1291 1330
1291 1540
1291 1628
1291 1646
1291 1724
1291 1820
1292 1824
1292 1924
1293 1308
1293 1349
1293 1383
1293 1836
1293 1926
1294 1512
1296 1300
1296 1465
1296 1807
1296 1918
1297 1308
1297 1338
1297 1883
1298 1325
1298 1430
1298 1589
1298 1735
1299 1365
1299 1555
1299 1753
1300 1360
1300 1478
1300 1491
1300 1531
1300 1565
1300 1710
1301 1483
1301 1497
1301 1501
1301 1859
1302 1399
1302 1565
1302 1594
1303 1327
1303 1486
1303 1677
1303 1695
1304 1381
1304 1457
1304 1820
1305 1514
1305 1741
1305 1776
1305 1972
1305 1996
1306 1427
1306 1682
1306 1731
1306 1741
1307 1372
1307 1384
1307 1489
1307 1598
1307 1867
1308 1334
1308 1575
1308 1748
1309 1480
1309 1708
1309 1794
1309 1842
1309 1843
1310 1452
1310 1582
1310 1648
1310 1988
1311 1381
1311 1530
1311 1536
1311 1701
1311 1934
1312 1475
1312 1916
1313 1382
1313 1402
1313 1507
1313 1536
1313 1608
1313 1745
1313 1780
1314 1838
1314 1839
1315 1323
1315 1346
1315 1429
1315 1585
1316 1391
1316 1421
1316 1470
1316 1735
1316 1899
1317 1409
1317 1857
1317 1962
1318 1757
1318 1945
1319 1330
1319 1355
1319 1696
1320 1388
1320 1580
1320 1617
1320 1710
1321 1592
1321 1695
1321 1706
1321 1791
1322 1696
1323 1473
1323 1613
1323 1779
1323 1846
1324 1484
1325 1380
1325 1449
1325 1771
1325 1850
1325 1859
1325 1912
1325 1973
1326 1330
1326 1625
1326 1829
1326 1855
1326 1895
1327 1604
1327 1715
1327 1741
1327 1962
1328 1423
1328 1661
1328 1704
1328 1714
1328 1799
1328 1943
1328 1948
1328 1968
1329 1778
1330 1338
1330 1796
1330 1830
1331 1334
1331 1808
1332 1575
1332 1720
1332 1869
1332 1871
1332 1945
1333 1385
1333 1894
1333 1967
1334 1586
1334 1835
1334 1942
1334 1972
1334 1976
1334 1979
1334 1994
1335 1430
1335 1433
1335 1883
1335 1986
1336 1428
1336 1532
1336 1595
1336 1738
1336 1955
1336 1969
1337 1602
1337 1613
1337 1973
1338 1345
1338 1501
1338 1525
1338 1793
1339 1568
1340 1587
1340 1676
1340 1803
1340 1986
1341 1354
1341 1430
1341 1686
1341 1793
1341 1865
1341 1872
1342 1702
1342 1873
1342 1886
1342 1947
1342 1986
1343 1429
1343 1569
1343 1590
1343 1696
1343 1831
1343 1903
1344 1627
1344 1668
1344 1766
1344 1900
1344 1994
1345 1431
1345 1524
1345 1561
1345 1621
1345 1812
1345 1993
1346 1813
1346 1921
1347 1382
1347 1397
1347 1619
1347 1680
1347 1869
1347 1895
1347 1954
1348 1923
1349 1498
1349 1975
1350 1371
1351 1431
1351 1500
1351 1541
1351 1621
1351 1721
1351 1732
1352 1415
1352 1631
1352 1686
1352 1688
1352 1745
1352 1960
1354 1777
1355 1407
1355 1701
1355 1938
1355 1976
1356 1478
1356 1580
1356 1869
1357 1575
1357 1637
1357 1817
1358 1499
1359 1417
1359 1658
1359 1812
1359 1895
1359 1929
1360 1413
1360 1427
1360 1512
1360 1657
1360 1959
1361 1392
1361 1840
1361 1851
1362 1651
1362 1661
1362 1678
1362 1722
1362 1757
1363 1616
1363 1620
1363 1875
1363 1883
1363 1961
1363 1994
1364 1397
1364 1472
1364 1489
1364 1973
1365 1519
1365 1593
1365 1627
1365 1776
1365 1945
1366 1459
1366 1767
1368 1537
1368 1732
1369 1447
1369 1529
1369 1567
1369 1692
1369 1783
1370 1384
1370 1501
1370 1829
1370 1903
1371 1513
1371 1951
1371 1970
1372 1534
1372 1682
1372 1949
1373 1808
1374 1465
1374 1473
1374 1538
1374 1591
1374 1633
1374 1636
1375 1514
1375 1744
1375 1806
1377 1552
1378 1671
1378 1704
1378 1705
1378 1752
1379 1592
1379 1783
1379 1844
1379 1855
1379 1877
1380 1499
1380 1544
1380 1569
1381 1437
1381 1499
1382 1798
1382 1849
1383 1854
1384 1589
1384 1633
1384 1663
1384 1689
1384 1836
1385 1469
1385 1531
1386 1580
1386 1858
1386 1917
1386 1959
1386 1987
1387 1520
1387 1835
1387 1930
1388 1396
1388 1558
1388 1683
1388 1834
1388 1982
1389 1550
1390 1408
1390 1481
1390 1489
1391 1732
1391 1932
1392 1507
1393 1514
1393 1891
1394 1491
1394 1519
1394 1570
1395 1560
1395 1649
1395 1928
1396 1414
1396 1438
1396 1469
1396 1798
1396 1963
1398 1664
1398 1801
1399 1613
1399 1656
1399 1720
1399 1776
1399 1992
1400 1510
1400 1732
1401 1510
1401 1600
1402 1797
1403 1722
1403 1762
1403 1812
1404 1430
1404 1668
1404 1854
1405 1532
1405 1701
1405 1861
1406 1467
1406 1580
1406 1694
1407 1436
1407 1860
1408 1452
1408 1494
1408 1551
1408 1836
1409 1686
1409 1943
1410 1837
1411 1746
1411 1847
1411 1953
1412 1712
1413 1515
1413 1688
1413 1861
1414 1580
1414 1589
1414 1677
1415 1431
1415 1509
1415 1520
1415 1845
1415 1983
1416 1439
1416 1462
1416 1993
1417 1505
1417 1604
1418 1498
1418 1549
1418 1664
1418 1901
1418 1963
1419 1524
1419 1541
1419 1552
1419 1735
1419 1916
1420 1435
1420 1436
1420 1468
1420 1485
1420 1739
1420 1818
1422 1445
1423 1642
1423 1753
1423 1772
1424 1563
1425 1541
1425 1565
1425 1774
1426 1439
1426 1449
1427 1537
1427 1629
1427 1756
1428 1523
1428 1738
1428 1914
1428 1925
1429 1889
1430 1762
1430 1773
1430 1830
1430 1891
1432 1536
1432 1556
1432 1646
1432 1944
1433 1441
1433 1578
1433 1764
1433 1983
1436 1437
1436 1536
1436 1831
1436 1862
1436 1968
1436 1978
1437 1775
1437 1809
1438 1512
1438 1585
1438 1616
1438 1800
1438 1864
1439 1484
1439 1508
1439 1540
1439 1582
1439 1681
1439 1789
1439 1911
1439 1943
1440 1763
1441 1527
1441 1887
1441 1930
1442 1663
1442 1929
1443 1665
1443 1747
1443 1878
1444 1917
1445 1633
1445 1837
1445 1922
1446 1449
1446 1567
1446 1712
1446 1756
1447 1455
1447 1624
1448 1530
1448 1561
1448 1590
1448 1698
1449 1814
1449 1959
1449 1960
1449 1996
1450 1474
1450 1636
1450 1714
1450 1925
1451 1539
1451 1542
1451 1899
1451 1924
1452 1651
1452 1781
1452 1797
1453 1517
1454 1641
1454 1676
1454 1775
1455 1837
1456 1471
1456 1485
1456 1515
1456 1613
1456 1624
1456 1635
1456 1703
1456 1922
1457 1648
1457 1728
1457 1898
1457 1955
1458 1566
1458 1577
1458 1688
1458 1861
1459 1763
1459 1911
1460 1560
1460 1767
1460 1910
1461 1523
1461 1553
1461 1694
1462 1719
1462 1755
1462 1922
1462 1926
1462 1970
1463 1481
1463 1527
1463 1621
1463 1713
1463 1796
1463 1837
1463 1868
1463 1911
1465 1479
1465 1673
1465 1855
1466 1509
1466 1557
1466 1645
1466 1707
1466 1893
1467 1865
1467 1993
1468 1563
1468 1926
1469 1821
1469 1962
1470 1585
1470 1616
1470 1684
1470 1792
1470 1820
1471 1530
1471 1601
1472 1477
1472 1620
1472 1858
1473 1615
1473 1723
1473 1790
1474 1573
1474 1858
1475 1631
1475 1767
1475 1790
1475 1803
1475 1838
1475 1911
1475 1922
1475 1927
1475 1967
1476 1622
1476 1727
1476 1741
1476 1891
1476 1981
1477 1567
1478 1593
1478 1648
1478 1654
1480 1491
1480 1505
1480 1630
1481 1886
1481 1913
1482 1692
1482 1857
1483 1941
1483 1949
1484 1710
1484 1807
1486 1582
1486 1644
1487 1766
1487 1825
1488 1915
1489 1563
1489 1600
1489 1922
1489 1946
1490 1499
1490 1633
1490 1730
1490 1770
1490 1780
1491 1638
1491 1705
1491 1836
1492 1535
1493 1575
1493 1847
1494 1623
1494 1650
1494 1919
1494 1948
1496 1594
1497 1965
1498 1517
1498 1582
1498 1618
1498 1648
1498 1785
1498 1788
1498 1929
1499 1805
1500 1713
1500 1902
1501 1545
1501 1854
1501 1959
1502 1551
1502 1629
1502 1708
1502 1763
1503 1737
1503 1988
1504 1812
1504 1995
1505 1559
1505 1914
1506 1642
1507 1608
1507 1692
1507 1843
1507 1868
1508 1687
1509 1542
1509 1745
1509 1798
1510 1846
1511 1617
1511 1869
1511 1914
1512 1859
1513 1636
1513 1675
1513 1689
1513 1702
1513 1854
1514 1586
1514 1614
1515 1526
1515 1566
1515 1846
1515 1851
1515 1901
1516 1545
1517 1584
1517 1700
1517 1890
1518 1679
1518 1809
1518 1856
1519 1883
1520 1950
1521 1664
1521 1811
1522 1911
1524 1627
1524 1646
1524 1961
1525 1770
1525 1915
1527 1539
1527 1610
1527 1630
1528 1810
1528 1939
1528 1953
1529 1810
1530 1614
1530 1802
1531 1535
1531 1826
1531 1854
1531 1966
1532 1570
1532 1574
1532 1663
1532 1881
1532 1949
1532 1994
1533 1777
1533 1880
1533 1952
1534 1693
1534 1716
1534 1943
1534 1955
1535 1710
1535 1773
1535 1799
1535 1838
1535 1881
1535 1935
1536 1557
1536 1733
1536 1921
1536 1979
1537 1578
1537 1733
1538 1629
1538 1767
1539 1637
1540 1596
1540 1705
1540 1830
1540 1907
1541 1551
1541 1592
1541 1613
1541 1995
1542 1806
1542 1832
1542 1936
1543 1661
1543 1802
1544 1563
1544 1869
1544 1883
1544 1956
1544 1971
1545 1730
1545 1776
1545 1797
1546 1551
1546 1657
1546 1793
1546 1862
1548 1600
1548 1720
1548 1906
1549 1582
1549 1687
1549 1733
1549 1862
1550 1884
1550 1960
1550 1988
1551 1871
1551 1981
1552 1841
1552 1979
1553 1570
1553 1675
1553 1863
1554 1567
1554 1574
1554 1793
1554 1800
1554 1813
1555 1798
1555 1923
1556 1615
1556 1646
1557 1609
1557 1708
1557 1744
1557 1750
1557 1753
1557 1877
1557 1937
1559 1710
1559 1908
1560 1833
1560 2000
1561 1647
1561 1773
1562 1734
1562 1839
1563 1667
1563 1903
1563 1974
1564 1638
1564 1662
1564 1813
1565 1808
1566 1578
1567 1865
1567 1898
1568 1738
1568 1940
1569 1849
1569 1926
1570 1726
1570 1907
1571 1591
1571 1650
1571 1682
1571 1694
1571 1794
1571 1853
1572 1869
1573 1734
1573 1878
1573 1892
1573 1899
1574 1873
1575 1692
1575 1777
1575 1799
1575 1954
1576 1665
1576 1731
1576 1858
1577 1724
1577 1826
1578 1620
1578 1778
1578 1891
1579 1676
1581 1868
1581 1892
1581 1951
1582 1674
1583 1720
1583 1999
1585 1595
1585 1623
1585 1650
1586 1751
1586 1821
1586 1857
1587 1599
1587 1661
1587 1927
1589 1759
1589 1887
1589 1951
1590 1591
1590 1705
1590 1808
1590 1849
1592 1815
1592 1839
1593 1607
1594 1607
1594 1744
1595 1662
1595 1937
1595 1999
1596 1615
1596 1695
1596 1698
1596 1858
1596 1999
1597 1758
1599 1828
1599 1911
1600 1675
1600 1896
1601 1833
1601 1851
1601 1864
1602 1744
1602 1825
1602 1933
1602 1983
1604 1616
1604 1631
1604 1748
1605 1732
1605 1811
1605 1978
1606 1879
1606 1959
1607 1992
1608 1682
1608 1769
1608 1781
1609 1748
1609 1789
1609 1865
1610 1666
1610 1735
1610 1747
1612 1869
1612 1915
1612 1927
1612 1972
1613 1760
1613 1852
1613 1951
1613 1954
1614 1905
1614 1958
1614 1969
1615 1617
1615 1875
1616 1818
1617 1778
1617 1983
1618 1622
1618 1826
1619 1915
1620 1702
1620 1807
1621 1697
1621 1826
1622 1733
1622 1963
1623 1747
1623 1932
1623 1947
1623 1974
1626 1665
1626 1793
1626 1980
1627 1837
1630 1691
1630 1844
1630 1893
1630 1924
1630 1932
1632 1710
1632 1818
1633 1749
1633 1794
1633 1813
1633 1946
1634 1846
1634 1910
1634 1943
1635 1833
1635 1967
1638 1775
1638 1818
1638 1927
1638 1982
1639 1718
1639 1742
1641 1777
1641 1845
1641 1872
1642 1782
1642 1905
1642 1945
1643 1673
1644 1699
1645 1715
1645 1723
1645 1950
1645 1956
1646 1833
1646 1872
1646 1895
1647 1782
1648 1677
1648 1733
1648 1892
1648 1926
1648 1991
1649 1973
1651 1829
1651 1901
1651 1905
1651 1979
1652 1704
1652 1734
1652 1748
1652 1989
1653 1800
1654 1716
1655 1771
1656 1707
1657 1753
1661 1728
1661 1797
1663 1837
1663 1896
1664 1991
1665 1918
1666 1724
1667 1757
1668 1848
1668 1926
1668 1956
1671 1749
1671 1775
1672 1891
1672 1979
1673 1861
1673 1945
1674 1781
1674 1910
1676 1791
1676 1912
1677 1792
1677 1986
1678 1752
1679 1727
1680 1816
1681 1695
1681 1758
1682 1709
1682 1864
1683 1899
1685 1737
1685 1831
1685 1925
1687 1805
1688 1914
1689 1982
1690 1865
1691 1978
1692 1703
1693 1888
1694 1852
1694 1996
1695 1876
1695 1966
1695 1983
1696 1700
1696 1922
1698 1796
1698 1869
1699 1905
1700 1785
1700 1845
1700 1848
1700 1849
1700 1864
1701 1877
1702 1766
1702 1869
1704 1754
1704 1954
1705 1900
1706 1823
1706 1846
1706 1949
1708 1870
1708 1949
1708 1986
1708 1990
1709 1720
1709 1822
1709 1836
1711 1776
1711 1820
1711 1908
1713 1905
1715 1801
1716 1751
1716 1866
1717 1801
1717 1819
1717 1946
1719 1773
1720 1895
1720 1937
1721 1807
1721 1810
1721 2000
1722 1742
1722 1777
1723 1807
1724 1759
1724 1829
1727 1916
1728 1759
1728 1791
1729 1876
1729 1991
1733 1968
1734 1764
1734 1959
1736 1803
1736 1861
1736 1930
1737 1800
1738 1768
1739 1857
1739 1975
1741 1864
1741 1879
1741 1920
1741 1975
1742 1786
1742 1976
1743 1751
1745 1762
1745 1930
1746 1872
1746 1883
1747 1984
1749 1870
1749 1946
1749 1957
1750 1825
1751 1780
1751 1893
1752 1917
1754 1768
1754 1926
1754 1967
1754 1993
1755 1782
1755 1787
1755 1798
1755 1874
1755 1940
1755 1958
1756 1892
1756 1970
1757 1803
1757 1886
1757 1923
1759 1812
1759 1954
1760 1841
1761 1789
1762 1856
1765 1782
1765 1820
1765 1894
1767 1888
1767 1988
1769 1877
1771 1858
1773 1849
1773 1978
1773 1995
1776 1905
1778 1807
1780 1959
1781 1881
1781 1890
1782 1845
1782 1856
1782 1866
1782 1945
1784 1871
1786 1906
1786 1914
1787 1866
1787 1947
1787 1963
1788 1867
1789 1871
1790 1832
1790 1937
1791 1964
1792 1908
1793 1805
1793 1837
1793 1867
1794 1974
1795 1872
1797 1865
1797 1873
1803 1985
1804 1943
1804 1952
1807 1812
1807 1931
1809 1994
1811 1907
1811 1948
1811 1988
1812 1999
1813 1914
1813 1917
1814 1836
1814 1914
1815 1859
1816 1847
1816 1930
1817 1860
1818 1915
1818 1917
1821 1863
1821 1877
1821 1967
1821 1988
1822 1875
1822 1882
1822 1907
1826 1918
1827 1957
1829 1905
1830 1959
1832 1839
1832 1871
1832 1975
1834 1873
1834 1928
1835 1881
1835 2000
1838 1849
1841 1937
1841 1993
1843 1885
1843 1966
1844 1955
1845 1957
1847 1963
1848 1887
1850 1902
1851 1999
1852 1901
1852 1946
1854 1927
1856 1879
1859 1927
1861 1913
1862 1888
1865 1866
1870 1996
1871 1986
1872 1980
1874 1997
1878 1893
1878 1925
1879 1943
1882 1898
1886 1923
1891 1968
1892 1919
1896 1898
1896 1991
1902 1955
1904 1929
1905 1970
1906 1933
1911 1948
1915 1991
1916 1929
1916 1983
1917 1932
1922 1974
1925 1955
1925 1991
1926 1967
1926 1975
1928 1982
1931 1950
1931 1956
1932 1972
1934 1973
1935 1986
1937 1944
1941 1953
1959 1967
1959 1973
1965 1969
1969 1978
1969 1982
