2000
1 38
1 303
1 464
1 534
1 764
1 842
1 1002
1 1013
1 1499
1 1595
1 1824
1 1983
2 140
2 161
2 403
2 888
2 985
2 1756
2 1772
3 119
3 192
3 320
3 355
3 609
3 832
3 965
3 1160
3 1632
3 1693
3 1803
4 170
4 212
4 562
4 732
4 984
4 1080
4 1117
4 1484
4 1651
4 1677
4 1798
5 747
5 766
5 918
5 1011
5 1189
5 1307
5 1361
5 1390
5 1396
5 1483
5 1693
5 1744
6 42
6 441
6 478
6 1695
6 1894
7 115
7 153
7 461
7 831
7 871
7 1169
7 1577
7 1931
8 102
8 156
8 207
8 441
8 474
8 650
8 744
8 747
8 851
8 1171
8 1819
9 590
9 752
9 779
9 857
9 912
9 1373
9 1418
9 1624
9 1737
9 1946
9 1963
10 232
10 350
10 553
10 650
10 662
10 847
10 1145
10 1423
10 1953
10 1976
11 288
11 290
11 431
11 515
11 911
11 1284
12 200
12 319
12 548
12 649
12 774
12 850
12 1355
12 1432
12 1612
12 1783
12 1826
12 1971
13 92
13 449
13 532
13 1069
13 1143
13 1326
13 1665
14 37
14 622
14 679
14 883
14 1120
14 1154
14 1216
14 1443
14 1454
14 1504
14 1736
14 1814
14 1875
15 1279
15 1432
15 1526
15 1567
15 1878
15 1942
15 1988
16 39
16 62
16 102
16 119
16 132
16 499
16 509
16 978
16 1627
16 1798
16 1933
16 1966
17 448
17 624
17 676
17 1154
17 1307
17 1397
17 1524
17 1634
18 91
18 289
18 319
18 799
18 824
18 855
18 912
18 978
18 990
18 1128
18 1820
19 519
19 642
19 1008
19 1151
19 1986
20 62
20 819
20 857
20 882
20 983
20 1054
20 1102
20 1117
20 1541
21 592
21 1466
21 1478
21 1499
21 1841
22 219
22 350
22 537
22 540
22 546
22 633
22 969
22 1034
22 1726
22 1769
22 1847
23 131
23 354
23 415
23 477
23 643
23 793
23 799
23 897
23 924
23 980
23 1459
23 1525
23 1768
23 1874
24 377
24 413
24 604
24 783
24 844
24 1344
24 1480
25 274
25 296
25 605
25 1148
25 1377
26 189
26 645
26 881
26 1043
26 1502
26 1659
26 1662
26 1766
26 1863
27 177
27 312
27 523
27 716
27 759
27 901
27 923
27 1067
27 1292
27 1556
27 1692
27 1826
28 253
28 348
28 891
28 988
28 993
28 1559
28 1568
29 254
29 708
29 994
29 1161
29 1309
29 1610
29 1906
30 72
30 161
30 267
30 437
30 535
30 540
30 574
30 910
30 1137
30 1408
30 1626
31 446
31 543
31 551
31 599
31 1099
31 1255
31 1314
31 1354
31 1534
31 1769
31 1795
31 1859
32 95
32 197
32 216
32 243
32 286
32 581
32 593
32 777
32 950
32 963
32 1135
32 1662
32 1876
33 637
33 657
33 806
33 1236
33 1354
33 1469
33 1489
33 1760
33 1874
34 639
34 837
34 1155
34 1358
34 1376
34 1400
34 1471
34 1571
34 1601
35 81
35 140
35 313
35 554
35 657
35 743
35 772
35 838
35 1022
35 1492
35 1980
36 212
36 469
36 596
36 619
36 659
36 999
36 1102
36 1120
36 1597
37 295
37 418
37 753
37 831
37 1175
37 1544
37 1891
38 186
38 369
38 879
38 913
38 1007
38 1009
38 1291
38 1936
39 46
39 207
39 430
39 949
39 1897
40 675
40 835
40 910
40 935
40 1019
40 1031
40 1076
40 1149
40 1587
40 1740
40 1896
41 512
41 747
41 838
41 1179
41 1482
41 1619
41 1753
41 1913
42 778
42 1327
42 1408
42 1516
42 1781
43 210
43 511
43 536
43 862
43 932
43 1713
43 1843
43 1873
44 159
44 241
44 920
44 1086
44 1772
44 1831
44 1845
45 310
45 933
45 986
45 1023
45 1391
45 1813
45 1918
46 225
46 257
46 274
46 318
46 417
46 643
46 686
46 1161
46 1751
47 144
47 220
47 252
47 403
47 423
47 1003
47 1039
47 1538
47 1949
47 1972
48 78
48 647
48 673
48 758
48 1265
48 1590
48 1775
48 1844
49 303
49 427
49 1275
50 286
50 339
50 420
50 479
50 557
50 1401
50 1529
50 1562
50 1578
50 1928
51 285
51 504
51 688
51 1050
51 1055
51 1100
51 1425
51 1566
52 295
52 377
52 446
52 823
52 1063
52 1229
52 1246
52 1260
52 1306
52 1741
52 1764
52 1847
52 1875
53 449
53 645
53 660
53 881
53 886
53 1163
53 1397
53 1879
53 1947
54 218
54 529
54 567
54 832
54 963
54 1041
54 1185
54 1238
54 1294
54 1368
55 139
55 210
55 311
55 574
55 584
55 825
55 875
55 1108
55 1190
55 1311
55 1520
55 1688
55 1892
55 1901
56 282
56 999
56 1143
56 1260
56 1299
56 1408
56 1560
56 1746
56 1803
56 1978
57 707
57 718
57 980
57 989
57 1020
57 1228
57 1323
57 1529
57 1750
57 1925
58 455
58 857
58 928
58 1033
58 1038
58 1080
58 1231
58 1293
58 1310
58 1717
58 1757
58 1802
58 1831
59 405
59 549
59 1096
59 1182
59 1299
59 1647
59 1667
59 1754
60 198
60 499
60 536
60 692
60 717
60 866
60 949
60 1027
60 1097
60 1115
60 1147
60 1244
60 1378
60 1382
61 476
61 550
61 599
61 836
61 910
61 1273
61 1404
61 1534
61 1597
61 1811
61 1864
61 1912
62 337
62 633
62 655
62 701
62 785
62 1046
62 1409
62 1415
62 1872
63 96
63 161
63 308
63 558
63 863
63 869
63 973
63 1166
63 1464
64 255
64 260
64 277
64 295
64 324
64 1274
64 1312
64 1509
64 1826
65 235
65 289
65 462
65 465
65 610
65 693
65 839
65 947
65 1443
65 1504
66 715
66 961
66 1248
66 1663
66 1905
67 99
67 127
67 332
67 399
67 426
67 680
67 732
67 754
67 1044
67 1161
67 1172
67 1449
67 1659
68 73
68 489
68 554
68 849
68 1074
68 1235
68 1254
68 1282
68 1444
68 1543
69 74
69 588
69 733
69 771
69 878
69 1313
69 1494
69 1655
69 1866
70 370
70 1246
70 1259
70 1583
70 1749
70 1989
71 547
71 1595
71 1868
72 291
72 662
72 738
72 783
72 1020
72 1162
72 1908
73 131
73 319
73 327
73 447
73 532
73 734
73 994
73 1235
73 1711
74 298
74 812
74 839
74 1263
74 1289
74 1503
74 1919
75 115
75 116
75 140
75 227
75 875
75 931
75 1043
75 1650
76 241
76 343
76 356
76 369
76 521
76 926
76 927
77 92
77 249
77 286
77 324
77 331
77 860
77 1261
77 1471
77 1490
77 1525
77 1646
77 1785
78 96
78 167
78 249
78 555
78 708
78 1070
78 1351
78 1546
79 696
79 918
79 1063
79 1369
79 1419
79 1451
79 1472
79 1648
79 1746
79 1899
79 1903
80 185
80 296
80 791
80 1152
80 1198
80 1263
80 1391
80 1427
80 1681
80 1800
80 1908
81 285
81 464
81 465
81 971
81 1040
81 1163
81 1246
81 1456
81 1512
81 1570
81 1725
81 1771
82 264
82 324
82 424
82 478
82 879
82 1506
82 1906
83 477
83 693
83 932
83 934
83 1120
83 1153
83 1252
83 1399
83 1420
83 1575
84 521
84 765
84 1017
84 1069
84 1166
84 1188
84 1241
84 1448
85 402
85 607
85 886
85 908
85 1042
85 1390
85 1672
85 1679
85 1732
85 1875
85 1960
85 1998
86 222
86 809
86 1181
86 1263
86 1475
86 1625
86 1677
86 1735
86 1797
86 1872
87 408
87 738
87 764
87 1037
87 1112
87 1130
87 1203
87 1429
87 1491
87 1503
87 1615
87 1706
87 1748
87 1951
87 1992
88 421
88 558
88 865
88 900
88 1080
88 1134
88 1245
88 1265
88 1409
89 139
89 238
89 299
89 521
89 528
89 554
89 564
89 648
89 1047
89 1563
89 1610
89 1650
89 1769
90 197
90 279
90 344
90 479
90 814
90 1114
90 1172
90 1335
90 1431
91 375
91 393
91 416
91 530
91 547
91 581
91 1378
91 1734
91 1888
91 1972
92 281
92 1030
92 1411
92 1622
92 1926
92 1946
93 157
93 520
93 538
93 1359
93 1370
93 1504
93 1790
94 171
94 419
94 653
94 951
94 1120
94 1154
94 1317
94 1471
94 1542
94 1632
95 167
95 174
95 594
95 966
95 1021
95 1444
95 1470
95 1601
95 1876
96 338
96 510
96 1268
96 1553
97 109
97 660
97 1180
97 1304
97 1325
97 1583
97 1823
97 1906
98 118
98 174
98 702
98 921
98 1073
98 1087
98 1170
98 1644
99 202
99 359
99 647
99 688
99 704
99 872
99 980
99 1516
100 188
100 267
100 1271
100 1336
100 1453
100 1826
100 1865
100 1897
100 1947
101 619
101 767
101 1112
101 1358
101 1612
101 1929
102 213
102 238
102 542
102 788
102 822
102 931
102 972
102 1016
102 1150
102 1196
102 1264
102 1403
102 1522
102 1724
103 433
103 1105
103 1405
103 1670
103 1686
104 477
104 555
104 988
104 1234
104 1340
104 1451
104 1593
104 1890
104 1993
105 157
105 171
105 351
105 386
105 468
105 540
105 725
105 804
105 877
105 1255
105 1501
105 1606
105 1807
106 296
106 437
106 702
106 776
106 832
106 943
106 1186
106 1219
106 1229
106 1280
106 1393
106 1917
106 1962
107 196
107 223
107 460
107 510
107 523
107 1070
107 1090
107 1359
107 1406
107 1790
108 250
108 284
108 753
108 918
108 940
108 1154
108 1431
108 1500
108 1837
108 1881
109 164
109 266
109 444
109 622
109 873
109 942
109 1480
109 1759
110 165
110 214
110 348
110 409
110 536
110 554
110 904
110 1129
110 1192
110 1843
111 153
111 188
111 213
111 243
111 306
111 712
111 1118
111 1402
111 1471
111 1815
111 1868
111 1940
112 173
112 422
112 553
112 1028
112 1243
112 1398
112 1818
113 178
113 373
113 421
113 448
113 511
113 1220
113 1640
113 1663
113 1931
114 235
114 622
114 724
114 865
114 1403
114 1481
114 1708
115 305
115 346
115 634
115 965
115 1350
115 1383
115 1791
116 300
116 308
116 521
116 819
116 1267
116 1463
117 405
117 556
117 835
117 937
117 1000
117 1214
117 1264
117 1480
117 1953
118 333
118 350
118 388
118 661
118 687
118 833
118 1525
118 1869
118 1878
119 129
119 356
119 497
119 900
119 1017
119 1357
119 1401
119 1609
119 1811
120 124
120 150
120 360
120 924
120 936
120 1058
120 1955
121 586
121 709
121 840
121 1004
121 1152
121 1293
121 1314
121 1344
121 1437
121 1470
122 451
122 919
122 1234
122 1547
122 1575
122 1733
122 1843
123 280
123 364
123 390
123 442
123 536
123 589
123 620
123 689
123 927
123 957
123 1360
123 1420
123 1449
123 1662
123 1765
123 1830
124 376
124 466
124 566
124 884
124 900
124 1114
124 1205
124 1329
124 1405
124 1712
124 1857
125 319
125 368
125 477
125 791
125 920
125 1163
125 1263
125 1566
125 1717
125 1736
125 1790
126 329
126 355
126 470
126 561
126 633
126 726
126 947
126 1395
126 1479
126 1866
126 1915
126 1989
127 313
127 887
127 1106
127 1122
127 1313
127 1429
127 1812
127 1922
128 200
128 439
128 460
128 630
128 770
128 775
128 856
128 933
128 1376
128 1435
128 1742
128 1885
129 141
129 280
129 486
129 643
129 971
129 1364
129 1484
130 132
130 309
130 1050
130 1338
130 1383
130 1418
130 1797
131 1162
131 1712
132 612
132 625
132 817
132 944
132 1206
132 1324
132 1635
132 1796
132 1996
133 295
133 1019
133 1088
133 1091
133 1111
133 1116
133 1207
133 1727
133 1901
134 404
134 497
134 588
134 592
134 1009
134 1365
134 1703
134 1844
134 1853
134 1911
135 165
135 177
135 357
135 967
135 1030
135 1137
135 1156
135 1177
135 1884
135 1986
136 200
136 442
136 549
136 737
136 747
136 753
136 840
136 889
136 926
136 994
136 1107
136 1266
136 1411
136 1539
136 1888
136 1932
136 1996
137 234
137 301
137 493
137 1071
137 1274
137 1437
137 1611
137 1692
138 332
138 591
138 680
138 834
138 990
138 1400
138 1843
139 240
139 257
139 394
139 423
139 455
139 938
139 1017
139 1209
139 1431
139 1526
139 1595
139 1737
139 1818
140 203
140 326
140 457
140 925
140 1013
140 1383
140 1540
140 1665
140 1749
140 1811
141 212
141 437
141 1198
141 1484
141 1756
141 1966
142 377
142 444
142 763
142 775
142 1289
142 1349
142 1609
142 1610
142 1690
142 1866
143 505
143 1029
143 1095
143 1340
143 1658
144 382
144 544
144 696
144 839
144 1224
144 1254
144 1640
144 1690
144 1701
144 1816
144 1826
144 1861
145 215
145 296
145 584
145 1266
145 1428
145 1503
145 1585
145 1719
145 1918
146 371
146 402
146 432
146 618
146 1041
146 1073
146 1167
146 1310
146 1425
146 1439
146 1502
146 1566
146 1750
146 1764
146 1984
147 191
147 412
147 498
147 643
147 787
147 922
147 947
147 1081
147 1268
147 1707
147 1825
147 1860
147 1892
148 424
148 1756
149 588
149 1121
149 1429
149 1736
150 303
150 419
150 617
150 647
150 717
150 840
150 1086
150 1242
150 1245
150 1487
150 1583
151 444
151 518
151 740
151 963
151 1063
151 1255
151 1500
151 1550
151 1752
151 1754
151 1819
152 289
152 369
152 489
152 560
152 693
152 706
152 969
152 1059
152 1225
152 1282
152 1307
152 1382
152 1496
152 1609
153 520
153 569
153 1014
153 1813
153 1816
153 1827
153 1909
154 237
154 465
154 860
154 912
154 1100
154 1163
154 1171
154 1255
154 1304
154 1329
154 1335
154 1390
154 1812
155 377
155 1065
155 1190
155 1425
155 1556
155 1991
156 196
156 261
156 572
156 1090
156 1183
156 1280
156 1478
156 1949
157 759
157 828
157 890
157 1245
157 1340
157 1555
157 1616
158 440
158 578
158 1614
158 1780
158 1959
159 234
159 277
159 544
159 566
159 750
159 1114
159 1249
159 1260
159 1279
159 1847
159 1858
159 1917
159 1997
160 245
160 248
160 498
160 1070
160 1117
160 1556
160 1826
161 166
161 582
161 1384
162 395
162 496
162 759
162 804
162 1093
162 1116
162 1168
162 1224
162 1489
162 1659
162 1712
163 628
163 892
163 917
163 1591
164 327
164 734
164 745
164 1226
164 1316
164 1552
164 1562
164 1948
165 419
165 716
165 809
165 974
165 1089
165 1109
165 1141
165 1652
165 1657
165 1676
165 1821
166 306
166 978
166 1130
166 1316
166 1428
166 1878
166 1992
167 784
168 570
168 851
168 898
168 1057
168 1202
168 1217
168 1240
168 1364
168 1385
168 1667
169 1048
169 1251
169 1351
169 1372
169 1733
169 1811
169 1854
170 499
170 524
170 683
170 689
170 961
170 1038
170 1424
170 1629
170 1780
171 274
171 353
171 390
171 507
171 866
171 927
171 1016
171 1793
171 1834
172 189
172 458
172 570
172 1134
172 1229
172 1247
172 1248
172 1293
172 1354
172 1442
172 1588
172 1736
172 1888
172 1905
173 538
173 726
173 866
173 1015
173 1076
173 1267
173 1286
173 1411
173 1876
174 244
174 358
174 998
174 1072
174 1506
174 1778
175 397
175 869
175 1089
175 1128
175 1252
175 1839
175 1863
176 504
176 519
176 700
176 712
176 1184
176 1710
176 1786
177 797
177 847
177 1326
177 1542
177 1615
178 382
178 639
178 1209
178 1264
178 1424
178 1541
178 1581
178 1619
178 1788
178 1978
179 403
179 588
179 589
179 903
179 914
179 1127
179 1130
179 1335
179 1336
179 1417
179 1448
179 1610
179 1699
179 1760
179 1762
180 192
180 318
180 450
180 539
180 647
180 678
180 903
180 1256
180 1360
180 1494
181 1275
181 1603
181 1614
181 1637
181 1873
181 1918
181 1920
182 375
182 381
182 1008
182 1091
182 1101
182 1297
182 1678
183 344
183 495
183 571
183 686
183 1339
183 1520
183 1598
183 1650
184 374
184 386
184 774
184 809
184 815
184 822
184 1110
184 1212
184 1768
185 741
185 858
185 921
185 1163
185 1399
185 1432
185 1834
185 1988
186 354
186 1112
186 1160
186 1303
186 1736
186 1880
187 451
187 822
187 1346
187 1387
187 1544
187 1671
187 1749
187 1848
187 1891
188 689
188 776
188 792
188 896
188 1099
188 1274
188 1407
188 1494
188 1623
188 1700
189 230
189 512
189 788
189 876
189 1356
189 1525
189 1928
189 1938
190 590
190 746
190 963
190 1002
190 1229
190 1292
190 1295
190 1726
191 305
191 520
191 820
191 936
191 1181
191 1190
191 1252
191 1697
191 1735
192 343
192 1174
192 1418
192 1615
192 1803
192 1994
193 411
193 535
193 695
193 783
193 1135
194 553
194 666
194 1088
194 1431
194 1789
194 1942
194 1953
194 1995
195 216
195 275
195 379
195 581
195 695
195 970
195 1061
195 1841
195 1859
195 1905
196 293
196 1040
196 1290
196 1317
196 1369
196 1441
196 1455
196 1589
196 1976
197 390
197 445
197 551
197 716
197 820
197 1037
197 1225
197 1769
198 625
198 949
198 1309
199 243
199 316
199 380
199 423
199 497
199 682
199 908
199 1061
199 1278
199 1363
199 1611
199 1956
200 344
200 657
200 1006
200 1037
200 1226
200 1281
200 1297
200 1614
200 1814
200 1872
201 420
201 514
201 894
201 946
201 1081
201 1113
201 1153
201 1300
201 1472
201 1492
201 1728
202 274
202 380
202 1160
202 1181
202 1477
202 1782
202 1802
202 1899
203 1089
203 1127
203 1208
203 1352
203 1470
203 1986
204 1022
204 1169
204 1189
204 1273
204 1525
204 1738
205 224
205 514
205 770
205 778
205 1184
205 1260
205 1763
206 652
206 681
206 742
206 1234
206 1342
206 1496
206 1518
206 1700
206 1780
207 399
207 914
207 961
207 1013
207 1169
207 1218
207 1400
207 1616
207 1682
208 627
208 685
208 870
208 967
208 1115
208 1160
208 1287
208 1679
208 1725
208 1755
209 533
209 962
209 1536
209 1603
209 1685
209 1727
210 244
210 464
210 495
210 576
210 701
210 761
210 900
210 996
210 998
210 1250
210 1549
210 1668
210 1685
210 1885
211 240
211 455
211 608
211 692
211 723
211 986
211 1060
211 1406
211 1897
212 249
212 585
212 917
212 1063
212 1895
213 354
213 510
213 913
213 1081
213 1086
213 1094
213 1179
213 1332
213 1439
213 1602
213 1630
213 1647
213 1845
213 1874
214 1119
214 1369
214 1486
214 1587
214 1613
214 1778
214 1912
215 417
215 904
215 1035
215 1104
215 1111
215 1321
215 1337
215 1390
215 1417
215 1504
216 471
216 901
216 1039
216 1074
216 1418
216 1476
216 1990
217 581
217 840
217 1041
217 1348
217 1552
217 1585
217 1799
217 1885
217 1886
217 1941
218 246
218 390
218 680
218 841
218 864
218 1033
218 1375
218 1602
218 1788
218 1876
218 1985
219 237
219 501
219 796
219 931
219 1176
219 1270
220 812
220 1493
220 1515
220 1671
221 271
221 655
221 1079
221 1625
221 1769
221 1833
222 230
222 258
222 354
222 553
222 1105
222 1349
222 1469
223 329
223 524
223 578
223 781
223 865
223 1094
223 1164
223 1214
223 1662
223 1718
223 1731
224 427
224 439
224 710
224 757
224 1049
224 1638
224 1943
224 2000
225 474
225 519
225 524
225 1061
225 1105
225 1747
226 1060
226 1382
226 1533
226 1540
227 229
227 304
227 439
227 545
227 907
227 1047
227 1996
228 377
228 487
228 522
228 1278
228 1390
228 1753
229 400
229 404
229 775
229 904
229 1620
229 1662
229 1689
229 1804
229 1990
230 585
230 987
230 1014
230 1342
230 1517
230 1529
230 1893
231 306
231 411
231 659
231 1097
231 1450
232 286
232 433
232 583
232 590
232 812
232 823
232 955
232 1164
232 1528
232 1666
232 1968
233 957
233 1046
233 1063
233 1213
233 1755
234 583
234 609
234 1075
234 1188
234 1868
235 578
235 597
235 653
235 807
235 1114
235 1704
235 1789
235 1812
236 287
236 517
236 599
236 673
236 686
236 841
236 1042
236 1169
236 1478
236 1502
236 1883
237 324
237 350
237 913
237 965
237 1105
237 1353
237 1517
237 1520
237 1639
237 1777
238 254
238 361
238 453
238 459
238 461
238 489
238 638
238 950
238 1056
238 1083
238 1150
238 1262
238 1530
238 1623
238 1751
238 1827
239 323
239 352
239 430
239 495
239 590
239 857
239 919
239 1112
239 1546
239 1585
239 1623
239 1693
239 1858
239 1905
240 318
240 385
240 396
240 938
240 1192
240 1296
240 1538
240 1665
240 1897
241 800
241 1001
241 1126
241 1619
241 1683
241 1703
241 1750
241 1787
242 416
242 420
242 509
242 601
242 644
242 692
242 871
242 983
242 1466
242 1634
242 1736
242 1795
243 303
243 364
243 389
243 810
243 832
243 1147
243 1437
243 1457
243 1514
243 1658
243 1702
244 536
244 885
244 1728
245 381
245 430
245 616
245 1115
245 1400
245 1465
246 416
246 560
246 797
246 851
246 871
246 977
246 1364
246 1420
246 1598
246 1674
246 1720
247 337
247 531
247 614
247 738
247 812
247 903
247 955
247 1288
247 1417
247 1525
247 1654
247 1709
248 272
248 310
248 537
248 1135
248 1706
248 1922
249 281
249 736
249 1073
249 1084
249 1349
249 1457
249 1511
249 1564
249 1752
249 1818
249 1905
250 364
250 408
250 475
250 555
250 562
250 751
250 783
250 953
250 1162
250 1187
250 1222
250 1289
250 1930
251 432
251 713
251 831
251 1295
251 1458
251 1561
251 1786
251 1942
252 698
252 782
252 894
252 1129
252 1754
252 1838
252 1846
252 1988
253 314
253 465
253 863
253 965
253 977
253 1118
253 1403
253 1572
253 1781
253 1893
254 356
254 620
254 658
254 782
254 789
254 876
254 910
254 1180
254 1203
254 1630
254 1761
254 1801
255 659
255 1109
255 1175
256 634
256 712
256 940
256 1178
256 1515
256 1678
257 394
257 863
257 1142
257 1640
257 1755
258 1285
258 1340
258 1424
258 1433
258 1826
258 1969
259 341
259 845
259 863
259 938
259 1336
259 1347
259 1737
260 341
260 513
260 944
260 1127
260 1172
260 1824
260 1842
260 1887
261 324
261 668
261 957
261 967
261 1319
261 1955
262 330
262 485
262 874
262 987
262 1026
262 1215
262 1749
263 296
263 459
263 633
263 796
263 950
263 1107
263 1388
263 1702
263 1786
264 329
264 395
264 660
264 912
264 1031
264 1051
264 1302
264 1512
264 1609
265 406
265 536
265 608
265 779
265 1543
265 1775
265 1801
265 1846
266 318
266 580
266 603
266 919
266 1046
266 1348
266 1464
266 1741
267 535
267 865
267 963
267 1101
267 1547
267 1820
267 1942
268 685
268 1007
268 1034
268 1563
268 1720
268 1799
268 1853
268 1918
269 599
269 1087
269 1844
269 1895
269 1933
270 390
270 579
270 916
270 1082
270 1110
270 1339
270 1406
270 1411
270 1741
270 1766
270 1972
271 282
271 1352
271 1518
272 554
272 966
272 1369
272 1511
272 1640
272 1786
273 342
273 420
273 964
273 985
273 1335
273 1456
273 1676
274 317
274 367
274 391
274 469
274 905
274 1017
274 1170
274 1392
274 1444
274 1473
274 1718
274 1976
275 472
275 506
275 999
275 1599
275 1661
275 1813
275 1818
275 1825
275 1849
276 731
276 986
276 1735
277 363
277 366
277 411
277 551
277 1110
277 1429
277 1595
278 316
278 491
278 528
278 770
278 792
278 969
278 1024
278 1200
278 1951
279 340
279 1663
279 1705
279 1752
279 1791
280 531
280 550
280 747
280 942
280 1274
280 1777
280 1796
280 1871
281 371
281 451
281 1108
281 1304
281 1559
281 1735
281 1857
281 1940
281 1948
282 406
282 495
282 954
282 995
282 1011
282 1243
282 1333
282 1712
282 1753
282 1805
282 1921
283 733
283 1002
283 1394
283 1550
283 1606
283 1794
284 531
284 591
284 1033
284 1670
284 1966
285 357
285 442
285 562
285 660
285 803
285 992
285 1008
285 1367
285 1419
285 1579
285 1647
286 454
286 555
286 682
286 872
286 996
286 1004
286 1065
286 1429
286 1688
286 1857
287 293
287 442
287 552
287 635
287 679
287 1222
287 1583
287 1587
287 1628
287 1875
288 649
288 863
288 937
288 1136
288 1335
288 1897
289 303
289 355
289 1065
289 1293
289 1409
289 1709
290 337
290 381
290 553
290 595
290 681
290 700
290 814
290 837
290 1866
291 899
291 1001
291 1374
291 1429
291 1614
291 1704
291 1931
291 1942
292 463
292 757
292 1077
292 1124
292 1380
292 1569
292 1595
292 1687
292 1814
293 329
293 364
293 383
293 390
293 915
293 1198
293 1392
293 1625
293 1923
293 1979
294 378
294 425
294 699
294 850
294 1170
294 1294
294 1446
294 1555
294 1709
295 1170
295 1213
295 1345
295 1377
295 1399
295 1702
295 1977
296 331
296 445
296 621
296 788
296 842
296 937
296 958
296 1142
296 1264
296 1404
296 1494
296 1735
296 1811
297 333
297 346
297 409
297 511
297 519
297 1348
297 1448
297 1459
297 1688
297 1920
297 1960
298 330
298 395
298 523
298 636
298 653
298 1719
298 1829
298 1891
299 309
299 548
299 813
299 839
299 898
299 1252
299 1478
299 1479
299 1673
299 1733
299 1888
300 692
300 759
300 817
300 1465
300 1549
300 1861
300 1893
301 376
301 797
301 1009
301 1212
301 1408
301 1430
301 1533
301 1670
301 1781
302 600
302 733
302 974
302 1255
302 1287
302 1341
302 1968
303 478
303 650
303 716
303 1086
303 1154
303 1228
303 1383
303 1671
303 1880
303 1980
304 1095
304 1135
304 1333
304 1378
304 1512
304 1706
305 428
305 573
305 957
305 1144
305 1266
305 1278
305 1779
305 1895
306 515
306 634
306 671
306 1829
307 397
307 528
307 763
307 1264
307 1313
307 1368
307 1713
307 1751
307 1759
307 1808
308 578
308 580
308 733
308 986
308 1126
308 1245
308 1246
308 1418
308 1869
308 1888
309 318
309 1011
309 1293
309 1814
310 854
310 856
310 903
310 1101
310 1298
310 1471
310 1887
310 1978
310 1990
311 949
311 1094
311 1171
311 1240
311 1246
311 1444
311 1732
311 1897
312 372
312 660
312 787
312 1022
312 1052
312 1063
312 1703
312 1705
312 1858
312 1888
312 1925
312 1978
313 383
313 678
313 950
313 1100
313 1960
313 1978
314 1046
314 1050
314 1069
314 1258
314 1310
314 1617
314 1661
314 1838
315 628
315 737
315 905
315 920
315 1009
315 1015
315 1047
315 1063
315 1112
315 1140
315 1182
315 1233
315 1413
315 1752
316 595
316 676
316 826
316 939
316 1296
317 689
317 878
317 1124
317 1144
317 1395
317 1539
317 1986
318 550
318 1082
318 1108
318 1196
318 1222
318 1516
318 1688
318 1712
318 2000
319 444
319 484
319 574
319 595
319 720
319 926
319 937
319 1021
319 1149
319 1284
319 1301
319 1647
319 1733
319 1779
319 1833
320 794
320 1031
320 1054
320 1698
320 1841
321 339
321 347
321 366
321 729
321 797
321 814
321 1077
321 1287
321 1528
321 1548
321 1898
322 360
322 635
322 713
322 1078
322 1361
322 1830
323 643
323 1391
323 1530
323 1794
324 467
324 1322
324 1367
324 1369
324 1444
324 1682
324 1707
324 1726
325 1878
326 763
326 1388
326 1432
326 1472
326 1802
327 608
327 964
327 1190
327 1287
327 1525
327 1692
327 1714
327 1795
328 413
328 419
328 542
328 573
328 588
328 868
328 1360
328 1892
329 505
329 800
329 1195
329 1241
329 1336
329 1414
329 1472
330 379
330 402
330 1131
330 1140
330 1257
330 1358
330 1402
330 1664
330 1708
331 449
331 467
331 1064
331 1072
331 1537
331 1966
332 416
332 601
332 1032
332 1299
332 1416
332 1589
332 1622
332 1890
332 1970
333 355
333 419
333 460
333 558
333 1008
333 1547
333 1838
334 494
334 816
334 928
334 972
334 1140
334 1164
334 1259
334 1677
334 1959
335 377
335 551
335 597
335 612
335 791
335 1073
335 1130
335 1434
335 1668
335 1755
335 1779
336 1179
336 1473
336 1612
336 1858
336 1895
336 1920
337 908
337 1080
337 1090
337 1104
337 1116
337 1306
337 1437
338 667
338 843
338 990
338 1097
338 1293
338 1299
339 375
339 610
339 760
339 807
339 1215
339 1270
339 1599
339 1748
339 1840
339 1881
340 429
340 779
340 1421
340 1461
340 1642
340 1973
341 362
341 509
341 576
341 741
341 745
341 1501
341 1556
341 1609
341 1699
341 1763
341 1772
341 1975
342 431
342 546
342 693
342 710
342 800
342 939
342 1393
342 1414
342 1578
342 1625
342 1656
342 1789
343 411
343 763
343 957
343 970
343 1357
343 1386
343 1495
343 1528
343 1554
343 1810
343 1822
343 1846
344 413
344 562
344 567
344 637
344 1038
344 1066
344 1421
344 1431
344 1614
345 379
345 634
345 880
345 883
345 925
345 1790
345 1863
345 1897
346 554
346 912
346 988
346 1016
346 1052
346 1190
346 1279
346 1431
346 1461
346 1598
346 1820
347 360
347 713
347 763
347 906
347 1053
347 1201
347 1284
347 1370
347 1488
347 1499
347 1520
347 1881
348 1048
348 1080
348 1450
348 1820
349 357
349 436
349 475
349 670
349 872
349 904
349 1221
349 1336
349 1469
349 1605
349 1999
350 388
350 766
350 978
350 1028
350 1209
350 1264
350 1292
350 1456
350 1643
350 1826
350 1984
351 450
351 481
351 684
351 817
351 987
351 1018
351 1453
351 1983
352 516
352 668
352 929
352 942
352 958
352 1035
352 1170
352 1676
352 1890
353 799
353 1058
353 1612
353 1764
354 424
354 450
354 681
354 1086
354 1512
354 1544
354 1744
354 1937
355 465
355 480
355 711
355 718
355 919
355 1072
355 1369
355 1452
355 1503
355 1598
356 881
356 1419
356 1490
356 1705
356 1791
356 1977
357 409
357 539
357 605
357 836
357 1049
357 1197
357 1807
358 433
358 540
358 1286
358 1449
358 1564
358 1586
358 1840
358 1878
358 1904
359 649
359 855
359 975
359 1086
359 1558
359 1922
360 1171
360 1182
360 1392
360 1461
361 533
361 1284
361 1309
361 1352
361 1391
361 1537
361 1545
362 370
362 427
362 481
362 690
362 762
362 909
362 1014
362 1125
362 1127
362 1395
362 1459
362 1581
362 1685
362 1714
362 1742
363 417
363 521
363 979
363 1257
363 1658
363 1903
364 469
364 611
364 647
364 691
364 1146
364 1560
364 1677
364 1895
364 1990
365 450
365 460
365 470
365 656
365 746
365 804
365 1119
365 1539
365 1731
366 778
366 984
366 1440
366 1529
366 1649
366 1788
366 1842
366 1984
367 720
367 796
367 800
367 815
367 980
367 1066
367 1126
367 1309
367 1451
367 1751
368 389
368 468
368 472
368 577
368 607
368 826
368 844
368 1439
368 1756
369 383
369 503
369 746
369 778
369 835
369 995
369 1164
369 1435
369 1444
369 1524
369 1955
369 1979
369 1999
370 725
370 745
370 848
370 965
370 1039
370 1276
370 1382
370 1586
370 1988
371 483
371 522
371 754
371 820
371 873
371 1372
371 1456
371 1917
372 383
372 525
372 743
372 961
372 1865
373 489
373 1029
373 1307
373 1625
373 1746
373 1771
374 652
374 817
374 878
374 1204
374 1856
374 1889
374 1957
375 380
375 511
375 803
375 1001
375 1163
375 1168
375 1332
375 1335
375 1359
375 1498
375 1767
375 1851
375 1919
376 422
376 867
376 910
376 1219
376 1594
376 1784
376 1946
377 1441
377 1461
377 1538
377 1624
378 496
378 882
378 1521
378 1917
379 431
379 485
379 993
379 1170
379 1350
379 1410
379 1502
379 1503
379 1515
380 553
380 627
380 1415
380 1694
380 1912
381 476
381 736
381 771
381 931
381 1066
381 1361
381 1370
381 1687
381 1831
381 1838
381 1954
382 399
382 530
382 642
382 841
382 881
382 973
382 1019
382 1488
382 1505
382 1670
383 709
383 732
383 1039
383 1442
383 1466
383 1594
383 1636
383 1691
383 1718
384 439
384 819
384 951
384 1015
384 1324
384 1414
384 1472
384 1567
384 1966
385 453
385 690
385 1188
385 1587
385 1673
385 1710
386 535
386 646
386 739
386 757
386 1139
386 1155
386 1709
387 418
387 433
387 495
387 979
387 1372
387 1602
387 1814
388 821
388 1333
388 1583
388 1820
389 935
389 1037
389 1071
389 1114
389 1154
389 1308
389 1504
389 1726
390 526
390 550
390 739
390 760
390 781
390 880
390 1072
390 1084
390 1493
390 1853
391 554
391 926
391 1072
391 1524
391 1695
391 1867
391 1956
392 494
392 1283
392 1309
392 1421
392 1583
392 1872
393 483
393 631
393 728
393 826
393 917
393 1073
393 1688
393 1811
394 513
394 620
394 645
394 673
394 1731
394 1764
394 1883
394 1885
394 1900
394 1939
395 450
395 453
395 642
395 809
395 1247
395 1495
395 1686
395 1733
395 1799
395 1822
395 1978
396 411
396 418
396 694
396 855
396 1036
396 1436
396 1456
396 1481
396 1849
397 401
397 593
397 748
397 1391
397 1408
397 1479
397 1570
397 1751
397 1927
398 560
398 617
398 1250
398 1318
398 1633
398 1762
398 1952
398 1996
399 647
399 680
399 698
399 963
399 1625
399 1636
400 654
400 669
400 762
400 1343
400 1382
400 1470
400 1478
400 1490
400 1547
400 1736
400 1869
400 1901
400 1995
401 677
401 765
401 1374
401 1430
401 1480
401 1546
401 1915
401 1980
402 590
402 1271
402 1457
402 1565
402 1666
402 1717
402 1766
402 1912
402 1951
402 1972
403 443
403 692
403 1270
404 781
404 1049
404 1092
404 1228
404 1304
404 1422
404 1505
405 523
405 775
405 865
405 1224
405 1669
406 821
406 880
406 1055
406 1643
406 1710
406 1747
406 1817
406 1941
407 709
407 1073
407 1225
407 1310
407 1491
407 1505
408 713
408 816
408 1058
409 637
409 978
409 1015
409 1146
409 1313
409 1689
409 1761
409 1790
409 1890
409 1997
410 791
410 932
410 1194
410 1250
410 1466
410 1754
410 1800
411 528
411 775
411 943
411 1039
411 1103
411 1415
411 1423
411 1565
411 1637
411 1790
411 1796
411 1926
412 488
412 1002
412 1309
412 1417
412 1709
412 1810
412 1940
413 520
413 551
413 553
413 753
413 956
413 1156
413 1233
413 1378
413 1746
414 558
414 632
414 1179
414 1736
414 1841
414 1980
415 463
415 707
415 717
415 953
415 1521
415 1564
415 1935
416 563
416 569
416 791
416 1037
416 1795
416 1821
416 1862
416 1882
416 1948
417 514
417 680
417 891
417 986
417 1110
417 1147
417 1591
417 1624
417 1654
417 1820
418 586
418 771
418 1279
418 1624
418 1783
418 1974
419 605
419 617
419 746
419 930
419 1103
419 1609
419 1668
420 573
420 657
420 740
420 770
420 916
420 1351
420 1438
420 1837
420 1932
421 907
421 1046
421 1556
421 1697
421 1727
421 1911
421 1927
421 1940
422 757
422 771
422 1433
422 1903
423 664
423 1063
423 1117
423 1253
423 1491
423 1702
424 505
424 528
424 869
424 870
424 1049
424 1127
424 1143
424 1442
424 1923
425 467
425 879
425 1197
425 1379
425 1702
425 1966
425 1982
426 903
426 1004
426 1224
426 1383
426 1455
426 1531
426 1540
426 1546
426 1761
427 490
427 765
427 965
427 1767
428 596
428 1636
428 1815
428 1889
429 584
429 603
429 818
429 970
429 1042
429 1164
429 1372
429 1374
430 806
430 925
430 1120
430 1463
430 1732
430 1740
430 1859
431 987
431 1758
432 938
432 1295
432 1586
432 1805
432 1849
433 517
433 543
433 746
433 931
433 1040
433 1076
434 801
434 968
434 987
434 1377
434 1495
434 1972
435 469
435 759
435 886
435 1395
435 1442
436 477
436 637
436 791
436 958
436 1019
436 1031
436 1663
436 1714
436 1853
436 1907
437 474
437 937
437 1230
437 1384
437 1411
437 1629
437 1727
438 769
438 985
438 1448
438 1488
438 1919
439 881
439 1048
439 1197
439 1202
439 1641
439 1778
439 1854
440 881
440 974
440 1257
440 1501
441 533
441 568
441 668
441 1048
441 1158
441 1367
441 1387
441 1765
441 1908
441 1965
442 843
442 1110
442 1242
442 1498
442 1585
443 836
443 885
443 953
443 1525
443 1570
443 1655
444 974
444 1211
444 1230
444 1283
444 1543
444 1878
445 522
445 682
445 758
445 1456
445 1519
445 1579
445 1830
446 507
446 575
446 889
446 1071
446 1224
446 1359
446 1522
446 1905
447 821
447 1018
447 1021
447 1320
447 1865
448 632
448 680
448 736
448 1208
448 1691
448 1766
448 1873
449 826
449 1165
449 1440
449 1548
449 1563
449 1589
449 1753
449 1762
450 610
450 786
450 1015
450 1077
450 1249
450 1730
451 855
451 1735
452 470
452 700
452 905
452 1089
452 1160
452 1175
452 1300
452 1881
452 1987
453 546
453 670
453 942
453 971
453 1099
453 1400
453 1744
453 1865
453 1891
454 833
454 1095
454 1161
454 1200
454 1802
454 1844
454 1889
455 660
455 1052
455 1104
455 1144
455 1324
455 1372
455 1929
456 459
456 490
456 587
456 784
456 831
456 952
456 1036
456 1324
456 1369
456 1467
456 1595
456 1744
456 1904
457 732
457 1297
457 1481
457 1578
457 1933
458 695
458 845
458 959
458 1560
458 1702
458 1750
459 477
459 572
459 638
459 1110
459 1365
459 1385
459 1478
459 1526
459 1641
460 895
460 1204
460 1278
460 1366
460 1613
460 1676
460 1714
460 1794
461 764
461 947
461 1250
461 1662
461 1871
461 1874
462 558
462 578
462 614
462 1186
462 1286
463 752
463 797
463 997
463 1057
463 1098
463 1150
463 1381
463 1534
463 1980
464 658
464 797
464 1067
464 1071
464 1407
464 1711
464 1869
465 603
465 850
465 937
465 1139
465 1448
465 1505
466 793
466 849
466 858
466 883
466 1039
466 1222
466 1289
466 1316
466 1548
466 1587
466 1936
467 989
467 1558
467 1909
468 624
468 928
469 562
469 993
469 1142
469 1221
469 1576
469 1645
469 1750
470 714
470 838
470 897
470 993
470 1182
470 1464
470 1987
471 485
471 657
471 982
471 984
471 994
471 1046
471 1095
471 1466
471 1587
471 1816
471 1932
471 1942
471 1985
472 809
472 1105
472 1341
472 1370
472 1508
472 1648
472 1665
472 1808
473 826
473 828
473 1031
473 1040
473 1733
474 907
474 1235
474 1331
474 1353
474 1866
475 661
475 690
475 868
475 1135
475 1240
475 1562
475 1844
476 985
476 1480
476 1840
477 774
477 1301
477 1317
477 1328
477 1398
477 1956
478 490
478 549
478 721
478 764
478 1243
478 1319
479 1068
479 1195
479 1463
479 1523
479 1666
480 847
480 1121
480 1372
480 1721
480 1726
481 1002
481 1065
481 1075
481 1127
481 1257
481 1632
482 496
482 723
482 758
482 1072
482 1086
482 1299
482 1309
482 1615
482 1833
482 1897
482 1937
483 791
483 1059
483 1390
483 1455
483 1754
483 1786
483 1808
483 1829
484 643
484 1198
484 1424
484 1466
484 1558
484 1637
484 1685
484 1786
484 1980
485 576
485 691
485 773
485 1000
485 1184
485 1192
485 1287
485 1693
485 1905
486 610
486 709
486 1094
486 1162
486 1458
486 1536
486 1609
486 1621
486 1917
487 676
487 1062
487 1265
487 1429
487 1648
487 1752
487 1942
487 1999
488 621
488 1142
488 1224
489 497
489 506
489 877
489 1058
489 1565
489 1755
489 1827
489 1964
490 696
490 801
490 811
490 920
490 1459
491 703
491 1311
492 604
492 876
492 1323
492 1504
492 1568
492 1584
492 1592
492 1871
493 544
493 757
493 986
493 1018
493 1060
493 1083
493 1549
493 1554
493 1692
493 1723
493 1839
494 924
494 961
494 1625
494 1784
494 1981
495 877
495 965
495 975
495 1075
495 1094
495 1106
495 1132
495 1143
495 1182
495 1499
495 1500
495 1503
495 1784
495 1794
495 1831
495 1845
496 676
496 1000
496 1023
496 1163
496 1441
496 1553
496 1573
496 1653
496 1925
497 520
497 521
497 672
497 685
497 710
497 1586
497 1786
497 1847
498 769
498 938
498 1436
498 1555
498 1682
498 1870
498 1936
499 893
499 1002
499 1176
499 1440
499 1555
499 1577
499 1616
499 1938
499 1942
499 1992
500 769
500 1027
500 1667
500 1719
500 1818
500 1838
500 1929
500 1934
501 639
501 818
501 885
501 1046
501 1062
501 1093
501 1144
501 1604
501 1605
501 1620
501 1873
501 1910
502 730
502 954
502 1840
503 537
503 567
503 630
503 690
503 753
503 824
503 898
503 1150
503 1326
503 1678
503 1748
504 537
504 557
504 723
504 1290
504 1332
504 1366
504 1544
504 1744
505 516
505 1338
505 1363
505 1678
505 1906
506 542
506 769
506 834
506 850
506 971
506 1470
506 1607
507 544
507 993
507 1001
507 1262
507 1601
507 1814
508 533
508 812
508 1186
508 1233
508 1461
508 1682
508 1873
509 724
509 782
509 1035
509 1075
509 1252
509 1563
509 1842
510 714
510 740
510 836
510 1212
510 1921
510 1995
511 581
511 829
511 906
511 1036
511 1130
511 1162
511 1202
511 1384
511 1632
512 782
512 1095
512 1128
512 1274
512 1396
513 1256
513 1387
513 1429
513 1907
514 1372
514 1408
514 1472
514 1569
515 552
515 812
515 828
515 1343
515 1428
515 1435
515 1436
515 1951
516 585
516 896
516 1264
516 1322
516 1427
516 1550
516 1854
517 621
517 631
517 641
517 1444
517 1645
518 948
518 1101
518 1966
519 525
519 567
519 595
519 776
519 816
519 854
519 1015
519 1162
519 1284
519 1420
519 1653
519 1973
519 1995
520 546
520 705
520 833
520 1231
520 1563
520 1885
521 647
521 778
521 856
521 878
521 1052
521 1248
521 1447
521 1889
522 1211
522 1645
522 1761
523 768
523 985
523 1610
523 1809
524 619
524 695
524 1004
524 1326
524 1385
524 1511
525 598
525 737
525 1185
525 1303
526 801
526 1314
526 1412
526 1717
526 1972
527 553
527 733
527 860
527 902
527 1078
527 1133
527 1148
527 1190
527 1469
527 1701
528 885
528 915
528 1026
528 1332
528 1991
529 882
529 931
529 1216
529 1417
529 1778
530 750
530 851
530 1325
530 1517
530 1820
531 558
531 637
531 767
531 826
531 885
531 968
531 1630
531 1634
531 1646
531 1696
531 1728
532 1427
532 1445
532 1454
532 1794
533 705
533 1179
533 1319
533 1423
533 1932
533 1965
534 611
534 757
534 1231
534 1267
534 1305
534 1419
534 1443
534 1517
534 1560
534 1623
535 593
535 830
535 1643
535 1924
536 877
536 1076
536 1094
536 1218
536 1295
536 1408
536 1668
536 1807
537 812
537 1164
537 1395
537 1748
538 671
538 928
538 1123
538 1179
538 1354
538 1426
538 1513
538 1575
538 1917
539 632
539 693
539 839
539 1219
539 1237
539 1546
539 1672
540 686
540 802
540 831
540 875
540 880
540 1247
540 1276
540 1351
540 1422
540 1457
540 1790
540 1910
541 576
541 661
541 693
541 742
541 776
541 823
541 1242
541 1284
541 1519
541 1738
541 1915
542 811
542 982
542 1262
542 1645
542 1684
542 1924
542 1934
542 1986
543 939
543 1276
543 1281
543 1312
544 812
544 1344
544 1549
544 1642
544 1782
544 1890
545 635
545 1086
545 1185
545 1555
545 1560
546 561
546 617
546 712
546 750
546 774
546 797
546 1204
546 1859
546 1921
547 647
547 756
547 793
547 878
547 1189
547 1759
547 1777
547 1943
548 895
548 1108
548 1149
548 1268
548 1387
548 1434
548 1590
548 1611
548 1640
548 1867
548 1974
549 559
549 1230
549 1333
549 1359
550 903
550 1012
550 1062
550 1356
550 1393
550 1416
550 1726
550 1928
551 624
551 729
551 899
551 1768
551 1997
552 926
552 943
552 968
552 1022
552 1305
552 1424
552 1678
553 600
553 1788
553 1957
554 835
554 1034
554 1609
554 1644
555 672
555 1272
555 1432
555 1497
555 1633
555 1988
556 676
556 678
556 731
556 1002
556 1017
556 1300
556 1399
556 1907
556 1922
557 584
557 706
557 1347
557 1469
557 1567
557 1813
557 1849
557 1883
557 1898
558 572
558 596
558 927
558 1113
558 1217
558 1381
558 1851
559 841
559 1662
559 1703
559 1852
559 1859
560 615
560 767
560 1139
560 1310
560 1836
561 741
561 858
561 923
561 1193
561 1352
561 1398
561 1484
561 1603
561 1668
561 1974
562 705
562 723
562 870
562 1646
562 1684
562 1825
562 1859
563 636
563 637
563 878
563 909
563 1360
563 1509
563 1729
563 1984
564 615
564 966
564 1335
564 1868
565 595
565 903
565 944
565 1069
565 1636
566 738
566 1155
566 1238
567 662
567 757
567 827
567 944
567 1052
567 1237
567 1752
567 1795
567 1968
568 731
568 878
568 994
568 1090
568 1164
568 1173
568 1428
568 1716
569 641
569 779
569 864
569 932
569 1160
569 1391
569 1645
569 1769
570 571
570 923
570 993
570 1501
571 777
571 846
571 1170
571 1360
571 1473
571 1551
571 1827
572 948
572 982
572 1010
572 1069
572 1142
572 1490
572 1577
572 1679
573 758
573 767
573 769
573 1041
573 1525
573 1571
573 1701
573 1938
574 637
574 721
574 808
574 817
574 1082
574 1157
574 1384
574 1511
574 1537
574 1596
574 1626
574 1979
575 669
575 808
575 819
575 1263
575 1547
575 1645
576 850
576 939
576 1504
576 1720
576 1730
576 1965
577 747
577 798
577 950
577 952
577 1097
577 1247
577 1324
577 1695
578 799
578 1049
578 1399
579 693
579 706
579 794
579 1534
579 1615
579 1943
580 870
580 1351
580 1610
580 1813
580 1893
581 651
581 877
581 1020
581 1298
582 602
582 1070
582 1200
582 1460
583 662
583 754
583 782
583 792
583 825
583 1202
584 808
584 946
584 987
584 1315
584 1365
584 1570
584 1817
584 1990
585 1829
585 1969
586 756
586 1079
587 701
587 833
587 1771
588 698
588 1440
588 1629
588 1764
588 1924
589 634
589 1008
589 1576
589 1599
589 1935
590 1129
590 1210
590 1304
590 1578
590 1711
590 1729
590 1815
590 1819
590 1885
591 614
591 618
591 923
591 1259
591 1334
591 1614
591 1686
591 1785
591 1847
591 1949
592 1027
592 1726
592 1800
592 1992
592 1993
593 684
593 1366
593 1450
593 1601
593 1966
594 815
594 1378
594 1471
595 911
595 1093
595 1107
595 1396
595 1560
595 1679
595 1756
595 1784
595 1977
596 725
596 1577
596 1606
597 806
597 856
597 866
597 1005
597 1871
597 1997
598 687
598 954
598 1256
598 1485
598 1559
598 1565
598 1686
598 1777
598 1815
598 1974
599 661
599 681
599 684
599 1335
599 1448
599 1456
599 1624
599 1657
599 1824
600 649
600 676
600 865
600 1035
600 1075
600 1317
600 1418
600 1538
600 1659
600 1713
601 1206
601 1451
601 1508
601 1985
602 757
602 897
602 917
602 1262
602 1361
602 1368
602 1724
603 1642
603 1976
604 629
604 728
604 986
604 1251
604 1358
604 1492
604 1755
604 1801
605 796
605 921
605 1467
605 1664
605 1840
606 736
606 747
606 1066
606 1435
606 1584
606 1721
606 1779
606 1944
606 1953
607 717
607 813
607 1203
607 1263
607 1352
607 1584
607 1743
607 1759
608 627
608 895
608 1393
608 1727
608 1889
609 619
609 999
609 1097
609 1151
609 1192
609 1413
609 1833
609 1844
610 615
610 1356
610 1390
611 632
611 747
611 787
611 795
611 1022
611 1063
611 1160
611 1319
611 1406
611 1978
611 1986
612 838
612 975
612 1217
612 1584
612 1768
612 1926
612 1968
612 1974
613 650
613 812
613 822
613 851
613 1004
613 1124
613 1131
613 1554
613 1786
614 722
614 778
614 912
614 964
614 1561
614 1591
614 1695
614 1715
614 1886
614 1906
615 913
615 1184
615 1459
615 1480
616 961
616 971
616 1111
616 1202
616 1260
616 1274
616 1414
616 1586
616 1588
617 784
617 1429
617 1466
617 1649
617 1681
618 666
618 1298
618 1426
618 1502
618 1621
618 1717
618 1814
619 671
619 941
619 1349
619 1514
620 787
620 803
620 1013
620 1059
620 1192
620 1325
620 1337
620 1936
621 660
621 805
621 934
621 1032
621 1245
621 1378
621 1468
621 1529
621 1927
622 1144
622 1207
622 1222
622 1323
622 1423
622 1463
622 1499
622 1709
623 940
623 1124
623 1190
623 1363
623 1477
623 1787
623 1818
624 777
624 795
624 824
624 959
624 1178
624 1286
624 1507
624 1563
624 1644
624 1766
624 1797
625 797
625 991
625 1045
625 1153
625 1173
625 1455
625 1576
625 1626
625 1764
626 680
626 922
626 1048
626 1257
626 1282
626 1481
627 793
627 819
627 966
627 1032
627 1187
627 1274
627 1390
627 1574
627 1621
628 691
628 1107
628 1260
628 1354
628 1394
628 1402
628 1446
628 1685
629 666
629 691
629 830
629 977
629 1040
629 1188
629 1357
629 1483
629 1683
629 1950
630 879
630 1137
630 1237
630 1260
630 1284
630 1301
630 1348
630 1527
630 1537
630 1608
630 1659
630 1685
630 1758
631 1098
631 1241
631 1520
631 1608
631 1990
632 671
632 1193
632 1339
632 1389
632 1443
632 1664
632 1736
632 1748
632 1866
633 754
633 993
633 1440
633 1483
633 1651
633 1989
634 1298
634 1412
634 1569
634 1651
634 1660
635 741
635 751
635 895
635 1307
636 1036
636 1252
636 1630
636 1756
637 1325
637 1702
637 1938
638 1130
638 1289
638 1684
639 859
639 910
639 943
639 958
639 1012
639 1346
639 1462
639 1748
639 1937
640 727
640 778
640 798
640 861
640 1053
640 1126
640 1428
640 1510
640 1751
641 650
641 680
641 849
641 1084
641 1247
641 1558
642 700
642 1057
642 1904
643 758
643 1369
643 1479
643 1657
643 1707
643 1811
643 1835
644 663
644 785
644 891
644 1110
644 1138
644 1255
644 1714
644 1806
644 1941
645 731
645 841
645 1194
645 1339
645 1586
645 1685
645 1904
646 1075
646 1381
647 733
647 841
647 1403
647 1433
647 1620
648 915
648 992
648 1207
648 1208
648 1618
648 1671
648 1741
649 689
649 1314
649 1904
650 758
650 801
650 963
650 1001
650 1371
651 1038
651 1348
651 1364
651 1414
651 1769
652 655
652 694
652 996
652 1207
652 1211
652 1332
652 1502
653 709
653 1041
653 1338
653 1540
654 815
654 925
654 926
654 1090
654 1358
654 1453
654 1793
655 657
655 1338
655 1356
655 1642
655 1643
655 1679
655 1697
655 1709
655 1857
655 1933
656 711
656 817
656 1371
656 1382
656 1409
656 1593
656 1628
656 1784
657 1151
657 1203
657 1589
657 1946
657 1947
658 790
658 899
658 948
658 1080
658 1183
658 1701
658 1925
659 690
659 878
659 1624
659 1760
659 1857
659 1966
660 725
660 730
660 1508
661 686
661 831
661 1064
661 1708
661 1804
662 1121
662 1136
662 1674
663 1068
663 1433
663 1581
664 1000
664 1075
664 1122
664 1283
664 1317
664 1486
664 1810
664 1945
665 929
665 1115
665 1191
665 1768
665 1788
665 1826
666 878
666 1928
667 1233
667 1406
667 1614
667 1738
667 1810
667 1962
668 730
668 758
668 775
668 868
668 954
668 1470
668 1484
668 1560
668 1698
668 1907
669 687
669 781
669 1148
669 1358
669 1785
669 1975
670 1139
670 1192
670 1335
670 1365
670 1369
670 1590
670 1727
670 1801
671 687
671 707
671 709
671 1048
671 1379
671 1640
671 1727
671 1860
672 822
672 998
672 1152
672 1370
672 1905
673 1065
673 1233
673 1363
673 1385
674 717
674 763
674 781
674 788
674 793
674 848
674 1083
674 1093
674 1497
674 1658
674 1920
674 1959
674 1967
675 747
675 851
675 910
675 1091
675 1407
675 1501
675 1507
675 1552
676 832
676 891
676 907
676 999
676 1235
676 1478
676 1964
677 957
677 1139
677 1188
677 1788
677 1804
678 882
678 941
678 1036
678 1083
678 1089
678 1575
678 1592
678 1616
678 1707
679 1002
679 1382
679 1637
680 862
680 940
680 1807
681 841
681 1135
681 1419
681 1440
681 1508
681 1549
681 1694
681 1825
681 1869
682 895
682 1927
683 815
683 1030
683 1184
683 1299
683 1329
683 1378
683 1546
683 1600
683 1852
684 726
684 793
684 1055
684 1082
684 1684
684 1712
684 1867
685 883
685 1048
685 1245
685 1711
686 764
686 945
686 965
686 1060
686 1087
686 1135
686 1155
686 1255
686 1260
686 1274
686 1280
686 1473
686 1476
686 1735
687 943
687 995
687 1023
687 1092
687 1103
687 1155
687 1224
687 1765
687 1906
688 705
688 1302
688 1551
688 1936
689 694
689 787
689 950
689 1027
689 1033
689 1224
689 1553
689 1765
689 1973
690 1297
690 1350
690 1618
690 1709
691 783
691 876
691 1018
691 1251
691 1616
691 1864
692 1033
692 1186
692 1354
692 1380
692 1589
693 1122
693 1326
693 1593
694 866
694 1061
694 1555
694 1749
694 1856
695 800
695 1274
696 1332
696 1644
696 1708
696 1949
697 837
697 881
697 1016
697 1079
697 1336
697 1467
697 1667
697 1849
698 1115
698 1386
698 1766
698 1849
698 2000
699 871
699 956
699 1025
699 1064
699 1362
699 1472
699 1620
700 1063
700 1297
700 1311
700 1423
700 1524
700 1590
700 1607
700 1830
700 1946
701 724
701 821
701 894
701 1298
701 1472
701 1735
701 1919
702 788
702 1368
702 1548
702 1558
702 1786
702 1858
703 1333
703 1593
703 1679
703 1988
704 787
704 943
704 962
704 967
704 1130
704 1231
704 1973
705 887
705 897
705 1006
705 1241
705 1451
705 1734
705 1770
705 1924
706 908
706 1148
706 1274
706 1293
706 1384
706 1707
706 1978
707 851
707 1023
707 1599
707 1867
708 776
708 913
708 1215
708 1372
708 1409
708 1451
708 1936
709 1231
709 1245
709 1789
709 1967
710 764
710 1118
710 1165
710 1230
710 1262
710 1539
710 1599
710 1718
710 1935
711 865
711 970
711 1367
711 1637
711 1733
711 1766
711 1773
711 1786
712 732
712 1005
712 1014
712 1086
712 1120
712 1337
712 1696
712 1913
713 740
713 886
713 1015
713 1415
713 1698
713 1864
713 1880
714 943
714 1005
714 1235
714 1475
714 1654
715 729
715 1363
715 1540
715 1669
715 1766
715 1822
715 1897
715 1961
715 1994
716 953
716 978
716 1025
716 1267
716 1490
716 1564
716 1872
717 802
717 1014
717 1037
717 1358
717 1397
717 1427
718 1727
718 1746
719 845
719 1080
719 1094
719 1223
720 837
720 1012
720 1180
720 1357
720 1577
720 1797
721 938
721 971
721 978
721 1327
721 1348
722 764
722 1046
722 1287
722 1582
722 1811
723 954
723 1098
723 1204
723 1256
723 1769
724 841
724 959
724 1035
724 1167
724 1404
724 1744
724 1873
724 1968
724 1993
725 735
725 791
725 984
725 1084
725 1144
725 1216
725 1317
725 1403
725 1741
725 1834
726 729
726 1625
727 945
727 992
727 1472
727 1667
728 1022
728 1320
728 1440
728 1493
728 1644
728 1828
728 1966
729 852
729 1029
729 1086
729 1213
729 1220
729 1508
729 1611
729 1798
729 1839
729 1950
729 1982
730 1130
730 1329
730 1520
730 1716
731 872
731 880
731 1313
731 1725
731 1788
731 1800
731 1916
732 993
732 1070
732 1612
733 1067
733 1345
733 1732
734 912
734 1023
734 1166
734 1171
734 1883
735 1159
735 1194
735 1200
735 1441
735 1742
735 1949
736 1026
736 1043
736 1159
736 1233
736 1623
737 994
737 1281
737 1324
737 1451
737 1613
738 750
738 850
738 1032
738 1210
738 1705
738 1827
739 896
739 948
739 1205
739 1264
739 1310
739 1438
739 1857
740 959
741 906
741 1389
741 1703
741 1743
741 1753
742 966
742 1336
742 1393
742 1592
742 1686
742 1921
743 890
743 1097
743 1104
743 1292
743 1647
743 1726
743 1935
743 1975
744 1141
744 1142
744 1270
744 1642
744 1683
744 1886
745 845
745 1049
745 1404
745 1677
746 1164
746 1207
746 1443
747 857
747 957
747 1043
747 1053
747 1464
747 1527
748 986
748 1025
748 1233
748 1306
748 1692
748 1836
749 862
749 1101
749 1180
749 1247
749 1393
749 1948
749 1961
750 1474
750 1642
751 1062
751 1340
751 1553
752 871
752 1567
752 1570
752 1744
752 1850
753 980
753 1042
753 1373
753 1462
754 1183
754 1543
754 1588
754 1814
754 1893
754 1967
755 797
755 801
755 860
755 1067
755 1302
755 1401
755 1417
755 1461
756 848
756 1006
756 1625
756 1768
756 1903
757 911
757 998
757 1341
757 1487
757 1721
758 906
758 1113
758 1704
758 1785
759 913
759 955
759 1050
759 1731
760 929
760 1157
760 1226
760 1315
760 1438
760 1493
760 1517
760 1712
760 1985
761 1042
761 1184
761 1185
761 1305
761 1619
761 1646
761 1963
762 1161
762 1275
762 1316
763 804
763 926
763 1018
763 1068
763 1078
763 1137
763 1560
763 1582
763 1857
763 1971
764 1034
764 1576
765 916
765 939
765 1021
765 1716
765 1779
766 780
766 863
766 1467
766 1609
767 1722
767 1849
767 1904
767 1929
768 772
768 895
768 1786
769 824
769 966
769 1007
769 1175
769 1244
769 1360
769 1561
769 1584
769 1660
770 1627
770 1646
770 1923
771 843
771 1141
771 1321
771 1431
771 1705
771 1891
772 1420
772 1596
773 1287
773 1946
774 1052
774 1061
774 1632
775 976
775 1020
775 1026
775 1346
775 1751
775 1768
777 1101
777 1476
777 1521
777 1662
777 1895
777 1975
778 852
778 962
778 1235
778 1340
778 1536
778 1795
778 1799
778 1878
778 1933
778 2000
779 917
779 1196
779 1283
779 1284
779 1619
779 1647
779 1871
779 1905
780 951
780 1325
780 1353
780 1365
780 1677
780 1856
781 1094
781 1135
781 1137
781 1490
781 1549
781 1890
782 911
782 1018
782 1085
782 1232
782 1832
782 1860
783 843
783 1193
783 1195
783 1257
783 1289
783 1480
783 1571
783 1791
783 1935
784 1284
784 1664
784 1789
785 1076
785 1177
785 1537
785 1578
785 1602
786 895
786 1328
786 1844
786 1893
786 1927
787 817
787 852
787 1184
787 1628
787 1669
787 1858
787 1912
788 1651
788 1683
788 1901
788 1976
789 841
789 892
789 956
789 1098
789 1397
789 1679
789 1690
789 1838
790 1119
790 1189
790 1514
790 1640
790 1742
791 1184
791 1592
792 1055
792 1568
792 1714
792 1938
792 1987
793 1079
793 1343
793 1627
793 1632
793 1917
794 884
794 1115
794 1214
794 1485
794 1623
794 1736
795 805
795 1131
795 1837
795 1862
796 1068
796 1099
796 1201
796 1238
796 1425
796 1698
796 1905
797 837
797 1899
798 941
798 1275
798 1338
798 1973
798 1985
799 1413
799 1715
799 1752
800 1211
800 1387
800 1400
800 1481
800 1935
800 1967
801 1184
801 1471
801 1535
801 1565
801 1861
802 1377
802 1424
802 1599
802 1612
803 954
803 1682
803 1912
804 1336
804 1885
805 918
805 938
805 1206
805 1214
805 1686
805 1714
805 1851
805 1912
806 1243
806 1539
806 1647
806 1796
807 935
807 1455
807 1544
807 1612
807 1632
808 1013
808 1427
809 841
809 955
809 1045
809 1254
809 1409
809 1489
809 1508
809 1661
809 1882
810 1031
810 1217
810 1590
810 1852
810 1861
810 1901
810 1915
811 851
811 1360
811 1622
811 1711
811 1939
812 813
812 1510
812 1742
812 1998
813 855
813 938
813 1411
813 1712
813 1811
813 1852
813 1861
814 1067
814 1177
814 1221
814 1401
814 1428
814 1454
814 1487
814 1502
814 1753
814 1796
814 1805
814 1931
815 1060
815 1145
815 1310
815 1326
815 1349
815 1352
815 1431
815 1659
816 965
816 972
816 1108
816 1179
816 1668
816 1735
817 927
817 956
817 983
818 892
818 1343
818 1362
818 1871
818 1977
819 1121
819 1190
819 1714
819 1872
819 1992
820 975
820 1095
820 1278
820 1870
820 1912
820 1970
821 1119
821 1208
821 1631
821 1670
821 1887
821 1977
822 906
822 1227
822 1274
823 1088
823 1395
823 1828
823 1846
824 1087
824 1204
824 1300
824 1413
824 1652
824 1829
824 1949
825 1099
825 1270
825 1296
825 1507
826 858
826 990
826 1196
826 1207
826 1274
826 1357
826 1490
826 1603
826 1687
826 1739
826 1879
826 1953
827 930
827 977
827 1036
827 1111
827 1205
827 1325
827 1563
828 898
828 1003
828 1207
828 1352
828 1370
828 1669
828 1725
828 1840
829 1194
829 1288
829 1395
829 1622
829 1760
829 1782
830 912
830 1650
830 1710
830 1906
831 928
831 1492
831 1512
831 1536
831 1964
832 873
832 1054
832 1343
832 1569
833 980
833 1506
833 1882
833 1941
834 838
834 997
834 1244
834 1275
834 1561
834 1708
835 1035
836 876
836 922
836 1010
836 1120
836 1275
836 1419
837 868
837 928
837 1204
837 1287
837 1530
837 1549
837 1681
837 1986
838 983
838 1680
839 922
839 991
839 1077
839 1170
839 1373
840 1149
840 1260
840 1309
840 1328
840 1668
841 861
841 927
841 1208
841 1475
841 1638
841 1999
842 855
842 896
842 899
842 1016
842 1133
842 1306
842 1319
842 1323
842 1503
842 1624
842 1848
843 1320
843 1544
843 1553
844 895
844 939
844 1539
844 1917
844 1924
845 933
845 1075
845 1389
845 1992
846 890
846 1561
846 1572
847 972
847 1296
847 1320
847 1487
847 1529
847 1786
848 923
848 1012
848 1243
848 1457
848 1542
848 1613
848 1912
849 1174
849 1664
849 1781
849 1805
850 867
850 954
850 962
850 1972
850 1979
851 865
851 974
851 1008
851 1154
851 1263
851 1415
851 1614
852 991
852 1020
852 1356
852 1600
852 1617
852 1781
852 1815
852 1833
853 860
853 954
853 1174
853 1258
853 1332
853 1591
853 1720
854 1078
854 1265
854 1567
854 1781
854 1932
855 946
855 1027
855 1448
855 1653
856 864
856 878
856 1094
856 1102
856 1271
857 897
857 1056
857 1065
857 1312
857 1687
857 1876
857 1992
858 869
858 940
858 1236
858 1428
858 1547
858 1572
858 1630
858 1802
858 1888
858 1920
859 1096
859 1126
859 1237
859 1401
859 1612
859 1987
860 981
860 1050
860 1339
860 1681
860 1802
861 941
861 1028
861 1422
861 1486
861 1743
861 1919
862 870
862 923
862 1048
862 1113
862 1186
862 1317
862 1622
862 1701
863 1460
863 1556
864 1095
864 1151
864 1657
864 1855
865 922
865 952
865 1137
865 1257
865 1390
865 1902
866 1322
866 1947
866 1996
867 926
867 994
867 1124
867 1207
867 1234
867 1979
868 892
868 1548
868 1949
869 915
869 1510
869 1662
870 964
870 1333
870 1413
870 1869
871 994
871 1365
871 1395
871 1624
872 916
872 1512
872 1756
872 1800
873 916
873 1260
873 1428
873 1617
873 1950
874 886
874 957
874 1027
874 1929
874 1941
875 886
875 1055
875 1268
875 1328
875 1961
875 1992
876 1474
876 1767
877 1249
877 1362
877 1397
877 1675
877 1774
878 891
878 1007
878 1073
878 1105
878 1215
878 1306
878 1649
878 1701
878 1713
878 1963
879 1349
879 1984
880 1009
880 1019
880 1161
880 1175
880 1965
881 1153
881 1502
881 1653
881 1681
881 1757
881 1810
881 1881
881 1980
882 902
882 974
882 1380
882 1701
882 1836
883 901
883 1569
883 1575
883 1753
884 1035
884 1526
884 1792
884 1903
884 1946
885 1058
885 1428
885 1543
885 1614
885 1939
886 955
886 1407
886 1518
886 1619
887 1296
887 1584
887 1634
887 1953
888 988
888 1592
888 1642
889 1079
889 1121
889 1323
890 978
890 1056
890 1110
890 1183
890 1264
890 1265
890 1451
890 1517
890 1597
890 1768
891 954
891 1172
891 1273
891 1306
891 1459
891 1567
891 1820
891 1958
892 1107
892 1348
892 1401
892 1587
892 1755
892 1968
892 1986
893 1603
893 1994
894 945
894 983
894 1176
894 1250
894 1697
894 1866
895 999
895 1309
895 1789
895 1897
895 1979
896 1123
896 1125
896 1321
896 1322
897 1530
897 1985
898 1012
898 1167
898 1393
898 1402
898 1454
898 1512
898 1677
898 1822
898 1857
899 1008
899 1173
899 1246
899 1615
899 1647
900 1170
900 1492
900 1610
900 1669
900 1691
900 1772
901 1044
901 1270
901 1428
901 1464
901 1480
901 1486
901 1512
901 1970
902 904
902 945
902 1085
902 1512
902 1572
902 1659
902 1682
903 965
903 1252
903 1564
903 1596
903 1624
903 1991
904 1072
904 1091
904 1159
904 1734
905 952
905 1141
905 1502
905 1547
905 1584
905 1721
905 1744
906 1026
906 1098
906 1102
906 1350
906 1850
906 1910
907 1144
907 1340
907 1403
907 1523
907 1604
907 1647
907 1826
907 1875
907 1991
908 988
908 1098
908 1167
908 1308
908 1633
908 1654
908 1702
908 1769
908 1888
909 1110
909 1194
909 1787
909 1994
910 1189
910 1222
910 1285
910 1447
911 1052
911 1105
911 1448
911 1801
911 1897
911 1963
912 936
912 1617
912 1663
913 1363
913 1693
913 1852
914 1134
914 1173
914 1220
914 1234
914 1374
914 1519
914 1871
915 1001
916 951
916 1089
916 1111
916 1294
916 1470
916 1495
916 1514
916 1704
916 1705
916 1807
916 1865
916 1889
917 1314
917 1903
918 934
918 1024
918 1300
918 1690
918 1778
919 1117
919 1388
919 1513
919 1518
920 942
920 1426
920 1472
920 1479
920 1542
920 1710
920 1717
920 1914
921 937
921 1062
921 1081
921 1325
921 1893
922 1451
922 1487
922 1532
922 1705
922 1708
922 1730
922 1893
922 1960
923 974
923 995
923 1320
923 1870
924 1326
924 1660
924 1695
925 944
925 1143
925 1239
925 1348
925 1365
925 1457
925 1870
926 1483
927 1089
927 1233
927 1351
927 1649
927 1713
927 1830
927 1849
927 1934
928 1004
928 1561
929 1125
929 1149
929 1229
929 1533
929 1751
929 1796
929 1948
930 1215
930 1354
930 1402
931 1133
931 1258
931 1793
932 1114
932 1183
932 1544
932 1693
933 1007
933 1116
933 1836
934 1089
934 1147
934 1170
934 1230
934 1236
934 1643
935 1054
935 1173
935 1471
935 1821
936 1082
936 1133
936 1151
936 1155
936 1401
936 1987
937 960
937 1006
937 1437
938 1083
938 1667
938 1831
938 1995
939 1055
939 1068
939 1104
939 1175
939 1343
939 1457
940 1058
940 1178
940 1487
941 1161
941 1743
941 1942
941 1972
941 1991
942 1003
942 1378
942 1382
942 1471
942 1629
942 1901
943 1025
943 1379
943 1516
943 1740
943 1792
943 1905
945 967
945 1579
945 1631
946 1080
946 1103
946 1132
946 1165
946 1180
946 1359
946 1554
946 1663
946 1752
946 1853
946 1938
946 1959
947 1008
947 1229
947 1238
947 1404
947 1432
947 1631
948 1007
948 1144
948 1164
948 1547
948 1592
948 1634
948 1683
948 1927
949 1297
950 1391
950 1412
950 1594
951 952
951 1185
951 1191
951 1231
951 1614
951 1621
951 1682
952 1166
952 1182
952 1638
952 1774
953 988
953 1157
953 1177
953 1349
953 1598
953 1599
953 1693
953 1742
953 1941
954 1145
954 1181
954 1732
954 1793
954 1828
954 1920
955 1083
955 1134
955 1544
955 1633
955 1640
956 1243
956 1247
956 1932
956 1937
957 1112
957 1333
957 1483
957 1683
957 1889
958 1067
958 1114
958 1420
958 1438
958 1669
958 1913
959 1056
959 1127
960 1391
960 1512
960 1931
960 1999
961 962
961 1307
961 1659
962 1033
962 1298
962 1706
963 1160
963 1185
963 1271
963 1658
963 1985
964 1173
964 1203
965 1072
965 1089
965 1361
965 1611
965 1757
965 1849
965 1885
966 978
966 1138
966 1152
966 1283
966 1362
966 1524
966 1613
966 1687
966 1974
967 1418
968 987
968 1240
968 1411
968 1637
968 1660
968 1742
968 1743
968 1843
969 1107
969 1109
969 1321
969 1430
969 1478
969 1658
969 1884
970 1304
970 1921
971 1241
971 1517
971 1650
971 1848
971 1912
972 1718
973 1006
973 1119
973 1140
973 1383
973 1501
973 1706
974 1005
974 1525
974 1810
974 1901
974 1938
975 1083
975 1284
975 1290
975 1340
975 1447
975 1821
976 1067
976 1299
976 1482
976 1492
976 1566
976 1778
977 1085
977 1638
977 1900
977 1976
977 1992
978 1258
978 1533
978 1616
978 1879
978 1984
979 1032
979 1311
979 1574
979 1755
979 1781
980 1029
980 1134
980 1277
980 1420
980 1439
980 1444
980 1672
980 1752
980 1830
980 1891
981 1255
981 1880
982 1242
982 1243
982 1350
982 1527
982 1825
982 1918
983 1345
983 1696
983 1946
984 1082
984 1215
984 1313
984 1482
984 1769
984 1984
985 1124
985 1204
985 1716
985 1780
986 1620
987 1019
987 1122
987 1272
987 1966
988 1256
988 1332
988 1392
988 1410
988 1524
988 1542
988 1779
988 1888
988 1935
988 1942
988 1980
989 1004
989 1325
989 1359
989 1389
989 1817
989 1838
989 1953
990 1198
990 1331
990 1336
990 1719
990 1774
991 1042
991 1325
991 1418
991 1465
991 1833
992 1081
992 1110
992 1192
993 1503
993 1584
993 1640
994 1301
994 1576
995 1002
995 1121
995 1567
995 1701
995 1830
996 1366
996 1854
996 1892
997 1055
997 1104
997 1241
997 1536
997 1625
998 1036
998 1197
998 1441
998 1626
999 1044
999 1101
999 1744
1000 1044
1000 1190
1000 1632
1000 1635
1000 1981
1001 1121
1001 1293
1001 1373
1001 1664
1001 1741
1001 1821
1001 1859
1002 1151
1002 1553
1002 1696
1002 1923
1005 1322
1005 1383
1005 1568
1005 1935
1006 1243
1006 1473
1006 1563
1006 1775
1006 1788
1006 1950
1007 1079
1007 1234
1007 1424
1007 1738
1008 1098
1008 1159
1008 1263
1008 1349
1008 1877
1008 1977
1009 1585
1009 1590
1009 1715
1009 1748
1009 1827
1009 1896
1010 1082
1010 1146
1010 1357
1010 1573
1010 1864
1010 1938
1011 1128
1011 1178
1011 1313
1011 1414
1011 1545
1012 1079
1012 1329
1012 1432
1012 1443
1012 1903
1012 1946
1013 1243
1013 1715
1013 1966
1014 1072
1014 1320
1015 1370
1015 1658
1015 1788
1015 1811
1015 1852
1015 1955
1015 1995
1016 1160
1016 1185
1016 1431
1016 1580
1016 1823
1017 1095
1017 1223
1017 1240
1017 1849
1018 1172
1018 1300
1018 1418
1018 1427
1018 1597
1018 1666
1018 1931
1019 1137
1019 1227
1019 1235
1019 1406
1019 1680
1019 1722
1020 1694
1021 1050
1021 1209
1021 1214
1021 1385
1021 1561
1021 1657
1021 1844
1022 1086
1022 1255
1022 1738
1022 1798
1022 1918
1023 1028
1023 1217
1023 1471
1023 1679
1023 1879
1023 1961
1024 1100
1024 1135
1024 1766
1024 1844
1025 1083
1025 1268
1025 1555
1025 1931
1026 1048
1026 1221
1026 1378
1026 1513
1027 1083
1027 1234
1028 1155
1028 1160
1028 1172
1028 1238
1028 1715
1029 1655
1030 1113
1030 1602
1031 1328
1031 1398
1031 1433
1031 1730
1032 1077
1032 1127
1032 1155
1032 1479
1032 1488
1032 1516
1032 1862
1033 1321
1033 1520
1033 1689
1033 1800
1034 1091
1034 1209
1034 1398
1034 1839
1034 1971
1035 1142
1036 1698
1036 1719
1037 1751
1037 1835
1037 1900
1038 1146
1038 1213
1038 1570
1038 1866
1039 1159
1039 1376
1039 1548
1040 1104
1040 1268
1040 1670
1041 1082
1041 1571
1042 1464
1042 1839
1042 1889
1042 1920
1043 1525
1043 1597
1043 1819
1044 1367
1044 1590
1044 1793
1045 1064
1046 1451
1046 1740
1047 1366
1047 1442
1047 1466
1047 1682
1047 1800
1047 1917
1048 1445
1048 1624
1048 1856
1049 1432
1049 1451
1049 1673
1049 1708
1049 1835
1050 1095
1050 1180
1050 1302
1050 1634
1050 1858
1050 1911
1051 1179
1051 1335
1051 1679
1051 1802
1051 1812
1051 1837
1052 1090
1052 1390
1053 1095
1053 1241
1053 1538
1053 1731
1053 1966
1054 1114
1054 1471
1054 1616
1054 1797
1055 1067
1055 1208
1055 1744
1055 1881
1055 1942
1056 1171
1056 1258
1056 1481
1056 1979
1057 1319
1057 1444
1058 1228
1058 1337
1058 1679
1058 1692
1058 1925
1059 1295
1059 1301
1059 1308
1059 1358
1059 1471
1059 1781
1059 1890
1059 1926
1060 1226
1060 1440
1060 1502
1060 1776
1061 1803
1062 1488
1062 1501
1062 1692
1063 1065
1063 1500
1064 1141
1064 1360
1064 1611
1064 1843
1065 1272
1065 1400
1065 1658
1065 1690
1065 1847
1066 1132
1066 1205
1066 1449
1066 1512
1066 1545
1066 1567
1067 1282
1067 1328
1067 1377
1067 1529
1068 1688
1068 1904
1068 1973
1069 1473
1069 1635
1070 1289
1070 1376
1070 1517
1070 1701
1070 1727
1071 1105
1071 1117
1071 1183
1071 1306
1071 1333
1071 1347
1071 1596
1071 1600
1071 1994
1072 1536
1072 1614
1073 1252
1073 1463
1073 1574
1074 1182
1074 1420
1074 1527
1074 1699
1074 1727
1075 1111
1075 1142
1075 1310
1075 1563
1075 1750
1075 1783
1076 1290
1076 1992
1077 1183
1077 1473
1077 1740
1077 1784
1077 1881
1078 1269
1078 1512
1078 1558
1078 1853
1078 1887
1079 1209
1079 1347
1079 1759
1080 1388
1080 1969
1081 1284
1082 1218
1082 1352
1082 1441
1082 1760
1082 1855
1082 1904
1083 1102
1083 1662
1083 1841
1084 1215
1084 1632
1085 1129
1085 1181
1085 1188
1085 1375
1085 1436
1085 1442
1085 1953
1085 1978
1085 1980
1086 1163
1086 1246
1086 1310
1086 1660
1086 1889
1087 1566
1087 1609
1087 1639
1087 1765
1087 1917
1088 1104
1088 1190
1088 1325
1088 1726
1088 1833
1089 1129
1089 1234
1089 1340
1089 1402
1089 1450
1089 1482
1089 1545
1089 1809
1089 1871
1090 1188
1090 1297
1090 1722
1090 1736
1090 1955
1091 1408
1091 1584
1091 1687
1091 1694
1091 1810
1091 1855
1092 1108
1092 1183
1093 1145
1093 1309
1093 1747
1093 1973
1094 1172
1094 1184
1094 1256
1094 1592
1094 1610
1094 1663
1094 1667
1094 1725
1094 1783
1094 1812
1094 1985
1096 1575
1096 1744
1097 1553
1097 1691
1097 1835
1097 1896
1097 1927
1098 1174
1098 1219
1098 1316
1098 1552
1098 1674
1098 1800
1098 1926
1099 1239
1099 1323
1099 1354
1099 1463
1099 1575
1099 1770
1099 1921
1100 1229
1100 1338
1100 1377
1100 1389
1100 1622
1100 1955
1101 1383
1102 1450
1102 1559
1102 1774
1103 1726
1103 1919
1104 1221
1104 1404
1104 1628
1105 1256
1105 1988
1106 1223
1106 1425
1106 1578
1106 1836
1107 1500
1107 1817
1107 1836
1107 1849
1107 1933
1108 1549
1108 1644
1108 1705
1108 1829
1108 1993
1109 1512
1109 1526
1109 1867
1110 1158
1110 1220
1110 1318
1110 1376
1110 1414
1110 1460
1110 1486
1110 1553
1110 1729
1111 1147
1111 1181
1111 1750
1111 1877
1111 1960
1111 1981
1112 1578
1112 1612
1112 1745
1114 1118
1114 1163
1114 1532
1114 1832
1115 1361
1115 1824
1115 1863
1115 1952
1116 1288
1116 1825
1117 1573
1117 1844
1117 1857
1118 1197
1119 1128
1119 1198
1119 1498
1119 1506
1120 1273
1120 1638
1120 1756
1120 1757
1121 1256
1121 1443
1121 1543
1121 1612
1121 1671
1121 1816
1122 1346
1122 1432
1122 1464
1123 1153
1123 1272
1123 1332
1123 1497
1123 1515
1123 1731
1123 1852
1124 1190
1124 1297
1124 1889
1125 1251
1125 1313
1125 1900
1126 1434
1126 1832
1127 1314
1128 1219
1128 1428
1128 1552
1128 1696
1128 1750
1129 1307
1129 1400
1129 1673
1129 1683
1129 1724
1129 1773
1130 1277
1130 1312
1130 1339
1130 1501
1131 1290
1131 1313
1131 1448
1131 1678
1132 1412
1132 1595
1132 1739
1133 1189
1133 1367
1133 1787
1133 1838
1134 1171
1134 1235
1134 1715
1136 1520
1136 1579
1136 1701
1136 1910
1136 1954
1137 1369
1137 1734
1137 1916
1138 1424
1138 1580
1138 1728
1138 1837
1138 1896
1139 1243
1139 1515
1139 1770
1140 1615
1140 1827
1141 1176
1142 1342
1142 1384
1142 1430
1143 1396
1143 1559
1143 1625
1143 1651
1143 1744
1144 1247
1144 1395
1144 1571
1144 1724
1144 1726
1144 1988
1145 1176
1145 1550
1145 1739
1146 1172
1146 1306
1146 1415
1146 1608
1146 1758
1146 1965
1147 1192
1147 1331
1147 1642
1147 1750
1147 1806
1148 1436
1148 1438
1148 1756
1149 1709
1150 1165
1150 1373
1150 1807
1150 1810
1151 1438
1151 1452
1151 1502
1151 1658
1151 1694
1151 1776
1152 1426
1153 1233
1153 1255
1153 1491
1153 1604
1153 1708
1154 1752
1155 1191
1155 1209
1155 1211
1155 1771
1155 1779
1155 1984
1156 1276
1156 1339
1156 1500
1156 1541
1156 1850
1157 1200
1157 1781
1157 1806
1157 1951
1158 1170
1158 1238
1158 1516
1158 1996
1159 1377
1159 1667
1159 1950
1160 1248
1160 1594
1160 1861
1161 1255
1161 1278
1161 1485
1161 1890
1161 1908
1161 1935
1161 1995
1162 1259
1162 1385
1162 1406
1162 1782
1163 1455
1163 1951
1163 1961
1163 1971
1164 1547
1165 1166
1165 1258
1165 1371
1165 1545
1165 1630
1166 1181
1166 1282
1167 1213
1167 1524
1167 1870
1167 1928
1167 2000
1168 1220
1168 1434
1168 1494
1168 1809
1168 1850
1169 1866
1170 1192
1170 1224
1170 1454
1170 1692
1170 1773
1171 1237
1171 1302
1171 1404
1171 1887
1172 1385
1172 1586
1172 1864
1172 1873
1174 1315
1174 1916
1175 1924
1176 1188
1176 1300
1176 1659
1176 1792
1177 1259
1177 1270
1177 1392
1177 1415
1177 1452
1177 1880
1178 1257
1178 1641
1178 1674
1179 1185
1179 1275
1179 1825
1179 1913
1180 1370
1180 1710
1181 1219
1181 1235
1181 1315
1181 1477
1181 1941
1182 1184
1182 1316
1182 1444
1182 1985
1183 1199
1183 1744
1183 1963
1184 1558
1185 1412
1185 1819
1185 1862
1185 1975
1185 1992
1186 1706
1186 1721
1186 1876
1187 1385
1187 1511
1187 1547
1187 1635
1187 1651
1187 1653
1188 1366
1188 1467
1188 1516
1188 1690
1188 1854
1189 1455
1189 1628
1189 1763
1189 1774
1189 1981
1190 1445
1190 1967
1191 1832
1192 1299
1192 1473
1192 1595
1192 1711
1193 1689
1193 1833
1193 1846
1194 1310
1195 1205
1195 1522
1195 1583
1196 1241
1196 1325
1196 1519
1196 1830
1196 1956
1196 1985
1197 1678
1197 1724
1197 1985
1198 1503
1198 1506
1198 1570
1198 1891
1198 1922
1198 1955
1199 1575
1199 1616
1199 1866
1199 1920
1200 1901
1201 1475
1201 1817
1202 1861
1203 1237
1203 1385
1203 1487
1203 1604
1203 1727
1203 1816
1204 1227
1204 1704
1204 1884
1205 1604
1205 1844
1206 1232
1206 1654
1206 1665
1206 1674
1206 1679
1207 1438
1207 1510
1207 1683
1207 1734
1207 1749
1208 1458
1208 1500
1208 1522
1208 1563
1208 1800
1208 1855
1208 1877
1208 1921
1209 1373
1209 1674
1210 1242
1210 1294
1210 1452
1210 1581
1210 1801
1211 1493
1211 1563
1211 1569
1211 1752
1211 1826
1211 1941
1212 1466
1212 1564
1213 1291
1213 1429
1213 1551
1213 1748
1213 1988
1214 1809
1214 1963
1215 1235
1215 1440
1216 1328
1216 1368
1216 1529
1216 1775
1216 1974
1217 1714
1217 1718
1217 1770
1218 1378
1218 1480
1218 1785
1219 1241
1219 1384
1219 1763
1220 1224
1220 1425
1220 1432
1220 1540
1221 1516
1221 1562
1221 1727
1222 1300
1222 1344
1222 1488
1222 1558
1223 1583
1223 1799
1224 1600
1224 1684
1224 1711
1224 1756
1225 1406
1225 1673
1225 1694
1226 1422
1226 1978
1227 1742
1227 1995
1228 1672
1228 1968
1229 1261
1229 1847
1229 1870
1229 1893
1229 1921
1229 1979
1230 1634
1231 1434
1231 1510
1231 1668
1231 1740
1231 1766
1231 1852
1231 1894
1231 1905
1232 1545
1232 1578
1232 1641
1232 1661
1232 1792
1232 1846
1232 1912
1233 1292
1233 1396
1233 1590
1233 1762
1233 1778
1233 1785
1234 1483
1234 1556
1234 1984
1235 1379
1235 1417
1235 1603
1236 1406
1236 1662
1236 1899
1237 1396
1237 1398
1237 1674
1237 1737
1237 1817
1237 1940
1238 1385
1238 1550
1238 1631
1238 1721
1240 1432
1240 1649
1241 1606
1241 1706
1241 1876
1241 1898
1242 1502
1242 1563
1242 1745
1242 1891
1243 1289
1243 1336
1243 1430
1243 1444
1244 1585
1244 1786
1244 1860
1245 1292
1245 1793
1246 1482
1246 1530
1246 1861
1247 1604
1247 1782
1247 1830
1247 1922
1248 1495
1248 1611
1248 1618
1248 1662
1248 1800
1248 1955
1248 1992
1250 1369
1250 1626
1251 1685
1251 1841
1251 1965
1252 1711
1252 1744
1252 1779
1252 1925
1253 1506
1253 1622
1253 1796
1253 1838
1253 1902
1253 1925
1254 1307
1254 1593
1254 1658
1254 1702
1255 1335
1255 1357
1255 1549
1255 1555
1255 1586
1256 1271
1256 1600
1256 1910
1257 1605
1257 1667
1257 1972
1258 1597
1258 1815
1258 1942
1259 1589
1260 1335
1261 1333
1261 1347
1261 1373
1261 1480
1261 1517
1261 1642
1261 1651
1261 1972
1262 1632
1262 1859
1262 1902
1263 1295
1263 1454
1264 1304
1264 1444
1264 1970
1265 1417
1265 1714
1265 1942
1267 1887
1268 1281
1268 1291
1268 1533
1269 1336
1269 1447
1269 1534
1269 1845
1269 1853
1270 1634
1270 1655
1270 1757
1270 1866
1270 1867
1271 1375
1271 1458
1271 1471
1271 1495
1271 1794
1272 1349
1272 1465
1272 1934
1273 1301
1274 1525
1275 1279
1275 1571
1275 1822
1275 1843
1275 1973
1276 1696
1276 1741
1276 1899
1277 1352
1277 1412
1277 1508
1277 1545
1278 1781
1279 1385
1279 1444
1279 1834
1279 1941
1280 1517
1280 1753
1280 1881
1280 1973
1281 1331
1281 1473
1281 1600
1281 1735
1282 1727
1282 1753
1282 1806
1282 1880
1283 1410
1283 1514
1284 1704
1284 1838
1284 1907
1284 1966
1284 1976
1286 1735
1286 1844
1287 1746
1288 1569
1288 1649
1288 1773
1289 1495
1289 1610
1289 1717
1289 1901
1290 1347
1290 1580
1290 1592
1290 1643
1290 1853
1291 1296
1291 1476
1291 1589
1291 1898
1291 1937
1292 1441
1292 1861
1293 1359
1293 1748
1294 1355
1294 1394
1294 1399
1294 1879
1295 1508
1295 1645
1296 1414
1296 1724
1296 1876
1296 1997
1297 1431
1297 1461
1297 1579
1298 1329
1298 1947
1298 1983
1299 1347
1299 1478
1299 1641
1299 1717
1299 1901
1300 1558
1300 1560
1300 1681
1300 1877
1301 1526
1301 1674
1301 1716
1301 1924
1302 1461
1302 1699
1302 1793
1303 1407
1303 1497
1303 1603
1303 1850
1303 1902
1303 1918
1303 1956
1303 1990
1304 1325
1305 1482
1305 1752
1305 1807
1305 1868
1305 2000
1306 1461
1306 1474
1307 1309
1307 1826
1308 1770
1309 1315
1309 1869
1310 1522
1310 1539
1310 1873
1311 1335
1311 1368
1311 1393
1311 1723
1312 1893
1313 1369
1313 1473
1313 1565
1313 1874
1313 1875
1314 1325
1314 1489
1314 1691
1314 1827
1314 1877
1314 1975
1315 1354
1315 1438
1315 1859
1316 1504
1316 1905
1317 1440
1317 1508
1317 1657
1317 1973
1318 1836
1318 1947
1319 1407
1319 1499
1319 1537
1319 1597
1319 1736
1320 1672
1320 1690
1320 1919
1321 1322
1321 1807
1321 1996
1322 1453
1322 1468
1322 1710
1323 1337
1323 1645
1324 1383
1324 1411
1324 1615
1324 1669
1325 1621
1325 1649
1325 1975
1326 1437
1326 1883
1326 1911
1327 1402
1327 1442
1327 1583
1327 1724
1327 1734
1327 1978
1328 1450
1328 1457
1328 1511
1328 1526
1328 1584
1329 1380
1329 1553
1329 1889
1331 1500
1332 1569
1333 1668
1333 1804
1333 1849
1333 1955
1334 1446
1334 1567
1334 1679
1334 1872
1334 1915
1335 1370
1335 1426
1335 1644
1336 1712
1337 1422
1337 1472
1337 1570
1337 1973
1338 1906
1338 1977
1339 1701
1339 1735
1340 1507
1340 1520
1340 1828
1341 1441
1341 1752
1341 1818
1341 1992
1342 1687
1342 1963
1343 1722
1343 1816
1343 1832
1344 1443
1344 1646
1344 1666
1344 1686
1345 1639
1345 1890
1345 1928
1346 1367
1346 1596
1346 1812
1346 1978
1347 1392
1347 1718
1347 1822
1348 1428
1348 1544
1348 1588
1349 1412
1349 1505
1349 1608
1349 1747
1350 1388
1350 1400
1350 1890
1350 1898
1350 1908
1351 1833
1351 1856
1352 1399
1352 1444
1352 1772
1352 1785
1353 1559
1353 1570
1353 1774
1354 1503
1354 1599
1354 1683
1354 1930
1355 1449
1355 1519
1355 1675
1355 1676
1355 1809
1356 1479
1356 1704
1356 1804
1356 1829
1356 1935
1357 1737
1357 1953
1358 1361
1358 1385
1358 1425
1358 1655
1358 1710
1359 1532
1359 1643
1359 1728
1359 1924
1359 1971
1360 1424
1360 1697
1360 1745
1361 1460
1361 1534
1361 1690
1361 1812
1362 1680
1363 1597
1364 1468
1364 1903
1364 1916
1365 1514
1365 1599
1365 1966
1366 1640
1366 1674
1367 1520
1368 1385
1368 1664
1368 1873
1368 1974
1369 1708
1370 1614
1370 1911
1371 1858
1372 1390
1372 1589
1372 1692
1372 1760
1373 1528
1373 1630
1373 1682
1373 1941
1374 1448
1374 1596
1374 1752
1375 1562
1376 1493
1376 1610
1376 1961
1377 1653
1377 1696
1377 1778
1378 1500
1378 1595
1378 1654
1378 1724
1378 1890
1379 1760
1380 1454
1380 1861
1381 1399
1381 1415
1381 1416
1381 1430
1381 1444
1382 1445
1382 1869
1382 1973
1383 1484
1383 1662
1384 1438
1384 1715
1384 1736
1384 1760
1385 1560
1385 1723
1385 1952
1386 1404
1386 1418
1387 1543
1387 1631
1387 1768
1387 1931
1388 1468
1388 1705
1389 1451
1389 1610
1389 1930
1390 1585
1390 1667
1390 1850
1391 1478
1391 1562
1391 1646
1391 1661
1391 1827
1391 1829
1391 1976
1392 1655
1392 1810
1393 1421
1393 1696
1395 1705
1395 1777
1396 1496
1396 1806
1397 1427
1398 1613
1398 1740
1398 1763
1398 1805
1399 1553
1399 1597
1399 1941
1400 1401
1400 1760
1400 1805
1402 1532
1402 1609
1402 1742
1402 1851
1402 1968
1403 1586
1403 1620
1403 1702
1403 1840
1403 1963
1404 1970
1405 1658
1405 1661
1405 1699
1405 1766
1405 1935
1405 1968
1406 1473
1407 1642
1407 1667
1408 1589
1408 1790
1408 1870
1408 1957
1411 1494
1414 1472
1414 1549
1414 1585
1414 1638
1414 1847
1414 1848
1414 1854
1414 1867
1415 1772
1415 1975
1416 1730
1417 1440
1417 1601
1417 1707
1418 1449
1418 1620
1418 1699
1419 1467
1419 1623
1419 1659
1419 1763
1420 1934
1421 1657
1421 1821
1422 1462
1423 1575
1423 1859
1424 1562
1424 1985
1425 1610
1425 1758
1425 1887
1426 1626
1426 1715
1426 1777
1427 1800
1429 1636
1429 1668
1430 1603
1430 1643
1430 1664
1430 1743
1431 1731
1432 1784
1432 1873
1433 1605
1433 1781
1434 1447
1434 1683
1435 1843
1436 1875
1437 1439
1438 1710
1438 1787
1438 1882
1438 1997
1439 1755
1439 1811
1439 1837
1440 1635
1440 1641
1440 1670
1440 1805
1440 1913
1441 1456
1441 1598
1441 1735
1441 1842
1441 1878
1442 1626
1442 1753
1443 1630
1443 1998
1444 1594
1444 1754
1444 1798
1445 1792
1445 1838
1448 1711
1448 1715
1448 1746
1448 1909
1448 1985
1449 1767
1450 1557
1450 1596
1450 1605
1450 1918
1450 1967
1451 1640
1451 1722
1451 1810
1451 1821
1451 1964
1452 1453
1452 1912
1453 1921
1454 1751
1454 1949
1455 1838
1455 1958
1456 1498
1456 1777
1456 1867
1456 1889
1456 1907
1457 1496
1457 1520
1457 1697
1457 1716
1457 1773
1459 1475
1459 1593
1459 1712
1459 1770
1459 1804
1460 1850
1461 1607
1461 1683
1463 1467
1463 1687
1464 1836
1465 1653
1465 1716
1466 1477
1466 1618
1466 1627
1467 1579
1467 1894
1467 1935
1467 1953
1467 1962
1467 1980
1468 1583
1471 1938
1472 1825
1473 1612
1474 1946
1474 1962
1475 1537
1475 1545
1475 1744
1475 1921
1476 1810
1477 1486
1477 1675
1477 1903
1478 1556
1478 1825
1479 1672
1479 1774
1479 1909
1479 1937
1480 1807
1480 1829
1480 1836
1481 1616
1481 1621
1481 1868
1481 1895
1482 1538
1482 1661
1482 1710
1482 1742
1482 1888
1483 1501
1483 1614
1483 1789
1483 1956
1484 1657
1485 1808
1485 1996
1486 1974
1487 1712
1487 1810
1487 1958
1488 1601
1488 1613
1488 1697
1488 1814
1489 1509
1489 1920
1490 1702
1490 1991
1491 1805
1492 1639
1493 1562
1493 1679
1494 1656
1494 1933
1496 1518
1496 1906
1497 1549
1497 1563
1497 1640
1497 1673
1497 1986
1498 1584
1498 1617
1499 1611
1499 1794
1500 1796
1501 1528
1501 1651
1501 1767
1502 1789
1502 1965
1503 1602
1504 1623
1504 1740
1506 1827
1506 1959
1507 1828
1509 1516
1509 1768
1510 1542
1511 1725
1511 1970
1512 1661
1512 1835
1513 1562
1513 1578
1513 1909
1513 1956
1514 1550
1514 1668
1515 1592
1515 1869
1516 1527
1517 1554
1517 1619
1517 1796
1518 1595
1518 1892
1518 1907
1519 1544
1519 1621
1519 1829
1519 1993
1520 1603
1520 1660
1520 1878
1521 1638
1521 1820
1521 1884
1523 1832
1525 1528
1525 1578
1525 1755
1525 1879
1526 1805
1526 1891
1527 1715
1527 1914
1528 1581
1529 1562
1529 1770
1530 1919
1531 1683
1531 1802
1531 1858
1533 1820
1533 1827
1534 1729
1534 1838
1534 1883
1535 1549
1536 1610
1536 1677
1536 1701
1536 1801
1536 1837
1536 1889
1536 1922
1536 1926
1537 1792
1537 1812
1537 1989
1538 1679
1538 1895
1539 1913
1541 1884
1542 1752
1542 1820
1542 1857
1542 1925
1542 1941
1544 1663
1544 1980
1545 1645
1545 2000
1546 1931
1546 1978
1547 1710
1548 1648
1549 1837
1549 1850
1550 1657
1551 1571
1551 1578
1551 1772
1552 1779
1552 1979
1553 1596
1553 1625
1553 1720
1553 1796
1553 1821
1555 1599
1555 1705
1555 1914
1557 1559
1557 1610
1557 1757
1558 1598
1558 1685
1559 1763
1559 1795
1560 1851
1560 1863
1560 1887
1560 1931
1561 1615
1561 1639
1561 1786
1561 1940
1562 1776
1563 1868
1564 1805
1564 1814
1566 1938
1568 1705
1568 1719
1568 1999
1569 1646
1569 1686
1569 1721
1569 1744
1569 1881
1570 1582
1570 1749
1570 1970
1571 1603
1571 1668
1571 1788
1573 1811
1573 1959
1574 1606
1574 1631
1574 1848
1574 1950
1574 1958
1575 1580
1576 1991
1577 1960
1578 1679
1578 1964
1578 1984
1580 1679
1581 1901
1581 1987
1582 1854
1585 1634
1585 1771
1586 1940
1586 1993
1587 1735
1587 1824
1588 1750
1589 1679
1589 1933
1589 1938
1589 1965
1590 1656
1590 1755
1591 1720
1592 1618
1593 1651
1593 1827
1594 1727
1594 1748
1594 1790
1594 1938
1595 1641
1595 1711
1595 1717
1597 1678
1597 1716
1597 1752
1597 1770
1597 1848
1598 1765
1598 1830
1599 1653
1600 1723
1600 1922
1600 1938
1602 1665
1602 1693
1602 1915
1604 1634
1604 1635
1604 1674
1604 1854
1604 1909
1604 1922
1604 1970
1605 1692
1606 1853
1606 1978
1607 1715
1607 1872
1609 1744
1610 1795
1610 1820
1610 1823
1611 1618
1611 1663
1611 1910
1612 1662
1612 1864
1614 1721
1614 1905
1615 1758
1617 1624
1617 1658
1617 1727
1617 1751
1618 1938
1619 1709
1619 1807
1620 1654
1620 1778
1620 1877
1621 1652
1621 1687
1621 1804
1621 1886
1621 1928
1622 1685
1622 1963
1624 1637
1625 1685
1626 1810
1626 1891
1627 1873
1628 1945
1630 1712
1632 1652
1632 1826
1632 1847
1632 1870
1632 1974
1634 1662
1634 1722
1634 1880
1634 1983
1635 1719
1635 1856
1636 1770
1636 1869
1637 1768
1637 1855
1637 1920
1638 1642
1638 1736
1638 1922
1639 1748
1639 1768
1639 1849
1639 1996
1640 1936
1641 1662
1641 1775
1641 1797
1641 1952
1642 1986
1643 1687
1643 1969
1644 1846
1646 1726
1646 1797
1647 1657
1647 1952
1648 1683
1649 1679
1649 1962
1649 1998
1650 1765
1652 1736
1652 1818
1652 1983
1653 1887
1654 1723
1654 1730
1654 1789
1655 1669
1655 1865
1656 1807
1656 1896
1657 1794
1659 1799
1660 1673
1660 1964
1661 1723
1661 1783
1662 1984
1663 1724
1663 1732
1663 1990
1664 1763
1664 1793
1665 1684
1666 1791
1666 1870
1667 1682
1667 1870
1667 1889
1668 1758
1668 1940
1670 1748
1671 1714
1671 1787
1671 1880
1671 1982
1673 1883
1674 1892
1675 1710
1675 1957
1677 1781
1677 1948
1679 1983
1680 1842
1680 1979
1681 1762
1682 1737
1682 1972
1685 1855
1686 1932
1687 1709
1691 1719
1691 1968
1692 1791
1692 1992
1693 1847
1693 1926
1694 1817
1695 1772
1695 1828
1696 1846
1696 1963
1697 1779
1697 1876
1697 1959
1698 1898
1698 1907
1699 1985
1701 1793
1702 1735
1702 1778
1702 1972
1703 1738
1703 1989
1704 1958
1705 1760
1705 1846
1706 1923
1707 1828
1707 1944
1707 1962
1708 1718
1708 1789
1710 1964
1711 1747
1712 1760
1712 1812
1712 1908
1713 1779
1713 1788
1714 1921
1714 1948
1715 1823
1717 1859
1719 1744
1719 1811
1720 1814
1720 1885
1720 1890
1720 1964
1720 1973
1721 1912
1722 1749
1724 1808
1725 1885
1725 1916
1726 1742
1726 1775
1726 1812
1727 1954
1730 1911
1734 1955
1734 1966
1735 1824
1735 1889
1737 1937
1739 1880
1739 1929
1740 1766
1740 1806
1740 1824
1742 1847
1743 1967
1744 1864
1745 1779
1745 1799
1745 1833
1745 1984
1746 1752
1746 1872
1747 1887
1748 1854
1748 1895
1749 1751
1749 1767
1750 1924
1751 1963
1752 1827
1755 1779
1756 1888
1756 1942
1757 1930
1761 1868
1762 1817
1764 1925
1765 1847
1765 1960
1765 1992
1767 1868
1769 1986
1770 1865
1771 1930
1777 1873
1779 1913
1779 1953
1780 1919
1781 1865
1781 1879
1782 1899
1782 1963
1783 1805
1783 1843
1786 1791
1786 1824
1786 1961
1786 1987
1789 1793
1789 1920
1792 1811
1792 1828
1792 1836
1792 1984
1793 1886
1796 1882
1796 1909
1796 1947
1797 1905
1802 1835
1803 1878
1805 1867
1805 1881
1806 1898
1807 1834
1808 1996
1809 1911
1810 1941
1810 1998
1812 1819
1812 1964
1812 1979
1813 1920
1816 1856
1818 1957
1819 1846
1819 1899
1821 1981
1823 1854
1823 1884
1823 1993
1824 1953
1828 1922
1829 1927
1830 1860
1830 1889
1830 1964
1831 1912
1832 1858
1834 1871
1835 1837
1836 1887
1836 1990
1838 1957
1839 1903
1840 1992
1842 1959
1844 1981
1846 1862
1848 1987
1850 1892
1851 1972
1852 1952
1855 1951
1856 1989
1859 1942
1864 1898
1865 1879
1865 1929
1865 1957
1872 1942
1874 1971
1874 1980
1876 1885
1880 1980
1881 1913
1882 1898
1882 1930
1883 1945
1889 1893
1890 1957
1892 1933
1896 1958
1896 1997
1898 1942
1904 1944
1908 1966
1909 1980
1909 1982
1913 1934
1915 1955
1915 1994
1916 1917
1916 1954
1916 1963
1917 1942
1917 1981
1919 1934
1919 1950
1922 1969
1928 1998
1930 1980
1931 1957
1933 1949
1935 1998
1937 1952
1941 1945
1942 1985
1945 1970
1946 1976
1950 1976
1952 1989
1952 1993
1960 1999
1964 1983
1967 1991
1977 1982
1988 1994
1989 1991
