2000
1 385
1 703
1 892
1 1346
1 1410
1 1676
1 1970
3 309
3 835
4 44
4 898
4 1572
4 1738
5 689
5 1617
5 1622
6 209
6 460
6 1365
7 1001
7 1027
7 1232
7 1502
7 1621
8 633
9 244
9 1289
10 432
10 495
10 1387
11 512
11 533
11 1830
12 168
12 1171
13 134
14 179
14 899
14 1226
15 137
15 232
15 510
15 727
15 1171
15 1754
16 369
16 384
17 246
17 730
17 1318
17 1689
17 1727
18 325
18 667
18 851
18 1012
18 1018
18 1193
18 1485
18 1530
18 1713
19 321
19 529
20 419
21 240
21 431
21 964
22 1256
23 287
23 423
23 1416
23 1529
24 97
24 785
24 810
24 943
25 131
25 372
25 702
25 891
25 1001
25 1480
25 1521
25 1548
25 1752
26 1486
27 767
27 1029
27 1300
27 1904
28 493
28 925
28 1236
28 1273
28 1285
29 192
29 405
29 851
29 1465
30 193
30 1689
31 299
31 651
31 1119
31 1152
31 1865
32 985
32 990
32 1373
32 1482
32 1656
33 386
33 1875
33 1913
34 418
34 1319
34 1340
34 1475
34 1752
34 1805
34 1879
35 651
35 1421
36 1205
36 1897
37 390
37 579
37 595
37 695
37 1370
37 1449
38 120
38 311
38 607
38 1070
38 1859
39 174
39 206
39 839
39 1179
39 1429
39 1832
39 2000
40 1065
40 1176
40 1479
41 97
41 189
41 1126
41 1251
41 1277
41 1596
41 1715
41 1724
41 1754
41 1764
41 1787
42 182
42 1024
42 1041
42 1231
42 1500
42 1594
43 202
43 620
43 745
44 1258
44 1662
45 844
45 1697
46 176
46 559
46 931
46 1425
46 1731
47 735
47 1836
48 274
48 445
48 1301
48 1418
48 1719
49 905
49 933
49 1126
49 1182
49 1220
49 1366
49 1487
49 1709
50 59
50 247
50 505
50 585
50 1897
51 1886
52 265
52 303
52 1349
52 1727
53 1087
53 1363
53 1806
54 188
54 496
54 647
54 1452
54 1573
54 1710
54 1880
54 1916
54 1997
55 848
55 920
55 1014
55 1242
55 1376
55 1893
56 824
56 1197
57 228
57 279
57 357
57 581
57 896
57 1405
57 1462
57 1739
57 1905
58 952
58 961
58 1487
58 1674
59 93
59 1394
60 421
60 627
60 636
60 843
60 1178
60 1367
60 1851
61 444
61 655
61 996
61 1622
61 1801
62 147
62 783
62 1370
62 1386
63 779
63 951
63 1456
63 1671
63 1868
64 363
64 914
64 1509
65 426
65 1529
66 498
66 806
66 1060
66 1359
66 1952
67 210
67 366
67 1312
68 1065
68 1221
69 248
69 388
69 840
69 901
70 92
70 281
70 1330
70 1540
70 1703
70 1852
70 1954
71 460
71 971
71 1123
71 1172
71 1684
71 1923
72 431
72 1619
73 260
73 334
73 758
73 1634
74 1218
74 1976
75 100
75 241
75 400
75 1300
75 1491
75 1752
76 285
76 304
76 843
76 1027
76 1718
77 226
77 1021
77 1139
77 1485
78 624
78 710
78 1472
78 1972
79 224
79 763
79 1063
79 1711
80 164
80 259
80 1244
80 1633
80 1967
80 1978
81 776
81 1017
82 640
82 1057
83 436
83 513
83 1816
83 1865
84 1057
84 1075
84 1781
85 1048
85 1480
85 1491
85 1945
86 175
86 213
86 1065
86 1746
87 513
87 1464
87 1468
88 373
88 461
88 1996
89 226
89 761
89 787
89 1284
89 1766
90 1190
90 1494
90 1924
91 1675
91 1907
92 820
92 961
92 995
93 217
93 250
93 492
93 975
94 1202
94 1497
94 1498
95 374
95 800
95 875
95 1222
95 1331
95 1749
96 176
96 376
96 544
96 1058
97 717
97 1045
98 827
98 1992
99 359
99 402
99 687
99 763
99 1700
99 1901
99 1963
100 339
100 793
100 1309
100 1782
101 470
101 613
102 211
102 239
102 343
102 1480
102 1739
103 237
103 442
103 498
103 857
104 417
104 1568
105 382
105 1110
105 1400
105 1618
105 1945
106 303
106 1180
106 1603
107 454
107 580
107 688
108 258
108 561
108 1283
108 1362
108 1422
109 155
109 229
109 377
109 544
109 694
109 1238
109 1916
110 475
110 554
110 724
110 1172
110 1703
111 644
111 1247
111 1432
111 1878
112 407
112 1178
113 316
113 765
113 841
113 1516
113 1686
114 1639
115 322
115 596
115 983
115 1369
116 146
116 1226
116 1895
117 515
117 518
117 655
117 1022
117 1651
117 1860
118 129
118 272
118 801
118 1521
119 560
119 1408
119 1788
119 1843
120 982
120 1150
120 1247
120 1470
120 1473
120 1839
121 137
121 189
121 994
121 1869
122 587
122 1346
122 1552
122 1709
123 233
123 398
123 467
123 1497
123 1645
123 1671
124 280
124 484
124 1002
124 1458
124 1593
124 1739
124 1908
125 786
126 1111
126 1447
126 1504
126 1655
126 1959
127 541
127 1587
128 857
128 1145
129 144
129 882
129 1057
129 1070
129 1870
130 1459
131 1331
131 1401
131 1807
132 349
132 581
132 1900
133 1327
133 1959
134 910
134 1550
135 294
135 481
135 697
135 861
135 980
135 1259
135 1329
135 1956
135 1976
136 755
136 781
136 849
136 916
136 953
136 958
136 1059
136 1669
136 1753
137 480
137 729
137 1056
137 1891
138 347
138 588
138 772
138 1021
138 1516
138 1673
139 394
139 1709
139 1713
139 1808
139 1822
139 1978
140 1053
140 1340
140 1727
141 294
141 609
141 1766
142 598
142 1136
142 1187
142 1871
143 575
143 627
143 879
143 1067
144 397
144 409
144 1093
144 1480
144 1797
145 218
145 1090
145 1175
145 1373
145 1384
145 1519
145 1768
147 997
147 1019
147 1350
147 1738
147 1808
148 636
148 722
148 1720
149 269
149 308
149 398
149 427
150 259
150 446
151 532
151 781
152 1045
152 1423
152 1611
152 1775
152 1783
152 1821
153 1883
153 1992
154 622
154 1287
154 1984
155 316
155 1173
155 1554
156 219
156 637
156 669
156 1002
156 1462
156 1648
157 1232
157 1311
157 1355
157 1688
158 902
158 1054
158 1633
158 1799
159 447
159 1007
160 790
160 1370
160 1417
160 1959
161 616
161 1083
161 1495
161 1611
162 527
162 676
162 867
162 1209
162 1390
162 1790
162 1863
163 184
163 1026
163 1393
163 1678
163 1864
163 1918
164 629
164 1336
164 1510
165 291
165 411
165 543
166 771
166 1166
166 1332
166 1463
167 465
167 904
168 646
168 718
168 865
168 1218
169 769
169 1961
170 185
170 502
170 645
170 1040
170 1058
170 1588
170 1661
171 339
171 451
171 693
171 775
171 1154
171 1340
171 1611
171 1868
172 545
172 664
172 785
173 324
173 654
173 981
173 1444
173 1570
174 592
174 1109
175 310
175 630
175 749
175 1573
175 1726
175 1768
176 1083
176 1428
176 1499
176 1504
176 1609
176 1968
177 1667
178 517
178 852
178 1089
178 1304
178 1553
179 292
179 321
179 1181
179 1190
180 293
180 548
180 1031
180 1614
180 1987
181 365
181 1800
182 892
182 931
182 1321
183 1928
184 542
184 1422
184 1760
185 245
185 712
185 967
185 1875
185 1916
186 993
186 1605
186 1820
187 1103
187 1351
187 1446
188 839
188 985
188 1552
189 977
190 213
190 362
190 486
190 1682
190 1853
191 491
191 642
191 917
191 1443
191 1503
191 1652
191 1817
192 1364
193 780
193 1005
193 1194
193 1244
193 1979
194 496
194 1197
194 1968
194 1994
195 739
195 872
195 1096
195 1644
195 1694
195 1848
195 1997
196 861
196 1717
197 484
197 510
197 655
198 1287
198 1295
199 417
199 445
199 466
199 977
199 1034
199 1101
199 1379
199 1513
199 1540
199 1734
200 566
200 612
200 643
200 1131
200 1694
200 1823
201 416
201 1571
202 353
202 497
202 560
202 1986
203 342
203 682
203 999
203 1718
203 1924
204 359
204 546
204 870
204 1038
204 1765
204 1788
205 394
205 443
205 809
205 1127
205 1483
205 1722
205 1835
206 1434
207 948
207 1004
207 1100
207 1795
209 471
209 673
209 727
209 767
209 1612
210 965
210 1524
210 1774
211 1242
211 1440
212 1528
212 1875
212 1957
213 1203
214 591
214 617
214 1119
214 1541
214 1736
215 397
215 979
216 494
216 1399
216 1402
216 1535
216 1704
217 559
217 632
217 910
217 1796
218 349
218 1193
218 1448
218 1489
218 1529
218 1607
218 1737
219 823
219 1070
219 1343
219 1664
220 1387
221 1051
222 467
222 1245
222 1824
223 1018
223 1513
223 1743
223 1784
223 1854
224 860
224 893
224 1381
225 1112
225 1286
226 253
226 1134
227 1197
228 782
228 1704
229 1225
230 460
230 1888
230 1978
231 635
231 780
231 1323
231 1447
232 486
232 644
232 948
232 1797
233 1275
234 786
234 1073
234 1442
235 725
235 870
235 941
235 1909
236 380
236 776
237 618
238 1534
239 634
239 769
239 1044
240 649
240 712
240 958
240 1049
240 1276
240 1923
240 1969
241 1678
241 1978
242 689
242 983
242 1280
242 1507
243 832
243 1439
244 1658
245 616
245 776
245 1208
245 1838
245 1938
246 378
246 829
246 1409
246 1605
247 345
247 768
247 1053
247 1135
247 1142
247 1464
248 306
248 380
248 1187
248 1781
248 1923
249 1349
249 1638
249 1686
249 1746
249 1921
250 1220
250 1911
251 809
251 849
251 1595
252 551
252 1593
253 1725
253 1902
254 1255
254 1549
255 273
255 375
255 1439
255 1460
255 1519
255 1604
255 1979
256 446
256 859
256 1943
257 429
257 1515
258 337
258 676
259 461
259 785
259 1141
259 1261
259 1519
259 1874
260 612
260 1359
260 1561
261 1155
263 1023
263 1501
264 923
264 1963
265 596
265 643
265 737
265 772
265 1605
266 957
266 1767
267 544
267 873
267 1818
268 479
268 734
268 1541
269 554
269 1066
269 1145
270 1423
270 1764
270 1980
271 994
271 1130
271 1289
271 1380
272 333
272 731
272 1540
273 1379
273 1702
274 1026
274 1253
274 1348
274 1868
275 720
275 833
276 870
276 1089
276 1515
276 1738
277 742
278 738
278 1888
279 1917
280 653
280 1093
281 474
281 759
281 1145
281 1187
281 1372
281 1441
281 1776
282 1306
282 1508
282 1569
282 1773
282 1896
283 371
283 1189
283 1536
283 1960
284 323
284 543
284 1242
284 1273
284 1367
285 649
285 1291
285 1924
286 314
287 1176
288 351
288 903
288 1964
289 601
289 775
289 1623
290 1316
290 1489
290 1773
290 1863
291 324
291 1548
291 1682
291 1870
292 432
292 628
292 842
292 1069
292 1664
292 1672
292 1807
292 1997
293 894
293 1229
293 1539
294 1446
295 527
295 724
295 1349
295 1436
295 1649
296 325
296 541
297 332
297 961
297 1371
297 1431
297 1661
298 1016
298 1722
298 1893
299 631
299 1285
299 1598
300 667
300 949
301 923
302 682
302 1516
302 1523
302 1800
302 1965
303 1284
303 1644
304 875
304 1280
304 1460
304 1842
304 1988
305 310
305 1530
305 1610
306 330
306 936
306 1736
307 518
307 532
307 946
308 1051
309 336
309 1429
310 885
310 1240
311 440
311 460
311 886
311 1789
311 1903
312 726
312 1208
312 1278
312 1793
312 1819
313 808
313 1084
313 1261
313 1389
313 1727
313 1990
314 540
314 1066
314 1899
315 606
315 806
315 1646
316 1052
316 1087
316 1763
317 693
317 1239
317 1475
317 1624
318 406
318 1784
319 575
319 598
319 938
319 1471
320 670
320 1021
320 1180
320 1867
320 1919
321 810
321 930
321 1012
321 1387
321 1746
322 407
322 819
322 1397
322 1937
323 459
323 957
323 1017
323 1501
323 1734
323 1796
324 1540
325 584
325 616
325 699
325 876
327 486
327 495
327 1093
327 1747
327 1869
328 517
328 772
329 718
329 853
329 1697
330 392
330 947
330 1076
331 637
331 835
331 1178
331 1662
331 1861
332 1017
332 1609
333 347
333 1276
333 1896
333 1910
334 1331
334 1910
334 1914
335 1483
335 1766
335 1900
336 474
336 1961
337 1341
337 1720
337 1844
338 1425
338 1442
338 1551
338 1839
339 778
339 1850
340 373
341 776
341 969
342 1597
342 1952
343 1123
343 1611
344 1211
344 1469
345 606
345 1129
346 880
346 904
346 953
346 960
346 1117
346 1198
346 1302
346 1497
347 1285
347 1736
347 1796
348 938
348 1166
349 1463
349 1520
350 454
350 460
350 776
350 996
350 1050
351 470
351 480
351 1675
351 1732
352 435
352 723
352 785
352 978
352 1118
352 1267
353 1417
353 1729
353 1849
354 1304
354 1610
354 1674
355 409
355 432
355 1488
357 690
357 1204
357 1334
357 1714
358 468
358 496
358 1274
358 1450
359 649
359 1258
359 1781
360 648
360 888
360 1750
360 1808
361 463
361 1184
361 1289
362 640
362 678
362 976
362 1105
363 1200
364 643
364 857
364 982
364 1862
365 524
365 1963
365 1982
366 439
366 587
366 843
366 1358
366 1470
366 1558
367 675
367 677
367 1571
368 914
368 950
368 1094
368 1155
369 1114
369 1197
369 1628
370 763
370 861
370 1845
370 1937
372 784
372 1969
373 539
374 562
374 992
375 1164
377 441
377 1956
378 447
379 734
379 1395
379 1531
379 1771
379 1810
380 479
380 747
380 963
380 1643
380 1683
380 1969
381 432
381 1424
381 1625
381 1728
381 1763
382 598
382 639
382 960
382 1486
382 1574
383 640
383 646
383 763
383 806
383 1717
383 1874
383 1920
384 779
384 1131
384 1466
384 1850
385 479
385 711
385 915
385 1198
386 451
386 1032
386 1220
386 1493
386 1938
387 589
387 936
388 1065
388 1266
388 1429
388 1887
390 899
390 1528
390 1675
391 1125
392 850
392 955
393 536
393 997
393 1019
393 1422
394 951
394 1062
394 1072
394 1604
394 1793
394 1837
395 423
395 834
395 889
395 1897
396 1239
396 1870
397 656
397 1962
398 614
398 771
399 1483
399 1708
399 1970
400 406
400 956
400 1100
401 514
401 613
401 816
401 1339
401 1606
401 1933
401 1955
402 631
402 1132
402 1160
402 1250
402 1721
403 593
403 616
403 1331
403 1347
403 1772
403 1997
404 430
404 844
404 1632
404 1709
404 1853
405 510
406 1665
407 1047
407 1431
407 1614
407 1976
408 442
408 465
408 986
408 1202
408 1509
408 1712
409 648
409 751
409 1020
409 1266
409 1457
409 1926
410 482
410 655
410 685
410 845
410 1059
410 1297
411 745
411 869
411 1389
412 1749
412 1813
413 522
413 955
413 1465
413 1656
413 1744
414 480
414 654
414 1086
414 1159
415 1567
415 1780
416 578
416 912
416 1089
416 1624
416 1934
417 1043
417 1719
417 1746
417 1780
418 594
418 687
418 1104
418 1402
418 1587
418 1626
419 507
419 1063
419 1470
420 1001
420 1864
421 1135
422 577
422 834
422 951
422 1306
422 1496
422 1648
423 719
423 1518
423 1799
424 929
425 769
426 1254
426 1729
427 449
427 1811
428 661
428 1442
428 1583
428 1662
428 1900
429 696
429 880
429 1408
429 1596
429 1831
430 900
431 1242
432 1289
432 1794
433 479
433 1244
433 1525
433 1683
433 1717
433 1780
434 623
434 1330
434 1394
434 1721
435 1498
435 1521
435 1846
435 1937
436 859
436 1463
436 1858
437 971
437 1232
437 1576
438 860
438 1073
438 1319
438 1370
439 727
440 995
440 1506
442 1398
442 1939
442 1976
443 876
443 1093
443 1131
443 1212
443 1469
443 1750
444 481
444 579
444 753
444 919
444 1182
444 1541
445 1416
446 697
446 708
446 1330
446 1563
446 1959
446 1995
447 497
449 1243
449 1735
449 1926
450 486
450 801
450 1673
450 1913
451 1025
451 1026
451 1168
451 1800
451 1949
452 689
452 1386
452 1497
452 1958
452 1966
453 1050
453 1064
453 1156
453 1513
454 561
454 843
454 1009
454 1324
455 1091
455 1146
455 1853
456 660
456 711
456 768
456 1493
456 1769
457 1544
458 706
459 1451
459 1683
460 701
460 1295
461 1057
461 1288
462 912
462 975
462 1148
462 1217
462 1281
463 1433
463 1570
463 1806
464 1274
464 1992
465 533
465 569
466 817
466 1595
467 1537
467 1779
468 1370
468 1422
468 1475
469 506
469 539
469 692
469 727
469 1227
469 1530
469 1685
470 636
470 1182
471 719
471 803
471 978
471 987
471 1502
471 1542
471 1937
472 533
472 568
472 581
472 585
472 763
472 1343
472 1568
472 1757
473 799
473 1173
473 1741
473 1820
474 742
474 1004
474 1177
474 1207
474 1660
475 1252
476 520
476 1008
476 1509
477 818
478 653
478 671
478 848
478 973
479 939
479 1373
479 1604
480 756
480 856
480 1069
480 1357
481 535
481 866
482 849
482 1375
482 1987
483 706
483 1209
483 1407
484 544
484 613
484 1991
485 1362
485 1939
486 870
486 1345
486 1630
486 1962
487 1735
487 1838
488 566
488 659
488 974
488 989
488 1254
488 1352
489 501
489 843
489 1164
489 1232
489 1601
490 547
491 601
491 1359
493 622
493 635
494 696
494 958
494 1111
494 1578
495 1254
495 1354
495 1633
496 759
496 774
496 835
496 903
496 1163
496 1279
496 1645
497 806
497 1498
498 1027
498 1267
499 623
499 655
499 1257
499 1582
499 1804
499 1839
500 1179
500 1534
500 1707
500 1926
501 831
501 1191
501 1198
501 1438
501 1508
502 560
502 1315
502 1658
502 1996
503 1090
503 1179
503 1274
503 1382
504 817
504 1100
504 1802
505 538
505 955
505 1171
505 1280
505 1518
505 1567
506 582
506 1222
506 1725
506 1880
507 1538
508 1252
508 1357
508 1738
509 753
509 816
509 1049
509 1467
510 525
510 785
510 1340
510 1679
510 1945
511 671
511 932
511 1425
511 1464
512 743
512 1178
513 1388
513 1675
513 1787
513 1846
514 1575
515 1305
515 1915
515 1993
516 814
516 886
517 751
517 910
517 1903
518 686
518 775
518 906
518 954
519 728
519 837
519 895
519 990
519 1566
519 1664
519 1758
521 1009
522 633
522 860
522 1161
522 1195
522 1860
522 1983
523 595
523 612
523 1241
524 1664
524 1724
525 617
525 995
525 1235
525 1726
526 1523
527 997
527 1788
527 1794
527 1983
528 576
528 1442
528 1813
529 1260
530 1332
530 1692
530 1793
531 1702
532 1004
532 1717
532 1797
533 584
533 1602
534 592
534 650
534 1551
534 1618
535 585
535 1656
535 1725
535 1737
535 1974
536 748
536 1202
536 1213
537 641
537 1098
537 1266
537 1362
537 1794
537 1952
538 1413
539 573
539 890
539 911
539 1780
539 1926
540 871
540 1443
540 1515
540 1523
541 593
541 654
541 857
542 840
542 883
542 1127
542 1936
543 1839
544 1271
546 1725
547 679
547 1050
547 1278
547 1404
548 1150
548 1228
548 1353
548 1581
549 1563
550 1586
550 1906
551 1235
551 1627
552 772
552 818
552 1079
552 1101
552 1178
552 1347
552 1407
553 1485
554 679
554 1253
554 1727
554 1855
555 1000
555 1908
556 1128
557 1107
557 1727
557 1830
557 2000
558 600
558 733
558 1221
558 1375
559 577
559 1141
559 1947
560 1189
560 1842
560 1884
561 837
561 1437
561 1511
562 1141
562 1409
562 1786
562 1868
563 1019
564 976
564 1595
565 778
565 783
565 1832
566 942
566 1060
566 1507
566 1626
567 1077
567 1669
568 1364
568 1365
568 1419
568 1937
569 1100
570 807
570 1104
570 1319
570 1477
570 1775
571 722
571 803
571 936
571 1245
571 1497
572 585
572 1408
572 1479
572 1830
572 1969
573 1223
573 1756
574 623
574 1108
574 1125
574 2000
575 1121
575 1137
576 896
576 926
576 928
576 1001
576 1329
577 1096
577 1157
577 1573
577 1786
577 1925
578 909
578 1201
578 1617
578 1620
578 1742
579 1231
579 1466
579 1768
580 1923
581 1855
582 687
582 1325
583 1989
584 587
584 807
584 1077
585 765
585 1189
585 1812
585 1887
586 622
586 1876
586 1936
587 904
587 984
587 1046
588 630
588 817
588 1036
588 1178
588 1771
588 1906
589 950
589 1370
589 1890
590 904
590 1395
591 718
591 1527
592 1515
593 896
593 1544
593 1843
594 767
594 901
594 1712
594 1852
594 1889
594 1992
595 891
595 902
595 942
595 1698
596 1353
596 1979
597 673
597 923
597 1788
598 1042
598 1923
599 627
599 714
599 927
599 977
599 995
600 1119
600 1520
601 1380
601 1758
602 1006
602 1109
602 1278
602 1753
603 1008
603 1220
603 1618
604 1214
604 1968
605 1370
605 1891
606 651
606 836
606 1106
606 1480
606 1684
608 611
608 1221
609 705
609 842
609 1013
609 1770
609 1790
610 750
611 859
611 1522
612 684
612 935
612 1091
613 815
613 1124
613 1992
614 1507
614 1850
615 1064
616 826
616 1127
616 1813
616 1904
617 995
618 1045
618 1196
618 1412
618 1478
618 1558
619 1142
619 1175
619 1360
619 1574
619 1580
619 1977
620 1952
621 1122
621 1251
621 1428
621 1587
622 685
622 1138
623 820
624 664
624 975
624 1154
624 1691
625 1398
626 630
626 730
626 764
626 1222
627 658
627 867
627 1210
627 1524
627 1755
628 1260
628 1283
629 1010
629 1276
629 1297
630 798
630 858
630 1479
630 1776
630 1982
631 1212
631 1780
631 1826
632 1491
632 1882
632 1938
633 1198
633 1447
633 1809
633 1972
634 668
635 1084
635 1099
635 1191
635 1684
636 1263
636 1651
637 789
637 808
638 1102
638 1148
638 1754
638 1988
639 747
639 809
639 1770
640 747
640 1050
640 1517
640 1567
640 1654
640 1902
641 1598
642 656
642 668
642 712
642 895
642 1346
642 1446
643 831
643 993
643 1364
643 1715
643 1921
644 855
644 1675
645 760
647 1689
648 1583
648 1971
649 840
649 1527
650 969
650 1492
650 1939
651 822
651 1415
651 1767
652 708
652 927
653 848
653 993
653 1039
653 1111
653 1845
653 1889
654 1089
654 1266
654 1664
655 1870
656 1838
657 791
657 976
657 1440
657 1988
658 1534
658 1937
658 1972
659 703
659 853
659 1402
659 1434
659 1574
659 1630
659 1852
659 1872
660 1901
661 716
661 767
661 1646
661 1980
662 802
662 858
662 1825
663 888
663 1479
663 1508
663 1776
665 1594
665 1606
666 1308
666 1420
667 803
667 909
667 1962
667 1970
668 1115
669 877
669 1248
669 1398
669 1643
670 817
670 1577
671 1163
671 1275
671 1696
672 1096
672 1682
672 1809
673 777
673 1092
673 1360
673 1747
673 1764
673 1935
674 1985
675 1315
675 1715
675 1937
676 1245
676 1547
676 1570
677 1349
677 1392
678 1841
679 1635
679 1958
680 765
680 962
681 869
681 1138
681 1153
682 726
682 1061
682 1518
682 1670
682 1771
682 1843
682 1867
682 1915
683 1211
683 1525
684 1367
685 1303
685 1846
685 1976
686 1424
687 804
688 1099
688 1195
688 1652
688 1889
689 810
689 833
689 1768
689 1908
690 1959
690 1998
691 782
691 995
691 1145
692 1628
693 768
693 921
693 1365
693 1917
693 1959
694 798
694 818
694 1165
695 1056
695 1843
696 1366
698 867
698 1063
698 1237
698 1309
698 1848
699 1307
700 818
700 976
700 1981
701 1110
702 1052
703 844
703 1127
703 1369
703 1660
704 833
704 860
704 937
704 1132
704 1548
704 1613
704 1938
705 1134
705 1299
707 827
707 989
707 1185
709 1009
710 965
710 1873
711 1609
712 895
712 1094
712 1520
712 1524
714 1658
714 1668
714 1953
715 889
716 952
716 1079
716 1303
716 1409
716 1824
717 944
717 1265
718 1088
718 1873
719 836
719 1544
719 1631
720 1032
720 1236
721 1156
721 1330
722 902
722 1184
722 1538
722 1960
723 1724
723 1735
723 1988
724 1255
724 1786
724 1957
725 1066
725 1914
726 1895
727 1129
727 1215
727 1436
727 1543
727 1638
727 1651
728 762
728 1038
729 1491
729 1874
730 1235
730 1302
731 1529
731 1715
732 1495
732 1917
733 1394
734 748
734 1417
734 1624
735 841
735 1401
735 1995
736 742
736 757
736 1342
737 989
737 1574
738 1187
738 1247
738 1594
739 826
739 1026
739 1153
739 1524
739 1610
739 1881
740 882
740 1861
741 1107
741 1357
742 977
742 1991
743 1318
743 1397
744 871
744 893
744 1318
744 1665
745 953
745 1109
745 1608
745 1732
745 1785
745 1849
746 837
746 1796
746 1996
747 776
748 1620
748 1690
748 1701
749 1803
749 1938
749 1951
750 909
751 781
751 1016
751 1690
752 1114
753 1538
754 764
754 1042
754 1180
754 1536
754 1991
756 759
756 1203
756 1837
757 759
757 833
757 1071
757 1380
758 987
758 1796
759 1398
760 1311
760 1346
761 1318
762 1077
762 1418
762 1523
762 1611
762 1668
763 1183
764 1766
764 1899
765 910
765 996
765 1775
766 1031
766 1597
766 1816
767 1132
767 1335
768 1058
768 1417
769 939
769 1276
770 970
770 996
770 1201
770 1348
770 1382
770 1772
770 1906
771 868
771 892
772 1208
772 1572
772 1732
773 1452
774 779
774 813
774 1920
775 825
775 1348
776 1532
776 1745
776 1837
777 930
778 982
778 1349
778 1946
778 1978
779 1212
779 1443
779 1457
779 1797
780 1719
781 1303
781 1596
782 927
782 1771
783 1120
784 1489
784 1680
785 1174
785 1819
785 1955
786 1471
786 1485
787 1636
787 1712
787 1717
788 837
788 1242
788 1736
789 836
789 1269
789 1596
789 1772
789 1926
789 1975
790 1116
790 1652
790 1816
791 1177
793 1156
793 1641
793 1727
793 1882
793 1924
794 1261
794 1834
794 1871
795 1860
796 1509
797 1642
799 900
799 1008
800 906
800 970
800 1559
801 961
801 1168
801 1342
801 1454
801 1534
803 954
803 1556
803 1914
804 858
804 938
805 1142
805 1380
805 1842
806 1739
808 947
808 1623
808 1857
808 1877
809 1462
809 1553
809 1689
809 1822
810 877
811 1162
811 1168
811 1233
811 1318
811 1575
812 1377
813 1716
813 1791
813 1819
814 1030
814 1970
815 928
815 1053
815 1836
816 1160
816 1576
817 1043
817 1566
818 1595
818 1803
819 822
819 948
819 1323
819 1389
819 1914
820 1257
820 1607
820 1656
820 1823
821 1700
822 1307
823 1027
823 1068
823 1797
824 1108
824 1529
825 909
825 1342
825 1708
826 901
826 1754
826 1982
827 1969
828 1385
828 1899
829 1126
829 1643
830 1252
830 1389
831 1137
831 1497
831 1500
831 1516
831 1684
831 1943
832 1080
832 1463
832 1654
832 1857
832 1866
833 1139
833 1467
835 1263
835 1659
835 1982
836 981
837 1515
838 1203
838 1585
838 1772
838 1955
840 1572
841 1267
841 1473
841 1753
842 1226
842 1656
843 872
843 1216
843 1426
843 1647
843 1734
843 1773
843 1872
844 1085
844 1542
844 1785
845 1063
845 1122
845 1864
845 1917
845 1975
846 1704
846 1950
846 1983
847 1278
847 1319
848 1051
848 1130
849 1372
849 1476
850 1117
850 1194
850 1238
850 1782
851 1105
851 1404
851 1422
851 1708
851 1779
851 1813
851 1863
852 1141
852 1253
853 1296
853 1528
854 1511
855 1015
855 1226
856 1069
856 1562
856 1827
856 1951
857 976
857 1318
857 1510
859 1062
859 1449
859 1837
860 1905
861 1297
861 1722
862 879
862 978
862 1726
863 936
864 1307
864 1401
865 1080
865 1465
866 1906
868 1612
868 1773
869 1274
869 1390
869 1620
871 1873
872 1131
872 1409
873 1485
873 1661
873 1890
875 1263
875 1558
875 1612
875 1716
877 1130
877 1219
877 1365
877 1526
877 1547
877 1820
878 1358
878 1463
879 1886
880 1479
882 974
882 1119
882 1304
882 1738
883 1563
884 1050
884 1221
884 1607
886 1329
886 1742
887 1941
888 987
888 1005
888 1281
888 1504
888 1668
889 975
889 1340
889 1878
890 1573
890 1910
891 1176
891 1576
891 1814
891 1894
891 1930
892 1325
892 1443
892 1993
893 946
893 1507
893 1951
894 1042
894 1140
894 1417
894 1468
894 1851
895 955
896 1019
897 1350
897 1994
899 1061
900 1061
900 1500
900 1898
901 1431
901 1442
901 1571
902 1010
902 1317
902 1366
902 1427
903 1294
904 1449
904 1834
905 1499
906 1818
906 1998
907 1450
907 1609
907 1735
908 1044
908 1540
909 972
909 1366
911 1254
911 1272
911 1762
911 1937
911 1945
912 1393
912 1529
913 1051
913 1804
914 1408
915 1011
915 1091
915 1762
916 1283
916 1978
917 1261
918 1004
918 1555
918 1557
918 1722
918 1725
919 1796
920 1317
920 1459
920 1567
920 1725
922 1048
922 1448
922 1468
922 1675
922 1733
923 1694
923 1737
925 1099
925 1782
925 1875
926 1168
926 1848
927 1706
927 1779
928 1501
928 1628
928 1982
932 1310
932 1459
932 1646
933 1727
934 1148
934 1228
934 1306
934 1927
935 1753
936 1276
936 1344
937 1370
937 1857
938 1088
938 1169
938 1472
939 1020
939 1529
942 950
942 1194
942 1319
942 1774
944 1854
945 1187
945 1243
945 1447
946 1970
947 1136
947 1526
947 1857
948 1446
948 1625
949 975
949 1717
949 1804
950 1540
951 1750
951 1877
952 1186
952 1412
952 1651
953 1142
955 1480
956 1089
956 1988
957 1100
957 1109
957 1231
957 1710
957 1734
957 1923
958 1038
958 1146
958 1341
958 1513
958 1616
959 1161
959 1200
959 1394
959 1481
959 1793
960 1069
960 1948
962 1008
962 1629
963 1280
963 1855
964 1343
964 1763
964 1939
965 1139
965 1658
965 1935
967 1050
967 1229
968 1221
969 1027
969 1810
970 1470
970 1506
970 1942
971 1076
971 1467
971 1874
972 1192
972 1850
973 1802
974 983
974 1269
974 1271
974 1790
974 1884
974 1900
975 1196
975 1914
976 1379
977 1095
977 1468
978 1928
979 1624
979 1942
980 1083
980 1405
980 1514
980 1772
981 1972
984 1589
984 1647
984 1798
984 1896
985 1123
985 1241
985 1372
986 1151
986 1544
987 1553
987 1738
987 1918
988 1917
989 1662
990 1927
991 1585
991 1597
992 1997
993 1261
993 1822
993 1862
994 1272
994 1531
994 1816
995 1012
995 1332
995 1361
995 1677
995 1846
996 1285
996 1400
996 1636
996 1674
997 1867
999 1207
1000 1114
1000 1516
1000 1590
1000 1991
1002 1432
1002 1984
1003 1947
1004 1618
1004 1712
1004 1995
1005 1444
1005 1570
1005 1937
1006 1325
1006 1666
1006 1833
1006 1936
1007 1159
1007 1177
1007 1459
1007 1527
1007 1581
1007 1781
1009 1430
1009 1652
1010 1044
1010 1499
1010 1519
1011 1355
1011 1665
1011 1850
1012 1115
1012 1190
1012 1540
1013 1862
1014 1017
1014 1747
1014 1886
1015 1081
1015 1750
1015 1814
1015 1998
1016 1110
1019 1191
1020 1177
1020 1210
1020 1788
1022 1943
1023 1170
1023 1292
1023 1542
1024 1862
1024 1968
1025 1031
1025 1354
1025 1978
1026 1394
1026 1889
1026 1957
1027 1798
1027 1813
1028 1581
1028 1995
1029 1336
1029 1944
1030 1291
1031 1304
1031 1701
1031 1707
1032 1203
1032 1684
1032 1727
1033 1389
1033 1792
1034 1519
1035 1293
1035 1441
1035 1452
1035 1526
1035 1563
1035 1740
1035 1865
1035 1924
1036 1151
1038 1069
1038 1133
1038 1266
1038 1920
1039 1197
1039 1623
1040 1292
1040 1888
1041 1122
1041 1438
1041 1756
1041 1808
1041 1979
1042 1354
1042 1706
1042 1874
1043 1622
1045 1158
1045 1254
1045 1297
1045 1353
1045 1504
1045 1531
1045 1633
1046 1455
1046 1625
1047 1183
1047 1224
1047 1348
1049 1304
1049 1396
1050 1816
1052 1389
1052 1516
1054 1111
1054 1795
1054 1832
1055 1184
1055 1614
1056 1123
1056 1580
1058 1193
1058 1573
1059 1236
1063 1188
1063 1590
1064 1852
1065 1094
1065 1267
1065 1450
1065 1905
1066 1192
1067 1159
1067 1277
1067 1511
1068 1131
1068 1570
1069 1078
1069 1807
1070 1324
1070 1384
1070 1428
1071 1658
1072 1993
1073 1920
1074 1325
1076 1704
1076 1706
1077 1868
1077 1873
1078 1312
1078 1806
1079 1129
1079 1384
1079 1413
1080 1359
1081 1257
1081 1649
1082 1474
1083 1245
1083 1546
1083 1597
1084 1131
1084 1480
1084 1619
1085 1924
1086 1338
1087 1749
1087 1798
1088 1289
1088 1382
1088 1897
1089 1197
1090 1562
1090 1645
1090 1663
1090 1916
1091 1808
1094 1612
1095 1451
1096 1697
1097 1510
1098 1383
1098 1547
1098 1908
1099 1415
1099 1508
1099 1709
1100 1211
1100 1434
1100 1778
1101 1169
1103 1132
1103 1352
1103 1383
1103 1682
1103 1910
1106 1824
1107 1339
1107 1603
1107 1753
1109 1635
1112 1289
1112 1774
1113 1559
1113 1609
1113 1927
1115 1310
1115 1690
1116 1228
1116 1758
1117 1583
1118 1947
1118 1967
1119 1724
1120 1371
1121 1408
1122 1765
1123 1509
1123 1958
1124 1137
1124 1418
1124 1801
1124 1882
1125 1564
1125 1654
1126 1239
1126 1358
1126 1540
1127 1639
1128 1716
1129 1999
1132 1890
1132 1942
1133 1155
1133 1327
1133 1375
1133 1460
1133 1907
1134 1224
1134 1762
1134 1776
1135 1179
1135 1265
1135 1478
1135 1685
1136 1716
1136 1737
1136 1964
1137 1207
1137 1959
1140 1359
1140 1565
1141 1508
1141 1761
1142 1196
1142 1480
1142 1487
1142 1978
1144 1544
1145 1577
1146 1932
1147 1156
1148 1345
1149 1499
1149 1532
1150 1664
1150 1874
1151 1183
1151 1603
1153 1289
1153 1928
1154 1924
1155 1813
1155 1829
1157 1409
1159 1795
1160 1167
1160 1182
1160 1895
1161 1486
1162 1360
1162 1651
1163 1374
1163 1514
1164 1565
1164 1801
1164 1965
1167 1181
1167 1226
1167 1292
1169 1296
1169 1545
1170 1368
1170 2000
1171 1548
1172 1606
1175 1350
1176 1249
1176 1357
1176 1660
1177 1636
1177 1957
1177 1958
1178 1915
1179 1437
1179 1658
1179 1778
1180 1578
1181 1187
1181 1225
1181 1865
1183 1571
1183 1879
1186 1633
1186 1921
1187 1230
1187 1335
1187 1850
1188 1639
1188 1652
1189 1642
1189 1793
1191 1850
1192 1685
1192 1986
1193 1753
1194 1634
1194 1791
1197 1782
1197 1965
1204 1806
1204 1924
1204 1984
1205 1844
1205 1924
1205 1998
1206 1922
1208 1288
1208 1665
1208 1897
1209 1332
1209 1472
1209 1493
1209 1725
1209 1727
1209 1759
1212 1272
1213 1502
1213 1543
1213 1658
1213 1809
1213 1868
1214 1833
1215 1517
1215 1846
1215 1895
1217 1352
1217 1458
1217 1523
1217 1846
1218 1494
1218 1544
1219 1469
1219 1997
1220 1607
1221 1589
1221 1653
1222 1752
1223 1991
1224 1727
1226 1227
1227 1403
1227 1468
1227 1699
1228 1482
1228 1507
1228 1647
1229 1702
1230 1401
1230 1407
1230 1781
1230 1999
1231 1675
1231 1706
1231 1771
1232 1665
1233 1811
1235 1671
1236 1889
1238 1600
1238 1688
1239 1242
1239 1595
1240 1390
1240 1576
1240 1744
1241 1854
1243 1804
1244 1358
1244 1646
1245 1524
1246 1661
1246 1698
1247 1487
1247 1922
1248 1370
1248 1790
1248 1892
1249 1354
1250 1323
1251 1797
1251 1937
1252 1518
1253 1648
1254 1678
1255 1886
1256 1486
1256 1806
1258 1832
1259 1702
1260 1462
1260 1657
1261 1336
1261 1769
1262 1290
1262 1728
1264 1667
1264 1728
1265 1955
1266 1992
1267 1455
1268 1277
1268 1618
1268 1629
1269 1280
1269 1794
1270 1297
1270 1486
1271 1389
1272 1789
1273 1340
1273 1893
1274 1337
1274 1421
1274 1526
1274 1865
1275 1663
1275 1934
1276 1621
1276 1967
1277 1304
1277 1482
1277 1982
1279 1458
1280 1755
1280 1807
1282 1499
1283 1310
1284 1482
1284 1582
1285 1415
1285 1656
1285 1753
1286 1735
1287 1890
1288 1303
1288 1933
1288 1999
1289 1320
1289 1822
1291 1838
1291 1894
1292 1968
1293 1707
1294 1649
1294 1971
1295 1617
1295 1722
1296 1703
1296 1926
1297 1901
1301 1345
1301 1879
1305 1467
1305 1862
1305 1924
1306 1567
1307 1531
1307 1845
1308 1717
1309 1952
1310 1701
1311 1697
1311 1883
1312 1452
1312 1790
1312 1983
1313 1453
1313 1475
1313 1544
1313 1689
1313 1941
1314 1467
1314 1509
1314 1997
1316 1427
1317 1323
1317 1391
1317 1659
1318 1497
1318 1877
1319 1363
1319 1416
1319 1572
1319 1890
1320 1649
1321 1485
1322 1359
1322 1416
1322 1494
1322 1505
1323 1778
1324 1834
1324 1857
1325 1405
1326 1689
1326 1720
1326 1775
1327 1622
1329 1480
1330 1384
1330 1460
1330 1703
1330 1774
1331 1398
1331 1468
1331 1935
1332 1498
1332 1739
1333 1762
1335 1341
1335 1561
1336 1341
1336 1690
1336 1921
1337 1793
1339 1718
1340 1368
1340 1528
1341 1549
1341 1696
1341 1841
1341 1884
1344 1566
1344 1588
1345 1608
1347 1871
1348 1507
1349 1664
1350 1428
1350 1892
1351 1593
1352 1410
1354 1836
1355 1674
1355 1762
1358 1374
1359 1453
1359 1532
1363 1425
1364 1441
1364 1912
1364 1923
1364 1983
1365 1389
1365 1578
1365 1595
1365 1864
1366 1388
1366 1411
1367 1895
1367 1942
1368 1436
1369 1871
1370 1947
1371 1669
1371 1860
1372 1679
1372 1698
1374 1527
1375 1440
1375 1502
1376 1642
1376 1869
1377 1623
1379 1471
1379 1902
1380 1500
1380 1765
1381 1882
1382 1767
1383 1838
1384 1535
1385 1557
1386 1482
1386 1962
1387 1715
1388 1544
1390 1507
1390 1822
1391 1760
1391 1808
1392 1483
1393 1401
1394 1727
1394 1733
1395 1690
1395 1933
1396 1598
1396 1860
1396 1947
1397 1499
1397 1589
1398 1624
1399 1863
1400 1751
1401 1790
1402 1576
1402 1771
1403 1782
1408 1545
1408 1833
1408 1873
1409 1977
1411 1976
1412 1423
1413 1421
1413 1695
1413 1759
1413 1804
1414 1772
1414 1837
1416 1678
1417 1475
1418 1533
1419 1480
1419 1542
1419 1606
1419 1771
1419 1928
1420 1574
1421 1843
1424 1426
1424 1887
1424 1894
1425 1535
1425 1957
1426 1737
1426 1886
1426 1898
1427 1455
1428 1438
1429 1449
1429 1783
1430 1530
1431 1835
1431 1874
1432 1891
1433 1986
1436 1484
1436 1976
1437 1965
1437 1995
1438 1479
1438 1687
1438 1956
1440 1675
1444 1574
1444 1870
1446 1834
1446 1943
1447 1637
1447 1785
1451 1806
1452 1755
1453 1688
1454 1494
1455 1613
1456 1464
1456 1780
1457 1697
1458 1770
1459 1544
1460 1909
1461 1958
1463 1956
1464 1678
1465 1666
1465 1882
1465 1888
1465 1941
1467 1839
1468 1736
1470 1512
1472 1546
1475 1504
1475 1905
1476 1802
1476 1966
1477 1648
1477 1840
1479 1947
1481 1897
1483 1667
1487 1607
1487 1961
1489 1542
1489 1559
1489 1655
1489 1679
1489 1701
1489 1831
1492 1790
1494 1632
1494 1900
1497 1524
1497 1965
1498 1776
1501 1612
1503 1505
1503 1797
1504 1761
1505 1677
1506 1789
1506 1886
1507 1523
1507 1570
1509 1883
1511 1874
1511 1930
1511 1952
1512 1809
1514 1645
1515 1535
1516 1813
1517 1807
1520 1570
1520 1797
1522 1569
1522 1856
1523 1627
1524 1549
1526 1566
1526 1677
1527 1835
1530 1897
1532 1904
1533 1762
1535 1930
1536 1895
1538 1970
1540 1596
1540 1693
1542 1558
1542 1749
1542 1815
1546 1787
1546 1974
1547 1988
1550 1912
1551 1636
1551 1962
1552 1814
1553 1903
1554 1969
1555 1963
1556 1847
1557 1999
1561 1698
1561 1732
1562 1722
1562 1890
1564 1880
1565 1807
1565 1994
1569 1784
1572 1626
1573 1945
1573 1979
1574 1576
1574 1752
1576 1711
1576 1807
1577 1662
1578 1618
1578 1945
1579 1780
1579 1952
1583 1659
1583 1833
1583 1874
1584 1822
1584 1974
1586 1691
1586 1891
1586 1998
1589 1836
1590 1847
1591 1827
1592 1671
1592 1698
1592 1706
1593 1606
1599 1629
1599 1916
1600 1955
1602 1640
1604 1824
1604 1826
1605 1634
1606 1667
1606 1685
1606 1771
1606 1945
1606 1979
1609 1978
1611 1687
1611 1924
1612 1767
1614 1947
1615 1853
1616 1863
1617 1784
1618 1996
1621 1961
1623 1709
1623 1741
1630 1737
1630 1796
1632 1780
1633 1806
1634 1992
1635 1646
1635 1760
1635 1840
1641 1711
1641 1868
1648 1822
1653 1797
1654 1793
1656 1755
1656 1800
1656 1967
1662 1851
1663 1679
1664 1949
1664 1975
1667 1922
1670 1758
1676 1743
1680 1746
1684 1776
1684 1869
1687 1703
1687 1763
1688 1843
1693 1710
1694 1861
1695 1905
1696 1790
1697 1801
1698 1819
1698 1834
1698 1892
1698 1949
1700 1886
1700 1946
1701 1726
1701 1761
1701 1876
1701 1939
1702 1714
1702 1778
1707 1728
1707 1798
1707 1831
1708 1857
1708 1901
1712 1801
1713 1984
1714 1746
1714 1924
1716 1809
1719 1970
1722 1901
1724 1959
1734 1830
1735 1771
1736 1821
1739 1791
1741 1828
1742 1941
1743 1777
1744 1923
1746 1948
1747 1958
1747 1994
1749 1778
1749 1832
1754 1891
1756 1952
1757 1788
1759 1844
1759 1989
1761 1806
1761 1818
1762 1853
1765 1866
1770 1828
1771 1898
1774 1925
1776 1947
1778 1869
1785 1887
1789 1966
1790 1817
1792 1907
1801 1882
1804 1827
1811 1861
1814 1947
1817 1990
1819 1988
1824 1855
1838 1846
1843 1851
1843 1898
1844 1988
1856 1897
1856 1993
1858 1999
1859 1862
1859 1878
1860 1971
1863 1996
1865 1927
1865 1955
1868 1902
1874 1889
1879 1966
1881 1904
1885 1940
1887 1955
1894 1897
1898 1924
1907 1949
1934 1989
1936 1960
1947 1966
1952 1989
1961 1988
