2000
1 44
1 1288
1 1520
2 132
2 923
3 64
3 158
3 351
3 1051
3 1080
3 1391
3 1594
4 105
4 1650
4 1867
5 165
5 271
5 555
5 1298
6 648
6 1151
6 1337
6 1507
7 157
7 568
7 704
7 1045
7 1528
7 1932
8 254
8 355
8 605
8 1000
8 1482
8 1927
9 1478
10 580
10 1812
10 1987
11 527
11 1108
11 1475
12 84
12 465
12 704
12 717
13 88
13 104
13 569
13 907
14 376
14 450
14 965
14 1347
15 300
15 635
15 660
15 1271
15 1451
16 378
16 1003
16 1222
16 1989
17 75
17 901
17 1096
17 1412
17 1810
18 220
18 852
18 1657
18 1721
18 1776
18 1798
18 1841
19 1515
20 36
20 76
20 786
20 1014
20 1166
20 1304
21 681
21 1037
21 1060
21 1117
21 1230
21 1801
22 909
22 1456
22 1490
23 420
23 876
23 1379
23 1472
23 1570
24 578
24 619
24 1202
25 110
25 378
25 568
25 570
25 965
25 1273
26 660
26 810
26 1024
26 1883
27 51
27 977
27 1391
27 1889
28 640
28 1013
28 1058
28 1680
29 458
30 917
30 922
30 1072
30 1107
31 1503
31 1946
32 284
32 551
32 720
32 1478
33 63
33 121
33 355
33 648
33 851
33 870
33 1339
33 1960
34 62
34 988
34 1160
34 1408
35 121
35 422
35 518
35 805
35 1321
35 1860
35 1890
36 176
37 428
37 818
37 1051
37 1260
37 1372
37 1466
37 1860
38 111
38 859
38 1240
39 63
39 521
39 1089
39 1176
40 615
41 736
41 997
42 191
42 1437
43 518
43 798
43 1533
44 357
44 434
44 1472
44 1511
45 237
45 1706
45 1967
46 644
46 701
47 576
47 901
48 240
48 745
49 1324
49 1964
50 661
50 730
50 967
50 1304
50 1312
50 1639
50 1766
50 1820
50 1832
50 1993
51 515
51 1447
52 593
52 1602
53 161
53 530
53 1413
53 1574
53 1919
54 1578
55 331
55 1332
55 1483
56 220
56 328
56 788
56 1190
56 1332
56 1745
58 332
58 711
58 818
58 1286
59 940
59 1226
59 1499
59 1739
60 236
60 815
60 1324
60 1956
61 777
61 1381
62 570
62 773
62 1219
63 1579
63 1623
64 307
64 1304
65 157
65 427
65 790
65 903
65 1319
66 504
66 906
66 1443
66 1714
67 573
67 584
67 996
67 1763
67 1785
68 117
68 673
68 1183
68 1780
68 1929
69 168
69 228
69 439
69 462
69 626
69 927
69 1806
70 103
70 1232
70 1421
71 289
71 739
71 1595
72 580
72 712
72 783
72 1086
72 1606
73 408
73 671
73 1144
73 1197
73 1320
73 1666
74 551
74 675
74 936
74 1000
74 1017
74 1219
74 1221
74 1882
75 441
75 646
75 913
75 1421
75 1809
76 478
76 655
76 1533
76 1821
76 1937
77 1540
77 1854
78 144
78 428
78 1680
78 1904
79 451
79 1343
79 1561
80 86
80 644
80 1642
81 703
81 930
81 1017
81 1224
81 1232
82 140
82 447
82 555
82 1053
82 1154
83 843
83 1065
84 471
84 769
85 118
85 867
85 1406
85 1527
86 209
86 904
86 1197
87 1681
88 449
88 830
88 1922
88 1972
89 1639
90 555
90 1532
90 1641
90 1679
90 1682
90 1818
91 344
91 1790
92 414
92 525
92 931
92 1450
92 1896
93 378
93 472
93 1123
93 1850
93 1951
94 752
94 1440
94 1612
94 1786
95 861
95 910
95 929
95 958
95 1140
95 1469
96 368
96 386
97 977
98 941
98 1954
99 636
99 1112
99 1236
99 1495
100 150
100 230
100 239
100 498
100 523
100 670
100 1425
100 1981
101 627
101 747
101 826
101 1579
101 1964
102 982
102 1106
102 1348
103 123
103 656
103 936
103 1464
104 1142
104 1744
104 1769
105 551
105 930
106 250
106 1510
106 1719
106 1854
107 782
107 1233
107 1635
107 1822
108 1284
109 1248
110 337
110 559
110 822
110 1047
110 1171
110 1334
110 1464
110 1762
112 999
112 1128
112 1463
112 1656
113 307
113 431
113 469
113 1042
113 1117
113 1127
113 1512
113 1602
113 1745
113 1986
114 171
114 277
114 449
114 558
114 612
114 1032
114 1579
115 365
115 1347
115 1563
116 724
116 835
116 990
116 1066
116 1259
116 1283
116 1584
116 1759
116 1939
117 435
117 606
117 1110
117 1180
117 1715
117 1971
118 574
118 1697
118 1871
118 1923
119 605
119 775
119 1521
119 1598
120 141
120 1392
121 1059
121 1790
121 1906
122 531
122 593
122 781
122 799
122 1036
122 1298
122 1393
122 1878
123 384
123 466
123 672
123 1015
123 1076
123 1547
124 188
124 252
124 374
124 865
124 1240
124 1397
125 198
125 317
125 1173
125 1867
126 622
126 1002
126 1213
126 1715
127 251
127 1095
127 1485
127 1759
127 1849
128 462
128 807
129 264
129 1265
129 1836
129 1928
130 134
130 148
130 364
130 1808
131 509
131 598
131 1157
131 1193
131 1220
131 1295
131 1399
132 1297
132 1364
132 1674
132 1742
133 949
133 1277
134 1575
134 1821
135 966
135 973
135 1014
135 1339
136 333
136 1862
137 140
137 175
137 701
137 714
137 1255
137 1943
138 1161
138 1945
139 854
139 861
139 916
139 925
139 935
139 1151
140 207
140 773
140 933
140 1301
140 1615
140 1972
141 190
142 204
142 494
142 1356
143 298
143 888
143 1490
143 1509
144 1193
144 1887
145 1073
145 1707
145 1818
145 1939
146 621
146 1575
146 1695
147 382
147 413
147 746
147 1156
147 1992
148 1273
148 1282
148 1656
149 235
149 384
149 792
149 1084
149 1927
151 708
151 736
152 414
152 710
152 1695
152 1710
153 219
153 1086
153 1119
153 1578
154 569
154 1899
155 716
155 909
155 1172
156 728
156 1219
156 1509
156 1635
156 1864
157 706
157 920
157 1594
158 298
158 543
158 837
158 1165
158 1190
158 1235
158 1392
158 1460
159 859
159 1129
159 1834
160 308
160 319
160 544
160 1384
160 1632
160 1657
160 1683
161 222
161 462
161 766
161 767
161 1209
161 1311
161 1359
161 1761
161 1875
162 244
162 499
162 1095
162 1174
162 1319
162 1511
163 299
163 1325
163 1353
163 1493
163 1924
164 673
164 1175
164 1330
164 1448
164 1488
165 1134
165 1389
165 1586
165 1671
166 460
166 465
166 1899
167 276
167 756
167 950
167 1684
167 1874
168 1376
169 340
169 556
169 778
169 1027
169 1171
169 1648
169 1651
169 1913
170 970
170 1204
170 1233
170 1410
170 1645
170 1856
171 610
171 1397
172 526
172 1549
172 1915
172 1976
173 464
173 798
173 1074
173 1505
173 1834
174 824
174 1623
174 1839
175 540
175 668
175 689
175 745
175 1085
176 415
176 874
176 1062
176 1619
176 1945
177 431
177 717
177 949
177 1368
177 1536
177 1548
177 1835
177 1886
178 635
178 941
178 1194
178 1342
179 206
179 1546
179 1606
180 870
180 1755
180 1795
181 720
181 759
181 762
181 819
181 943
181 1082
181 1117
181 1333
181 1352
181 1612
182 407
182 708
182 1068
182 1246
183 411
183 939
183 2000
184 202
184 260
184 808
184 1750
185 546
185 563
185 1120
186 657
186 1110
186 1115
186 1853
186 1858
187 759
187 1974
188 240
188 822
188 1033
188 1996
189 310
189 344
189 475
189 544
189 1390
190 404
190 495
190 1036
190 1160
190 1406
191 499
191 778
191 813
192 249
192 274
192 421
192 537
192 907
192 991
192 1145
192 1581
193 369
193 1243
193 1930
194 543
194 961
194 1112
194 1121
194 1350
194 1613
194 1861
195 647
196 722
196 755
196 1353
197 741
197 1391
197 1516
197 1585
197 1810
198 616
198 1154
198 1258
198 1542
198 1956
199 406
199 530
199 1372
199 1648
199 1821
200 385
200 854
200 1107
200 1797
201 451
201 619
201 757
201 805
201 861
201 1073
201 1333
201 1599
202 401
202 573
202 1641
203 671
203 779
203 958
203 1359
203 1420
203 1641
203 1809
204 547
204 929
204 1029
204 1173
204 1763
204 1784
204 1996
205 398
205 817
205 821
205 1063
205 1477
206 1411
206 1581
206 1617
206 1932
207 399
207 643
208 974
208 1108
208 1624
209 251
209 410
209 821
209 1179
209 1266
209 1486
209 1765
209 1790
210 305
210 754
210 945
210 1201
210 1741
211 824
211 1235
211 1350
211 1946
211 1960
212 700
212 953
212 1320
212 1350
212 1481
213 906
213 1088
213 1477
213 1714
214 380
214 689
214 1105
214 1323
214 1461
215 304
215 406
215 1410
215 1452
216 498
216 816
216 1159
216 1188
216 1807
217 551
217 626
217 1087
218 320
218 735
218 1252
218 1790
218 1901
219 558
219 680
219 905
219 1895
220 1007
221 621
221 757
221 1285
222 1513
223 844
223 1046
223 1341
223 1659
223 1830
224 783
224 1129
224 1703
225 381
225 972
226 464
226 515
226 1168
226 1348
227 1296
227 1460
227 1701
228 477
228 982
228 1869
228 1897
229 372
229 619
229 1956
230 231
230 443
230 586
230 618
230 947
230 1017
230 1039
230 1134
230 1355
230 1490
230 1704
231 1325
232 1191
232 1542
233 635
233 656
234 250
234 615
234 625
234 999
234 1031
234 1604
234 1609
235 474
235 1690
236 599
236 1009
237 442
237 825
237 1329
237 1344
237 1377
237 1714
237 1716
237 1839
238 509
238 1465
238 1620
239 529
239 1119
239 1156
239 1309
240 403
240 1342
241 1029
241 1339
242 671
242 685
242 785
242 801
242 1196
242 1457
242 1618
243 265
243 743
243 998
243 1000
243 1637
243 1723
243 1826
244 627
244 707
244 941
245 1429
246 841
246 1131
246 1881
247 728
248 984
249 513
249 517
250 424
250 712
250 768
250 836
250 847
251 276
251 297
251 692
251 1261
252 893
252 1090
252 1402
253 355
253 893
253 926
253 1181
253 1836
254 276
254 303
254 582
254 1701
254 1759
255 609
255 1726
256 769
256 853
256 1033
256 1074
256 1205
257 809
257 837
257 1041
257 1207
257 1506
257 1528
257 1530
258 700
258 1495
259 542
259 1894
260 485
260 918
260 1307
260 1742
261 600
261 1689
261 1763
262 476
262 527
262 702
262 888
262 1144
262 1204
262 1312
263 645
263 1042
263 1110
263 1377
263 1575
263 1882
265 795
265 877
265 1183
265 1791
266 1263
266 1926
267 633
267 1539
267 1624
267 1692
268 1131
268 1316
268 1532
269 427
269 442
269 482
269 1990
270 1703
271 333
271 846
272 300
272 801
272 992
272 1740
273 304
273 545
273 1461
273 1859
274 352
275 687
275 1436
276 1107
276 1128
276 1523
276 1687
276 1940
277 410
277 821
277 1209
277 1428
277 1650
278 1404
278 1859
278 1881
279 705
279 852
279 1635
279 1673
280 657
280 1204
281 845
281 1036
282 452
282 1014
282 1623
283 493
283 1041
283 1492
284 1647
284 1910
285 617
285 855
285 1621
287 1351
288 529
288 547
288 777
288 1406
288 1445
288 1586
288 1889
289 1280
290 445
290 458
290 499
290 1517
290 1579
291 640
291 685
291 1096
291 1326
291 1401
291 1426
292 615
292 1786
292 1905
293 359
293 580
293 794
293 1109
293 1324
293 1429
294 678
294 738
294 1074
294 1267
294 1327
295 809
295 882
295 1923
296 704
296 708
296 1274
297 704
297 877
297 1188
297 1415
298 327
298 341
298 1122
298 1607
298 1623
299 358
299 414
299 514
299 638
299 866
299 911
299 1104
299 1177
299 1323
299 1651
299 1772
299 1862
300 1106
300 1320
300 1761
300 1801
301 354
301 586
301 636
301 1448
302 557
302 635
302 792
302 890
303 562
303 799
303 1235
303 1382
303 1512
303 1791
304 312
304 1536
304 1680
305 772
305 1514
306 425
306 658
306 679
306 1415
306 1470
306 1912
307 500
307 823
307 1025
308 352
308 477
308 609
308 726
308 1060
308 1382
308 1666
308 1980
309 1175
310 747
310 889
310 1393
310 1436
311 1757
311 1758
312 476
312 1476
312 1923
313 558
313 719
313 954
313 1031
314 319
314 1010
314 1508
314 1619
315 846
315 1385
315 1545
316 968
316 1456
316 1553
316 1662
317 869
317 1156
317 1983
318 527
318 737
318 837
318 1084
318 1120
318 1872
319 1620
320 1300
320 1305
320 1423
320 1501
320 1645
320 1657
321 684
321 737
321 1200
321 1228
322 613
322 705
322 739
322 1074
322 1354
323 864
323 908
323 920
323 1395
324 471
324 1482
324 1906
325 517
325 773
325 791
325 1046
325 1093
326 435
326 1172
326 1633
326 1888
326 1985
326 1997
326 1998
327 1583
327 1918
328 1101
329 1034
329 1148
329 1455
330 525
330 841
330 1007
330 1471
331 791
331 846
331 1835
332 452
332 690
332 712
332 842
332 1403
332 1593
332 1973
333 1335
334 451
334 930
334 1153
334 1365
334 1593
335 1305
335 1911
336 475
336 732
336 828
336 886
336 1099
336 1464
336 1466
336 1855
337 1104
337 1172
337 1378
338 471
338 1103
338 1401
338 1424
339 732
339 1032
340 869
340 921
340 1267
340 1748
340 1801
341 1215
341 1640
341 1933
342 723
342 1508
343 636
343 736
343 782
343 1615
344 426
344 1119
344 1246
344 1350
344 1855
345 431
346 433
347 795
347 1020
347 1737
348 467
348 765
348 1323
348 1405
348 1941
349 708
349 1001
349 1657
349 1801
349 1973
350 983
350 1529
350 1598
350 1659
351 485
351 697
351 1674
352 524
352 654
352 937
352 987
352 1537
352 1844
353 452
353 1277
353 1520
353 1641
354 415
354 431
354 699
354 1041
354 1217
354 1689
354 1709
354 1848
355 421
355 574
355 729
355 1027
355 1497
355 1659
355 1706
355 1788
355 1990
356 537
356 1943
357 442
357 747
357 933
357 1022
357 1426
357 1652
357 1946
358 381
358 764
358 911
359 584
359 843
359 943
359 1426
359 1875
360 538
361 372
361 698
362 1735
362 1810
363 618
363 1020
363 1308
363 1472
364 990
365 513
365 1706
366 386
366 1475
367 940
367 1277
367 1283
367 1304
367 1621
368 386
368 405
368 733
368 773
368 1030
368 1248
368 1536
368 1925
369 966
369 1171
369 1681
369 1931
370 538
370 1210
371 409
371 603
371 756
371 1005
371 1093
371 1512
371 1721
371 1898
372 563
372 917
372 1862
373 1484
373 1837
374 800
374 857
374 955
374 1079
374 1140
374 1571
374 1739
375 644
375 1017
375 1701
375 1779
375 1795
376 624
376 1761
377 441
377 673
377 904
377 1189
377 1610
377 1796
377 1849
377 1910
377 1968
378 466
378 1407
379 799
379 1604
379 1846
380 783
380 953
380 1359
380 1916
380 1919
380 1983
381 603
381 1274
381 1346
381 1919
382 430
382 451
382 497
382 506
382 1319
383 777
383 938
383 1226
383 1360
383 1820
383 1958
384 488
384 526
384 592
384 766
384 1090
384 1507
384 1754
384 1875
385 732
385 1649
385 1906
386 798
386 810
386 959
386 1630
387 1061
387 1445
388 1558
388 1584
388 1968
389 406
389 704
389 735
389 749
389 1503
389 1701
390 797
390 1147
390 1227
390 1519
391 650
391 732
391 739
391 887
391 1953
392 861
392 1995
393 1198
393 1700
394 1031
394 1043
394 1322
395 1249
395 1271
395 1524
395 1921
395 1960
396 524
396 1629
396 1638
397 501
397 646
397 1751
398 472
398 709
398 781
398 961
399 570
399 647
399 792
399 1176
399 1297
399 1958
401 593
401 653
401 1082
401 1719
402 490
402 595
402 626
402 772
402 1132
402 1201
402 1269
402 1767
403 1744
404 580
404 1627
404 1976
405 549
405 598
405 1027
405 1182
406 730
406 792
407 649
407 708
407 1872
409 438
409 632
409 777
409 943
409 1581
409 1792
409 1869
410 442
410 593
410 923
410 1150
410 1459
410 1952
411 580
411 802
411 1067
411 1659
412 455
412 1520
413 438
413 621
413 1001
415 961
415 1025
415 1111
416 1915
416 1951
417 1281
417 1349
417 1467
418 547
418 939
418 1243
418 1919
419 541
419 777
419 935
419 1061
419 1374
419 1777
419 1904
420 952
420 1270
420 1287
421 710
421 1029
421 1036
421 1299
421 1558
421 1660
422 468
422 958
422 1020
422 1271
422 1471
422 1530
422 1787
422 1971
423 715
423 831
423 1487
423 1527
423 1545
423 1938
423 1984
424 904
424 991
425 643
425 1217
425 1340
425 1807
426 500
426 576
426 998
426 1664
426 1700
426 1933
427 597
427 1356
427 1924
428 828
428 956
428 1282
428 1425
428 1453
428 1473
428 1594
428 1603
429 587
429 709
429 870
430 925
430 947
430 1160
430 1745
430 1824
430 1834
431 645
431 1266
431 1315
431 1417
431 1583
431 1869
432 577
432 717
432 1005
432 1153
432 1354
433 690
433 1760
434 574
434 1092
434 1753
435 610
435 1040
435 1049
435 1181
435 1341
435 1514
436 595
436 1391
436 1532
437 813
437 910
437 938
437 1461
437 1647
437 1990
438 1341
438 1513
439 770
439 793
439 866
440 1085
440 1121
441 759
441 1269
441 1865
441 1936
442 748
442 1631
442 1711
443 904
443 1015
443 1079
443 1318
443 1690
443 1946
444 1324
444 1580
444 1587
444 1934
445 491
445 553
445 1236
445 1348
445 1366
445 1381
445 1580
446 664
446 837
446 949
446 1689
446 1746
447 472
447 596
447 1218
447 1871
448 1438
448 1447
448 1464
448 1618
449 593
449 625
449 955
449 1712
449 1870
450 761
450 848
450 1367
450 1517
451 459
451 723
451 1154
452 674
452 745
452 1338
453 481
453 1160
453 1463
453 1629
453 1667
453 1914
455 874
455 1271
455 1339
455 1658
455 1966
456 1004
456 1030
456 1178
456 1356
456 1770
456 1907
457 1205
457 1209
457 1838
458 796
458 860
458 1070
458 1204
458 1464
458 1546
458 1909
459 514
459 556
459 1177
459 1422
460 1750
461 592
462 752
462 1232
462 1579
462 1734
462 1758
462 1960
463 793
463 1195
463 1513
463 1881
464 589
464 986
464 1410
465 693
465 744
465 884
465 1036
465 1302
465 1660
465 1751
466 866
466 1190
466 1284
466 1598
467 681
467 726
467 1932
467 1976
468 536
468 1370
468 1915
469 653
469 1680
470 474
470 721
470 788
470 1491
470 1977
471 913
471 1079
471 1143
471 1149
471 1284
471 1573
471 1602
471 1912
472 620
472 903
472 1616
473 826
473 1681
473 1833
474 1481
475 1591
476 561
476 806
476 852
476 1179
477 877
477 1810
478 707
478 1192
478 1357
478 1902
478 1930
479 687
479 827
479 1087
479 1702
480 826
480 1854
480 1956
481 1700
481 1720
481 1862
482 492
482 733
482 1254
482 1291
482 1520
482 1861
483 1071
483 1118
483 1172
483 1464
483 1672
483 1872
484 803
484 817
484 888
484 1147
484 1323
484 1448
485 654
485 1094
485 1269
485 1515
485 1554
486 810
487 911
487 925
487 1093
487 1346
487 1535
488 652
488 736
488 1044
488 1953
489 546
489 722
489 1145
489 1153
489 1764
489 1937
490 1573
490 1820
491 601
491 716
491 817
492 911
492 976
492 1045
492 1422
493 1164
493 1188
493 1235
493 1371
494 655
494 864
494 1550
495 670
495 914
495 1043
496 1460
496 1640
496 1814
496 1992
497 619
498 543
498 1334
498 1643
498 1673
498 1691
499 1180
499 1779
500 1009
500 1661
500 1760
500 1791
501 1122
501 1596
501 1772
501 1912
502 640
502 870
502 942
503 654
503 697
503 1381
503 1663
504 536
504 927
504 1265
505 731
505 1016
505 1052
505 1607
506 868
506 1359
507 511
507 655
507 906
507 932
507 1090
507 1327
507 1731
508 590
508 1044
508 1691
509 843
509 935
509 1380
510 1210
510 1237
511 640
511 765
511 817
511 877
511 1629
511 1646
511 1712
511 1822
512 1141
512 1555
512 1996
513 1641
514 857
514 1398
514 1841
514 1850
515 679
515 939
515 1650
515 1836
515 1902
516 973
516 1006
516 1249
517 1764
517 1802
518 959
519 683
519 1056
520 543
520 783
520 872
520 1470
520 1573
520 1801
520 1814
520 1964
521 668
521 1348
521 1563
522 719
522 1427
523 1124
523 1166
523 1865
524 1133
524 1335
524 1591
525 1397
526 614
526 987
526 1020
526 1084
526 1515
527 1148
527 1872
528 741
528 1661
529 560
529 1790
529 1835
529 1992
530 875
530 1481
531 779
531 1131
531 1559
533 597
533 708
533 884
533 1047
533 1174
534 1519
534 1861
535 1327
535 1659
535 1908
536 568
536 1256
536 1757
536 1956
537 909
537 1516
537 1785
538 950
538 1060
539 757
539 1035
539 1488
540 563
540 717
540 1457
540 1747
541 1134
541 1153
541 1279
541 1555
541 1926
542 547
542 595
542 1913
543 666
543 773
544 570
544 874
544 1435
545 1034
545 1991
546 677
546 1166
546 1215
546 1319
546 1724
546 1936
547 596
547 724
547 818
547 1126
547 1428
547 1458
547 1508
547 1559
547 1707
548 1156
548 1409
548 1817
549 899
549 1020
549 1368
549 1480
549 1878
550 1105
550 1591
550 1862
552 1049
552 1819
553 1292
553 1331
553 1400
553 1719
554 815
554 1806
554 1901
555 558
555 952
556 723
556 1689
556 1969
557 853
557 1768
558 575
558 590
558 898
558 1176
558 1240
558 1592
559 701
559 1031
559 1189
559 1953
560 1739
561 812
561 1172
561 1280
561 1523
561 1658
561 1720
561 1747
561 2000
562 880
562 1292
563 660
563 1700
563 1781
563 1833
563 1966
564 775
564 995
564 1239
564 1249
564 1398
564 1494
565 581
565 1372
565 1976
566 1216
566 1548
566 1697
567 646
567 1546
567 1627
567 1787
568 673
568 1522
569 628
569 774
569 1210
569 1659
569 1688
570 689
570 929
570 1320
570 1334
570 1370
570 1486
570 1742
570 1823
570 1918
570 1986
571 747
571 821
571 1330
571 1563
571 1746
571 1953
572 679
572 821
572 909
572 1221
572 1690
572 1821
572 1979
573 917
573 1261
573 1367
573 1839
574 598
574 1118
574 1425
574 1768
575 1794
576 577
576 751
576 1849
576 1936
576 1980
577 648
577 1084
577 1199
577 1415
578 592
578 799
578 1623
578 1921
579 1281
579 1294
579 1945
580 599
580 605
580 836
580 1681
581 647
581 1078
581 1534
581 1682
582 1615
582 1768
582 1876
583 912
583 1077
584 946
584 1133
584 1685
585 614
585 793
585 910
585 1431
585 1641
585 1932
586 602
586 759
586 1006
587 772
587 781
587 1639
587 1924
587 1962
588 1152
588 1225
588 1670
588 1971
589 765
589 1226
589 1580
590 817
590 848
590 1107
590 1573
590 1750
590 1994
591 654
591 1507
591 1641
591 1694
591 1926
592 1082
592 1115
592 1354
592 1533
593 1051
593 1638
594 1315
594 1525
594 1662
595 630
595 661
595 1028
595 1523
596 921
597 1976
598 725
598 1636
598 1791
599 1319
599 1416
600 708
600 730
600 967
600 992
600 1092
600 1844
601 885
601 1144
601 1183
601 1282
601 1474
601 1653
601 1862
601 1907
602 693
602 1301
602 1434
603 696
603 1262
603 1370
604 1235
604 1513
604 1645
605 763
605 1298
606 797
606 1743
607 888
607 1740
607 1811
607 1956
607 1988
608 854
608 862
608 1210
608 1405
608 1978
609 1354
609 1583
609 1959
610 858
610 1449
610 1505
610 1691
611 841
611 1945
612 882
612 1190
612 1192
612 1504
612 1571
613 669
613 1030
613 1503
614 1163
614 1487
614 1896
615 1192
615 1294
615 1662
615 1675
615 1712
616 702
616 925
616 1349
616 1506
616 1555
616 1560
616 1941
616 1948
616 1963
617 620
617 902
617 1882
618 914
618 1352
618 1354
618 1861
619 1277
619 1442
619 1996
620 629
620 735
620 845
620 902
620 1223
620 1526
621 763
621 1223
621 1296
621 1299
623 1412
623 1855
624 1490
624 1683
624 1759
625 1181
626 1451
626 1606
626 1928
627 815
627 1405
628 984
628 1269
628 1533
628 1748
628 1757
628 1907
629 1062
629 1235
629 1277
629 1613
629 1822
629 1903
629 1998
630 799
630 1155
630 1895
631 780
631 1007
631 1016
631 1026
631 1084
631 1230
631 1268
632 703
632 1028
632 1209
632 1428
632 1768
633 1521
634 1266
634 1348
635 790
635 1720
635 1981
636 936
636 1353
636 1388
636 1429
636 1783
637 1092
637 1306
637 1491
637 1793
638 994
638 1512
639 669
640 701
640 994
640 1225
640 1599
640 1656
640 1841
640 1876
641 785
641 1144
641 1145
641 1221
641 1335
642 738
642 886
643 1013
643 1034
643 1567
644 849
644 1548
644 1725
645 766
645 827
645 879
645 1105
645 1690
646 1153
646 1162
646 1727
647 1537
647 1877
648 1072
648 1201
649 657
650 656
650 718
650 986
650 998
650 1649
651 691
651 901
651 1114
651 1267
651 1324
651 1861
652 726
652 1707
652 1738
652 1753
652 1871
652 1988
653 935
653 947
653 1866
654 776
654 1468
655 877
655 1911
656 725
656 1214
656 1867
656 1869
656 1894
658 1127
658 1405
659 904
659 1340
659 1740
660 713
660 1028
660 1098
660 1911
661 955
661 1340
662 1197
662 1286
662 1603
662 1704
663 1091
664 1023
664 1116
664 1381
664 1394
664 1712
665 717
665 1664
665 1750
666 1847
667 873
667 1298
667 1385
667 1930
668 1316
668 2000
669 935
669 1416
669 1930
670 1106
670 1963
671 1206
671 1627
671 1684
671 1813
671 1916
672 737
672 936
672 1606
673 1257
673 1533
673 1628
673 1765
673 1892
674 1052
674 1794
675 732
675 1647
675 1979
676 1433
676 1604
677 956
677 1827
678 761
678 778
678 1187
679 824
679 1406
679 1421
679 1508
680 1443
680 1544
680 1648
680 1954
681 708
681 1238
681 1547
681 1748
681 1962
682 1021
682 1063
682 1257
683 851
683 1038
685 1243
685 1714
686 791
686 1951
687 812
687 821
687 924
687 1217
687 1290
687 1691
687 1760
688 714
688 1738
688 1866
689 1270
689 1352
689 1418
689 1541
689 1566
690 1312
691 1707
691 1760
692 727
692 941
693 763
693 1016
694 1721
695 1180
696 1174
696 1312
696 1575
696 1879
697 722
697 1216
697 1377
697 1703
698 1864
699 1726
700 1209
702 1014
702 1317
703 719
703 1482
703 1568
704 1418
705 967
705 1451
706 1053
706 1730
706 1759
707 1373
707 1586
708 1242
708 1478
709 917
710 847
710 1094
710 1311
710 1689
710 1874
711 1617
712 998
712 1265
712 1983
713 788
713 1732
713 1800
714 884
714 1220
714 1914
714 1977
715 779
715 943
715 1330
715 1380
715 1667
716 1230
716 1491
716 1513
716 1619
717 855
717 1660
718 986
719 1928
720 805
721 1276
721 1322
722 737
722 861
722 940
723 966
723 1522
723 1939
724 1322
725 818
725 868
725 1289
725 1487
725 1817
726 821
726 843
726 1620
726 1696
726 1936
727 1550
728 1090
728 1962
729 835
729 1454
730 768
730 1588
730 1797
731 1133
732 1529
732 1595
732 1876
733 842
733 1081
733 1588
733 1947
734 1199
735 1011
735 1920
736 1767
736 1965
737 964
737 1229
737 1345
737 1517
738 981
738 1804
738 1945
739 1256
739 1731
740 1039
740 1670
740 1914
741 816
741 846
741 1525
741 1891
742 749
743 1103
743 1350
743 1782
743 1785
744 1285
745 1497
745 1719
745 1991
746 761
746 1733
747 983
747 1765
748 1178
748 1643
749 921
749 969
749 1262
749 1796
750 941
750 1245
750 1410
751 811
752 811
752 1504
752 1851
752 1899
753 1115
753 1233
753 1436
753 1980
754 788
754 1490
755 1720
756 792
756 811
756 925
756 1359
756 1975
758 916
759 1192
761 1338
761 1526
763 922
763 1225
764 1674
764 1803
765 1049
766 1332
767 1205
767 1491
769 916
769 942
769 982
769 1118
769 1427
769 1657
769 1803
770 901
770 1293
770 1356
771 995
771 1583
771 1591
771 1874
772 774
772 1303
772 1488
773 1340
773 1508
774 914
774 1498
775 901
775 1206
775 1998
776 1045
776 1120
776 1517
776 1563
776 1854
777 843
777 881
777 1162
777 1468
777 1713
778 1033
778 1037
779 931
779 1240
779 1587
779 1688
779 1925
781 1619
781 1635
781 1940
781 1956
782 1300
783 788
783 1305
784 1291
784 1806
785 802
785 1278
785 1336
785 1869
786 907
786 1002
786 1463
786 1877
787 900
787 1313
787 1328
788 1088
788 1236
788 1839
788 1962
789 966
789 1448
790 816
790 1093
791 1673
792 1802
792 1875
792 1911
792 1925
793 1011
793 1282
793 1873
793 1916
794 1677
795 828
795 1045
796 1785
797 1536
797 1539
797 1953
797 1994
798 1128
798 1422
799 803
799 1117
800 845
800 883
800 956
800 982
800 1654
800 1911
801 837
801 866
801 1376
801 1978
802 1467
804 846
804 1389
805 869
805 1095
805 1555
805 1765
806 1190
806 1573
807 1494
807 1668
807 1919
808 1165
808 1316
808 1893
809 1058
809 1352
809 1444
809 1514
809 1517
810 1145
811 1720
813 1289
813 1955
814 881
814 1683
815 1551
815 1602
815 1717
815 1754
815 1757
816 881
816 1231
816 1630
816 1886
817 920
817 1663
818 874
818 1176
818 1570
819 896
820 934
820 1254
821 1189
821 1465
821 1655
821 1683
821 1904
821 1980
822 1811
823 976
823 1518
824 1629
825 1045
825 1146
825 1422
825 1720
826 1477
826 1479
826 1859
827 886
828 850
828 1239
828 1968
828 1995
829 1631
831 1308
832 992
833 848
833 1766
833 1849
833 1853
834 1044
834 1566
834 1875
835 1062
835 1285
835 1617
836 1131
836 1793
836 1987
837 1192
837 1308
837 1967
838 1571
839 1219
839 1224
839 1271
839 1276
839 1841
840 1324
841 943
841 1221
841 1224
841 1278
841 1829
842 868
843 1094
843 1133
843 1153
843 1781
844 933
844 1120
844 1428
845 1394
845 1448
847 1092
847 1967
848 1136
848 1267
849 1221
849 1305
850 1349
850 1386
850 1623
850 1950
851 1997
852 1352
852 1742
852 1850
853 991
854 1002
854 1663
855 1482
855 1604
856 983
856 1178
856 1561
857 1271
857 1275
857 1286
857 1745
857 1853
857 1862
858 1681
858 1813
859 880
859 1115
859 1366
859 1486
860 899
860 1975
861 1048
861 1257
861 1415
861 1755
861 1762
862 1252
863 930
863 1006
863 1194
863 1695
863 1746
863 1885
864 1080
865 1415
865 1595
865 1626
866 923
866 1632
867 1382
867 1610
868 1055
868 1969
869 1565
870 995
870 1171
870 1175
870 1542
870 1595
870 1650
870 1679
870 1923
871 895
871 1151
871 1656
872 1819
872 1894
873 979
873 1152
874 1178
874 1733
875 930
875 1256
875 1565
875 1750
875 1790
876 882
876 1003
876 1182
876 1304
876 1741
877 1606
877 1926
877 1927
878 1150
878 1247
878 1523
878 1538
878 1843
878 1895
879 1917
880 1182
880 1515
880 1520
881 1734
882 1242
882 1686
883 981
883 1428
883 1988
884 1021
884 1428
885 1237
885 1576
885 1776
887 1806
887 1981
888 1183
889 1190
889 1222
889 1340
889 1521
889 1984
890 1991
891 952
891 1275
891 1936
892 947
892 1581
892 1644
893 1242
893 1765
894 1309
894 1397
895 1102
895 1334
896 1079
896 1604
897 1077
897 1189
897 1283
897 1363
899 1278
900 1994
901 931
901 992
901 1353
901 1512
901 1996
902 1416
902 1534
903 1317
903 1319
903 1911
904 1485
904 1613
905 979
905 1083
905 1661
906 1330
906 1985
907 1201
908 1633
909 1334
909 1629
909 1961
910 1496
910 1890
911 1203
911 1865
912 1931
913 1100
913 1333
913 1485
913 1497
913 1864
913 1977
914 1017
914 1937
915 1146
915 1886
916 1073
917 1029
917 1086
917 1222
918 1393
918 1441
918 1663
918 1790
919 1576
920 1040
920 1181
920 1443
920 1525
921 1286
921 1495
921 1519
921 1546
921 1587
921 1990
922 1073
922 1397
922 1950
923 986
923 1281
923 1674
924 1309
924 1464
925 1373
926 959
926 1325
926 1654
927 1335
927 1349
928 1781
928 1862
929 1299
929 1368
929 1443
930 1248
930 1388
930 1696
931 1117
931 1752
931 1867
932 1838
932 1888
932 1943
933 1035
934 1270
935 1175
935 1377
935 1907
936 1327
938 1059
938 1463
938 1820
939 1329
940 947
940 1845
941 1274
941 1315
941 1854
941 2000
942 963
942 1095
942 1196
942 1636
942 1738
942 1837
943 971
943 1010
943 1018
943 1028
943 1323
944 1176
944 1332
944 1868
944 1932
945 1218
946 1397
946 1950
947 1216
947 1324
947 1671
948 1291
948 1713
948 1826
950 1085
951 1042
952 973
952 1177
952 1419
952 1982
953 1792
954 1882
954 1991
955 966
955 1189
955 1454
955 1829
955 1997
956 1076
956 1548
956 1922
957 962
959 1633
959 1694
960 1236
960 1505
960 1737
960 1803
960 1962
961 1058
961 1570
961 1741
961 1930
961 1943
962 1081
962 1607
962 1741
963 1092
963 1548
964 1191
964 1582
964 1810
964 1873
965 1199
965 1923
967 1226
967 1606
967 1665
967 1884
968 1824
969 1432
969 1664
969 1906
970 1779
971 1191
971 1259
972 1712
972 1779
973 1007
973 1068
973 1099
973 1454
974 1019
974 1381
975 1482
975 1852
976 1162
976 1376
976 1650
977 1136
977 1288
978 1139
978 1166
978 1242
978 1662
978 1877
979 1135
979 1329
979 1471
979 1517
980 1222
980 1394
980 1410
980 1818
981 1792
982 1239
982 1325
982 1463
982 1864
983 1564
984 1208
985 1249
986 1060
986 1211
986 1264
986 1429
986 1835
986 1848
986 1856
987 1091
987 1797
988 1189
989 1012
990 1749
990 1951
991 1540
992 1036
992 1142
993 1049
993 1920
993 1922
994 1460
994 1518
994 1805
994 1839
995 1974
996 1222
996 1471
996 1683
997 1071
997 1201
997 1851
998 1602
998 1677
998 1811
999 1129
999 1371
1000 1104
1000 1119
1000 1488
1000 1697
1001 1028
1001 1588
1001 1833
1002 1164
1002 1458
1003 1629
1004 1880
1005 1998
1006 1186
1006 1652
1007 1312
1007 1443
1007 1645
1008 1021
1008 1202
1008 1322
1008 1409
1008 1801
1009 1591
1009 1665
1009 1815
1011 1542
1011 1694
1011 1840
1011 1993
1012 1149
1012 1227
1012 1517
1012 1961
1013 1560
1013 1821
1014 1649
1016 1045
1017 1252
1017 1772
1018 1934
1019 1742
1020 1144
1020 1195
1020 1260
1020 1294
1020 1707
1020 1875
1020 1892
1021 1536
1021 1746
1022 1219
1022 1588
1023 1147
1023 1348
1023 1450
1023 1575
1024 1555
1025 1457
1025 1556
1026 1294
1026 1524
1026 1643
1027 1675
1028 1556
1028 1579
1028 1865
1029 1530
1029 1676
1030 1673
1031 1215
1031 1769
1031 1927
1032 1037
1032 1829
1033 1598
1034 1255
1034 1992
1035 1516
1035 1647
1036 1054
1036 1057
1036 1571
1036 1580
1037 1335
1039 1471
1039 1755
1040 1609
1040 1746
1041 1558
1042 1551
1043 1236
1043 1255
1044 1722
1044 1959
1046 1059
1047 1376
1047 1790
1048 1154
1050 1169
1050 1177
1050 1345
1051 1109
1051 1209
1051 1321
1051 1542
1051 1837
1051 1934
1052 1164
1052 1680
1052 1920
1053 1134
1054 1821
1055 1718
1055 1730
1055 1813
1055 1852
1056 1238
1057 1081
1057 1924
1060 1114
1060 1239
1060 1491
1061 1155
1063 1643
1064 1580
1064 1657
1065 1399
1065 1597
1066 1422
1067 1497
1068 1371
1068 1591
1068 1845
1068 1996
1069 1659
1070 1273
1070 1507
1071 1567
1072 1751
1072 1836
1073 1124
1073 1158
1073 1707
1073 1865
1074 1097
1074 1168
1075 1352
1075 1925
1076 1295
1076 1425
1077 1095
1077 1786
1078 1453
1079 1412
1080 1324
1080 1436
1081 1659
1082 1591
1083 1209
1083 1308
1084 1236
1084 1373
1084 1510
1084 1649
1084 1924
1085 1256
1086 1352
1086 1567
1089 1677
1090 1105
1090 1423
1090 1983
1091 1390
1091 1456
1093 1373
1093 1707
1093 1714
1093 1731
1094 1291
1094 1547
1095 1227
1095 1488
1095 1502
1096 1446
1096 1648
1096 1770
1098 1340
1098 1441
1099 1526
1099 1583
1099 1612
1099 1758
1099 1855
1099 1904
1100 1283
1101 1347
1101 1592
1101 1659
1101 1749
1102 1936
1103 1184
1103 1986
1104 1263
1104 1408
1104 1539
1104 1849
1104 1931
1105 1833
1106 1160
1106 1763
1107 1428
1108 1918
1109 1203
1109 1786
1111 1175
1111 1258
1111 1344
1111 1606
1111 1955
1112 1140
1112 1307
1112 1772
1112 1812
1112 1821
1114 1469
1115 1424
1115 1554
1116 1672
1116 1962
1119 1215
1119 1475
1119 2000
1120 1580
1120 1586
1120 1815
1121 1411
1121 1547
1122 1278
1122 1352
1122 1619
1123 1234
1123 1317
1123 1561
1123 1698
1123 1940
1126 1158
1126 1545
1126 1618
1126 1904
1128 1814
1129 1200
1129 1344
1129 1450
1129 1503
1129 1651
1129 1898
1129 1943
1130 1947
1131 1144
1131 1151
1131 1993
1132 1317
1134 1171
1134 1652
1134 1729
1135 1196
1135 1233
1135 1903
1136 1181
1136 1567
1136 1622
1138 1342
1138 1974
1138 1986
1139 1511
1139 1596
1139 1873
1140 1364
1140 1462
1140 1587
1141 1280
1141 1730
1141 1861
1143 1163
1143 1727
1145 1876
1147 1543
1148 1490
1148 1559
1149 1514
1149 1663
1149 1999
1152 1503
1152 1860
1152 1942
1153 1303
1153 1376
1154 1475
1154 1510
1154 1554
1154 1921
1155 1322
1155 1357
1156 1834
1156 1983
1157 1254
1157 1456
1157 1855
1159 1309
1159 1981
1160 1457
1162 1247
1162 1688
1162 1728
1163 1167
1163 1835
1164 1901
1164 1921
1165 1522
1165 1896
1167 1691
1167 1932
1169 1319
1170 1285
1170 1573
1170 1668
1172 1629
1172 1970
1173 1243
1173 1648
1175 1339
1175 1397
1175 1667
1176 1232
1176 1794
1176 1953
1177 1187
1177 1242
1177 1733
1177 1802
1178 1444
1178 1572
1178 1735
1179 1280
1179 1347
1179 1486
1179 1979
1181 1275
1181 1343
1181 1795
1182 1429
1182 1621
1183 1693
1183 1929
1184 1879
1185 1459
1185 1631
1185 1797
1187 1354
1187 1484
1189 1248
1189 1578
1190 1347
1190 1407
1191 1285
1191 1352
1191 1606
1191 1768
1191 1785
1191 1936
1192 1612
1192 1950
1193 1336
1193 1349
1194 1389
1194 1625
1194 1940
1195 1239
1195 1756
1196 1344
1196 1842
1197 1349
1199 1629
1199 1647
1200 1406
1202 1913
1204 1442
1204 1785
1206 1320
1208 1415
1208 1456
1208 1896
1210 1514
1211 1722
1211 1855
1213 1989
1213 1996
1215 1514
1216 1582
1216 1670
1217 1269
1217 1633
1217 1777
1218 1718
1218 1838
1219 1916
1219 1943
1220 1463
1220 1982
1222 1374
1222 1440
1222 1564
1223 1849
1223 1910
1224 1431
1224 1592
1224 1724
1225 1265
1225 1702
1226 1524
1226 1642
1227 1490
1227 1586
1228 1652
1230 1966
1231 1585
1232 1930
1234 1257
1234 1301
1234 1755
1235 1435
1235 1652
1235 1767
1235 1886
1236 1895
1237 1753
1238 1730
1239 1708
1240 1351
1241 1833
1241 1968
1242 1269
1242 1492
1242 1499
1242 1571
1242 1665
1243 1603
1243 1711
1243 1778
1243 1917
1244 1492
1246 1323
1246 1343
1247 1644
1247 1664
1248 1278
1250 1546
1251 1318
1251 1433
1251 1788
1252 1359
1252 1469
1252 1696
1253 1259
1254 1423
1254 1533
1254 1754
1255 1556
1255 1815
1255 1938
1256 1325
1256 1651
1257 1458
1258 1550
1258 1598
1258 1675
1258 1797
1258 1827
1259 1287
1259 1587
1259 1610
1259 1726
1260 1427
1260 1552
1260 1827
1262 1337
1262 1818
1262 1925
1263 1483
1263 1760
1267 1507
1268 1378
1268 1794
1269 1828
1269 1967
1272 1650
1272 1964
1274 1920
1275 1373
1275 1473
1276 1354
1276 1767
1277 1576
1277 1611
1278 1333
1278 1489
1278 1516
1279 1639
1280 1402
1280 1519
1281 1504
1284 1506
1284 1994
1285 1531
1285 1621
1285 1702
1285 1858
1286 1615
1286 1734
1287 1801
1289 1924
1290 1607
1291 1364
1291 1700
1291 1705
1291 1739
1291 1881
1292 1885
1293 1372
1293 1414
1293 1427
1293 1799
1295 1784
1296 1682
1297 1474
1297 1771
1297 1777
1297 1785
1298 1538
1299 1457
1299 1544
1299 1587
1300 1525
1301 1575
1301 1631
1301 1888
1302 1503
1303 1967
1304 1325
1304 1569
1304 1840
1305 1365
1305 1434
1305 1526
1305 1766
1305 1857
1305 1983
1307 1660
1308 1406
1310 1458
1310 1551
1313 1477
1313 1481
1313 1699
1313 1785
1314 1686
1315 1572
1315 1612
1317 1417
1317 1430
1318 1497
1318 1717
1319 1449
1319 1675
1320 1598
1320 1888
1321 1861
1322 1583
1322 1623
1322 1694
1322 1844
1322 1888
1322 1957
1324 1504
1325 1857
1326 1821
1327 1539
1327 1870
1329 1806
1331 1394
1331 1611
1331 1847
1332 1804
1333 1476
1333 1973
1335 1490
1336 1914
1336 1938
1336 1969
1337 1556
1337 1782
1338 1810
1339 1973
1340 1397
1341 1781
1341 1941
1342 1437
1343 1729
1344 1411
1344 1775
1345 1349
1345 1581
1345 1809
1345 1875
1346 1678
1347 1479
1347 1644
1347 1708
1347 1711
1348 1714
1348 1982
1349 1602
1349 1645
1349 1686
1350 1730
1351 1515
1352 1848
1353 1595
1353 1778
1354 1702
1354 1854
1355 1363
1355 1691
1356 1456
1356 1543
1356 1616
1356 1816
1357 1491
1357 1767
1358 1918
1359 1760
1359 1969
1361 1515
1362 1697
1362 1872
1364 1879
1365 1522
1365 1851
1366 1769
1369 1519
1369 1599
1370 1592
1371 1524
1371 1671
1371 1755
1371 1954
1372 1767
1372 1824
1372 1998
1373 1443
1373 1710
1373 1807
1375 1404
1375 1890
1377 1623
1378 1598
1378 1832
1381 1761
1382 1651
1384 1605
1385 1610
1385 1872
1386 1470
1386 1677
1389 1491
1391 1490
1391 1503
1391 1772
1391 2000
1392 1544
1392 1780
1393 1592
1394 1713
1394 1802
1395 1780
1396 1760
1398 1639
1398 1863
1398 1996
1399 1764
1400 1608
1400 1845
1400 1928
1401 1670
1402 1873
1403 1632
1404 1661
1404 1783
1405 1426
1405 1739
1406 1657
1408 1800
1410 1757
1410 1760
1412 1969
1413 1602
1413 1835
1415 1925
1417 1564
1417 1688
1418 1483
1418 1487
1418 1488
1419 1617
1420 1694
1423 1498
1423 1690
1423 1823
1424 1659
1425 1638
1426 1433
1427 1905
1428 1508
1429 1647
1429 1759
1429 1800
1430 1475
1430 1874
1430 1923
1431 1495
1431 1864
1432 1477
1432 1496
1432 1947
1433 1637
1433 1959
1435 1593
1435 1698
1435 1852
1435 1906
1436 1868
1437 1497
1437 1500
1438 1505
1438 1583
1438 1717
1438 1925
1439 1847
1441 1699
1442 1443
1442 1615
1442 1856
1444 1489
1445 1945
1445 1963
1446 1486
1446 1569
1447 1829
1448 1483
1448 1514
1448 1982
1448 1998
1450 1512
1450 1523
1450 1641
1451 1529
1452 1576
1452 1715
1452 1779
1453 1637
1453 1688
1453 1780
1453 1970
1454 1903
1456 1885
1457 1920
1458 1467
1458 1591
1458 1835
1458 1883
1458 1891
1459 1828
1459 1925
1460 1612
1460 1697
1460 1794
1460 1885
1461 1659
1464 1490
1465 1521
1465 1911
1465 1962
1466 1605
1467 1933
1468 1955
1468 1985
1470 1639
1471 1562
1471 1678
1471 1728
1471 1890
1473 1564
1474 1482
1474 1703
1474 1734
1475 1839
1477 1898
1477 1998
1478 1801
1478 1943
1479 1530
1480 1527
1480 1689
1481 1848
1482 1588
1482 1654
1482 1928
1483 1566
1483 1627
1483 1741
1484 1552
1485 1623
1485 1659
1486 1971
1487 1556
1487 1764
1487 1797
1488 1630
1489 1560
1489 1644
1489 1676
1489 1980
1489 1992
1490 1857
1490 1961
1491 1716
1494 1499
1495 1667
1495 1910
1496 1601
1496 1669
1499 1795
1501 1893
1503 1726
1504 1557
1505 1568
1508 1879
1509 1565
1511 1934
1515 1547
1515 1684
1519 1746
1520 1532
1522 1573
1522 1738
1523 1810
1524 1657
1525 1646
1526 1985
1527 1601
1527 1734
1528 1801
1531 1617
1532 1614
1532 1850
1532 1879
1534 1996
1538 1921
1539 1971
1542 1758
1542 1921
1543 1588
1543 1656
1544 1915
1545 1891
1548 1656
1551 1589
1552 1996
1553 1574
1558 1619
1558 1820
1559 1587
1560 1792
1566 1821
1569 1573
1569 1629
1569 1764
1569 1989
1570 1890
1570 1980
1572 1660
1572 1773
1572 1787
1574 1846
1577 1609
1578 1792
1580 1614
1580 1902
1581 1779
1582 1599
1582 1629
1582 1901
1583 1822
1583 1846
1584 2000
1587 1853
1589 1786
1590 1833
1591 1704
1594 1918
1596 1825
1597 1936
1597 1961
1600 1987
1601 1955
1602 1716
1603 1714
1603 1829
1607 1632
1609 1740
1609 1982
1610 1765
1611 1638
1612 1644
1612 1667
1612 1950
1613 1953
1615 1646
1615 1880
1617 1784
1618 1783
1618 1790
1620 1769
1621 1804
1621 1983
1622 1685
1622 1834
1622 1882
1623 1774
1623 1775
1623 1860
1624 1965
1625 1742
1625 1971
1626 1844
1627 1980
1628 1694
1629 1833
1631 1687
1631 1731
1632 1766
1633 1771
1635 1923
1636 1774
1638 1733
1639 1804
1639 1955
1641 1767
1642 1733
1642 1756
1643 1726
1644 1931
1647 1836
1648 1828
1649 1855
1650 1821
1650 1970
1651 1811
1652 1890
1653 1741
1654 1815
1656 1881
1659 1822
1660 1977
1660 1984
1661 1693
1661 1828
1662 1934
1664 1690
1669 1779
1669 1928
1670 1931
1671 1835
1673 1987
1674 1748
1677 1843
1677 1882
1677 1988
1678 1830
1678 1893
1681 1850
1681 1955
1681 1969
1681 1999
1682 1704
1682 1834
1684 1898
1686 1921
1688 1891
1690 1721
1691 1952
1692 1774
1694 1737
1694 1756
1694 1792
1696 1870
1696 1896
1699 1981
1700 1800
1703 1833
1705 1848
1706 1913
1708 1945
1710 1961
1711 1938
1713 1879
1713 1885
1714 1886
1714 1903
1715 1842
1715 1956
1716 1806
1716 1898
1721 1853
1723 1845
1725 1941
1728 1761
1729 1847
1733 1933
1736 1928
1737 1938
1740 1811
1740 1842
1740 1863
1746 1974
1747 1767
1748 1927
1749 1959
1753 1953
1753 1983
1754 1814
1755 1815
1761 1958
1763 1823
1763 1893
1769 1824
1774 1827
1774 1901
1775 1837
1776 1931
1777 1998
1779 1988
1782 1913
1782 1963
1785 1853
1787 1878
1787 1886
1790 1918
1791 1924
1791 1971
1795 1896
1795 1936
1796 1934
1797 1816
1799 1845
1800 1854
1801 1803
1805 1823
1806 1886
1807 1913
1808 1981
1810 1828
1810 1899
1812 1834
1812 1938
1814 1826
1814 1844
1821 1910
1829 1895
1829 1949
1834 1854
1836 1941
1841 1980
1842 1911
1845 1887
1845 1923
1846 1967
1849 1923
1850 1873
1851 1959
1853 1934
1870 1972
1871 1893
1877 1889
1881 1950
1882 1972
1885 1896
1887 1960
1887 1986
1899 1923
1900 1948
1900 1953
1902 1918
1913 1996
1918 1981
1927 1971
1950 1966
1952 1967
1960 1969
1973 1976
