2000
1 341
1 384
1 847
1 1311
1 1321
1 1721
2 294
2 489
2 1002
2 1188
2 1368
2 1771
2 1834
3 509
3 683
3 1162
3 1647
3 1648
4 187
4 551
4 811
4 999
4 1169
4 1235
4 1585
4 1867
5 538
5 768
5 1095
5 1998
6 230
6 420
6 585
6 606
6 652
6 719
6 842
6 1705
6 1731
6 1881
7 41
7 728
7 820
7 1900
8 162
8 312
8 414
8 549
8 992
8 1032
8 1233
8 1822
9 639
9 1066
9 1260
9 1851
10 751
10 763
10 1424
10 1556
11 781
11 854
11 1057
11 1453
11 1861
12 306
12 498
12 499
12 584
12 793
12 952
12 1293
12 1680
13 249
13 1135
13 1264
13 1622
13 1713
14 456
14 777
14 1003
15 236
15 705
15 969
15 1275
15 1985
16 130
16 291
16 865
16 1730
16 1824
17 326
17 647
17 922
17 1007
17 1054
17 1239
17 1245
17 1304
17 1884
18 285
18 575
18 682
18 717
18 776
18 927
19 631
19 677
19 856
19 903
19 1362
19 1392
20 352
20 549
20 697
20 1068
20 1144
20 1253
20 1444
20 1636
20 1693
20 1701
20 1723
20 1738
21 24
21 69
21 292
21 342
21 572
21 1273
21 1578
22 1186
22 1210
22 1498
22 1681
22 1866
23 831
23 1044
23 1062
23 1118
23 1259
23 1634
24 68
24 796
24 854
24 1003
24 1189
24 1654
24 1753
24 1788
24 1859
24 1889
25 442
25 701
25 1943
26 1856
27 80
27 1681
27 1974
28 487
28 938
28 1054
28 1556
29 250
29 1033
29 1202
29 1208
29 1291
29 1874
30 451
30 1433
31 303
31 578
31 1118
31 1120
31 1202
31 1431
32 1233
32 1638
33 916
34 715
34 1090
34 1642
34 1664
34 1805
34 1894
35 352
35 482
35 590
35 1381
35 1453
35 1534
35 1767
35 1837
35 1870
36 382
36 526
36 630
36 1348
36 1621
36 1999
37 523
37 1177
37 1314
37 1747
38 447
38 773
38 791
38 1439
39 632
39 1377
39 1505
39 1616
39 1788
39 1832
40 66
40 114
40 277
40 339
40 497
40 793
40 836
40 864
40 884
40 1056
40 1472
40 1473
40 1710
40 1842
41 155
41 533
41 786
41 976
41 1103
41 1301
41 1803
41 1905
41 1912
42 102
42 936
42 1387
42 1407
42 1762
43 484
43 1471
43 1675
44 68
44 352
44 471
44 1542
44 1753
44 1896
44 1998
45 480
46 1618
47 278
47 591
47 1142
47 1276
47 1725
47 1875
47 1926
48 72
48 214
48 263
48 329
48 339
48 1265
49 287
49 402
49 502
49 830
49 891
49 959
49 1038
49 1110
49 1231
49 1343
49 1546
49 1946
50 127
50 490
50 1497
50 1888
51 92
51 274
51 346
51 511
51 948
51 1578
51 1798
52 677
52 1141
52 1257
52 1342
52 1448
52 1556
53 268
53 298
53 411
53 567
53 957
54 265
54 410
54 453
54 631
54 942
54 1543
55 124
55 380
55 1258
56 145
56 516
56 762
56 1552
56 1648
56 1777
56 1948
57 629
57 782
57 1032
57 1238
57 1269
57 1400
58 162
58 693
58 959
58 1101
58 1128
58 1848
58 1852
59 1803
59 1911
60 143
60 165
60 212
60 465
60 1004
60 1120
60 1149
60 1240
60 1260
60 1401
60 1469
60 1791
60 1864
61 172
61 715
61 729
61 905
61 1119
61 1244
61 1256
61 1451
61 1659
61 1671
62 629
62 1034
62 1142
62 1145
62 1320
62 1535
62 1914
63 705
63 730
63 1310
63 1753
64 500
64 566
64 902
64 1237
64 1560
64 1843
64 1923
65 213
65 381
65 820
65 1108
65 1736
65 1769
66 404
66 881
66 1133
66 1329
66 1544
66 1648
66 1655
67 567
67 577
67 595
67 1102
67 1316
67 1319
67 1962
68 954
68 1272
68 1561
68 1743
68 1957
68 1989
69 861
69 888
69 994
69 1764
70 1986
71 1098
72 556
72 751
72 1113
72 1420
72 1571
73 131
73 863
73 1338
73 1362
73 1514
73 1968
74 206
74 245
74 343
75 451
75 1075
75 1288
75 1676
75 1774
75 1841
75 1909
76 256
76 340
76 381
76 666
76 920
76 1359
76 1398
76 1656
76 1936
77 143
77 432
77 1093
77 1367
77 1621
77 1702
77 1793
78 256
78 590
78 821
78 1356
78 1380
79 1514
80 284
80 614
80 1259
80 1335
80 1536
80 1812
80 1823
80 1911
81 500
81 714
81 1386
81 1498
81 1918
82 423
82 1720
82 1739
82 1923
83 772
83 1216
83 1413
83 1433
83 1620
83 1887
83 1952
84 179
84 399
84 884
84 912
84 1100
84 1163
84 1456
84 1608
84 1785
85 320
85 371
85 519
85 721
85 865
85 1104
85 1499
85 1868
87 126
87 166
87 635
87 697
87 733
87 787
88 828
88 1135
88 1327
88 1367
88 1709
88 1767
89 493
89 845
89 1131
89 1286
89 1852
90 265
90 1114
90 1591
90 1748
90 1889
91 1770
92 133
92 420
92 444
92 937
92 1457
92 1506
92 1820
92 1825
93 295
93 865
93 940
93 1098
93 1236
93 1408
93 1501
93 1807
93 1916
94 104
94 196
94 225
94 597
94 968
94 1282
94 1671
95 100
95 190
95 610
95 983
96 216
96 723
96 788
96 1186
96 1537
97 163
97 222
97 558
97 612
97 1366
97 1554
97 1756
98 448
98 1532
98 1615
99 539
99 824
99 895
99 1192
99 1210
99 1673
100 729
100 1840
101 1021
101 1705
102 401
102 432
102 817
102 1605
102 1679
102 1795
102 1824
103 182
103 242
103 666
103 1853
104 333
104 600
104 888
104 1151
104 1718
104 1741
104 1948
105 494
105 506
105 645
105 838
105 844
105 1018
105 1157
105 1470
106 482
106 489
106 567
106 946
106 1037
106 1447
107 111
107 287
107 592
107 660
107 900
107 1256
107 1589
107 1859
108 115
108 122
108 169
108 454
108 784
108 1012
108 1478
109 767
109 964
109 1000
109 1033
109 1047
109 1353
109 1664
109 1671
109 1685
109 1724
110 446
110 649
110 872
110 1041
111 505
111 950
111 1180
111 1282
111 1553
111 1790
111 1914
112 238
112 577
112 993
113 651
113 1910
114 184
114 225
114 416
114 909
114 1602
114 1942
115 125
115 749
115 1006
115 1413
116 333
116 1712
117 327
117 840
118 317
118 440
118 445
118 989
118 1707
119 134
119 398
119 460
119 535
119 726
119 1056
119 1314
119 1567
119 1688
119 1978
120 214
120 239
120 1018
120 1036
120 1183
121 330
121 391
121 563
121 573
121 1111
121 1609
121 1788
121 1954
122 197
122 483
122 1419
122 1430
123 982
123 1305
123 1497
123 1850
124 365
124 945
124 1005
124 1117
124 1588
124 1718
125 678
125 1003
125 1316
125 1341
125 1635
125 1796
125 1803
126 923
126 1068
126 1174
126 1281
126 1944
127 991
127 1859
128 312
128 612
128 979
128 985
128 1064
128 1208
128 1307
128 1537
128 1556
129 324
129 630
129 636
129 658
129 1093
129 1159
129 1609
130 417
130 1067
130 1430
130 1837
131 325
131 658
131 685
131 1637
131 1686
132 661
132 864
132 924
132 1044
133 560
133 562
133 652
133 1496
133 1521
133 1800
134 558
134 863
134 1178
134 1516
134 1574
135 383
136 253
136 278
136 522
136 727
136 1558
136 1759
137 629
137 954
137 1083
137 1788
138 789
138 858
138 1582
138 1951
139 152
139 668
139 801
139 814
139 937
139 1225
139 1345
139 1350
139 1977
140 268
140 380
140 626
140 1352
141 283
141 590
141 862
141 954
141 1595
142 359
142 580
142 1214
142 1377
143 559
143 604
143 787
143 1339
143 1458
143 1729
144 1060
144 1142
144 1677
145 183
145 1247
145 1274
146 719
146 884
146 1052
146 1131
146 1719
147 304
147 937
147 1457
148 166
148 425
148 787
148 906
148 1233
148 1918
149 774
149 1479
150 572
150 1376
150 1834
151 977
151 1860
151 1866
151 1913
152 688
152 1251
152 1425
152 1549
152 1639
152 1878
153 322
153 1268
153 1904
154 737
154 738
154 995
154 1087
154 1217
154 1879
154 1960
155 305
155 401
155 460
155 675
155 1156
155 1381
156 622
156 1279
156 1326
156 1486
157 196
157 386
157 559
157 1521
157 1576
158 1019
158 1524
158 1943
159 365
159 810
159 955
159 1392
159 1680
159 1915
160 208
160 433
160 443
160 828
160 1119
160 1478
161 643
161 746
161 1101
161 1120
161 1125
161 1677
162 1041
162 1565
162 1580
163 434
163 991
164 479
164 802
164 1278
164 1644
164 1656
165 233
165 1186
166 221
166 723
166 787
166 1713
167 998
167 1305
168 185
168 648
168 690
168 732
168 817
168 1228
168 1653
168 1959
168 1995
169 270
169 651
169 1049
169 1134
169 1365
169 1692
169 1732
169 1741
169 1837
170 890
170 1178
170 1381
170 1963
171 1163
171 1799
172 869
172 991
172 1370
173 1733
173 1735
173 1951
174 594
174 644
175 607
175 647
175 718
175 893
175 1095
175 1232
175 1326
175 1400
176 724
176 885
176 1683
176 1701
176 1817
177 1021
177 1446
177 1690
177 1881
178 1052
178 1121
178 1170
178 1481
178 1591
178 1640
179 354
179 889
180 1350
180 1521
181 522
181 1817
182 184
182 282
182 720
182 740
182 1064
182 1433
182 1766
182 1939
183 334
183 821
183 842
183 863
183 1228
184 579
184 749
184 1560
184 1632
184 1876
184 1886
185 369
185 456
185 629
185 1439
186 773
186 1522
187 189
187 279
187 1412
187 1711
187 1759
187 1803
188 756
188 876
188 1257
188 1601
188 1741
188 1899
189 335
189 1112
189 1336
189 1476
189 1504
189 1743
189 1943
190 446
190 979
190 1021
190 1182
190 1656
190 1723
191 433
191 687
191 1014
191 1784
191 1888
191 1899
192 376
192 467
192 1108
192 1832
193 200
193 295
193 516
193 864
193 1293
194 309
194 497
194 658
194 1896
195 558
195 1074
195 1156
195 1633
195 1793
195 1976
196 458
196 539
196 644
196 897
196 1322
196 1513
196 1630
196 1903
196 1993
196 1996
197 239
197 316
197 615
197 659
197 1178
197 1208
197 1419
198 314
198 390
198 790
198 936
198 959
198 1188
198 1929
199 284
199 448
199 1045
200 271
200 357
200 527
200 1176
200 1323
201 351
201 724
201 1421
201 1607
201 1881
202 860
202 1294
202 1391
202 1705
202 1841
202 1925
203 375
203 1314
203 1905
204 205
204 294
204 708
204 1234
204 1359
204 1784
205 320
205 448
205 588
205 623
205 667
205 1401
206 447
206 1240
206 1540
207 351
207 840
208 310
208 639
208 935
208 1052
209 275
209 861
209 1145
209 1318
209 1675
210 973
210 977
210 1105
210 1230
210 1893
210 1901
210 1921
210 1976
211 461
211 579
211 1259
211 1778
211 1870
212 497
212 682
212 705
212 1043
212 1086
212 1453
213 705
213 1089
213 1134
213 1492
214 542
214 1355
214 1716
215 504
215 620
215 795
215 887
216 1371
217 760
218 381
218 1297
218 1365
218 1483
219 803
219 1408
219 1555
220 475
220 1096
220 1280
221 249
221 480
221 694
221 1135
221 1217
221 1354
222 499
222 976
222 1154
222 1702
222 1758
222 1855
223 328
223 509
223 1912
224 423
224 671
224 1153
224 1636
225 1203
225 1346
225 1606
225 1953
226 505
226 679
226 737
226 1090
226 1287
226 1684
227 480
227 1098
227 1513
228 811
228 854
228 1590
229 894
229 1231
229 1428
229 1829
230 513
230 1217
230 1241
231 1282
231 1382
231 1486
231 1797
231 1990
232 380
232 578
232 917
232 1010
232 1767
232 1769
232 1933
233 326
233 836
233 909
233 1837
234 288
234 311
234 1787
235 1035
235 1652
235 1668
235 1741
235 1858
236 305
236 907
236 1613
236 1849
236 1850
237 469
237 853
237 897
238 741
238 1275
238 1454
238 1513
239 563
239 968
239 1258
239 1709
239 1893
240 335
240 591
240 662
240 1858
240 1953
241 815
241 1173
241 1541
242 330
242 425
242 444
242 816
242 1279
243 501
243 813
243 1083
243 1219
243 1835
243 1975
244 421
244 1485
244 1713
245 378
245 1084
245 1117
245 1542
245 1942
246 988
246 1457
247 430
247 1135
247 1810
247 1824
248 999
249 380
249 568
249 870
249 1142
249 1294
250 302
250 483
250 490
250 624
250 728
250 1899
250 1910
251 1142
251 1980
252 672
252 906
252 1024
252 1456
252 1891
253 485
253 811
254 618
254 734
254 880
255 681
255 1352
255 1658
255 1760
255 1863
256 1123
257 476
257 486
257 998
257 1452
257 1669
257 1689
257 1701
257 1855
257 1884
258 349
258 545
258 882
258 888
258 1038
258 1838
259 369
259 470
259 1205
259 1324
259 1431
260 599
260 704
260 905
260 1717
261 883
261 992
261 1190
261 1211
261 1298
261 1359
261 1503
261 1754
261 1970
262 1029
262 1412
262 1609
262 1663
262 1716
263 516
263 1197
263 1273
263 1633
263 1976
264 539
264 926
264 965
264 976
264 989
264 1525
264 1661
264 1708
264 1724
265 1430
265 1485
265 1944
266 862
266 979
266 1209
266 1257
266 1473
266 1858
267 631
267 706
267 728
267 1019
267 1040
267 1096
267 1156
268 771
268 1148
268 1693
268 1862
269 326
269 603
269 804
270 597
270 1096
270 1281
270 1496
270 1697
271 884
271 1765
271 1923
271 1991
272 1114
272 1549
272 1800
272 1880
273 385
273 413
273 765
273 806
273 824
274 993
274 1180
275 1242
275 1690
276 313
276 541
276 1290
276 1803
277 418
277 699
277 771
277 1145
278 720
278 745
278 817
278 1090
278 1120
278 1271
278 1515
278 1621
278 1951
279 745
279 842
279 940
279 951
279 1184
279 1635
279 1876
280 784
280 1007
280 1163
280 1322
280 1407
281 1055
281 1853
282 847
282 1488
282 1667
282 1740
282 1752
282 1835
283 473
283 1863
283 1928
284 859
284 881
284 1734
285 445
285 1527
286 409
286 853
286 1333
286 1936
287 851
287 883
287 2000
288 1078
288 1201
288 1322
289 292
289 793
289 1236
289 1254
289 1280
289 1389
289 1450
289 1889
290 348
290 578
290 775
290 1012
290 1286
290 1334
290 1481
290 1818
290 1846
291 923
291 1839
291 1979
292 303
292 424
292 545
292 679
292 1038
292 1157
292 1930
293 502
293 540
293 669
293 1232
293 1619
293 1698
293 1755
294 328
294 411
294 441
294 444
294 644
294 1302
294 1404
294 1953
295 368
295 860
295 901
295 935
295 1220
295 1336
295 1817
295 1836
296 432
296 440
296 536
296 772
296 953
296 1369
296 1896
297 808
297 872
297 940
297 990
297 1379
297 1910
298 861
298 942
298 1159
298 1307
298 1459
298 1484
298 1527
298 1974
299 367
299 786
299 1769
300 431
300 651
300 1190
300 1979
301 545
301 1268
301 1664
301 1820
301 1888
301 1895
302 694
302 748
302 1139
302 1540
302 1541
302 1754
302 1871
302 1969
303 397
303 753
303 759
303 1115
303 1773
303 1832
304 753
304 766
304 1481
304 1763
304 1812
305 1560
305 1870
306 582
306 763
306 1080
306 1439
306 1452
306 1496
307 355
307 821
307 1039
307 1493
307 1730
308 390
308 393
308 1074
308 1452
308 1585
308 1753
308 1754
308 1888
309 424
309 804
309 1133
309 1358
309 1490
309 1637
310 447
310 665
310 755
310 871
310 1209
310 1657
310 1818
310 1954
311 790
311 915
311 1462
312 1473
313 378
313 430
313 944
313 969
313 1198
314 494
314 543
314 809
314 1393
314 1820
315 579
315 829
315 831
315 1028
315 1623
315 1652
315 1655
315 1978
316 407
316 921
316 1569
316 1622
316 1722
316 1868
316 1906
317 857
317 1358
318 404
318 505
318 700
318 1444
318 1445
318 1955
319 494
319 572
319 799
319 1059
319 1190
319 1652
319 1837
320 331
320 790
321 650
321 1218
321 1597
321 1702
322 430
322 761
322 1125
322 1252
323 1461
323 1735
324 390
324 462
324 1412
324 1699
324 1936
325 596
325 728
325 1506
325 1803
325 1895
326 919
326 1633
327 806
327 995
327 1162
327 1764
328 1369
328 1429
328 1457
328 1924
329 731
329 1051
329 1258
329 1948
330 1681
330 1788
331 646
331 890
331 1202
332 365
332 763
332 783
332 989
332 1159
332 1344
333 389
333 397
333 783
333 1535
333 1575
333 1950
334 406
334 884
334 892
334 1636
334 1933
335 1158
335 1401
335 1419
335 1487
335 1571
335 1907
335 1934
336 1113
336 1331
336 1555
336 1779
336 1905
337 403
337 929
337 1891
338 746
338 754
338 970
338 1079
338 1906
339 845
339 943
339 1050
340 983
340 989
340 1725
340 1788
341 562
341 659
341 1800
342 655
342 760
342 833
342 1447
342 1561
342 1965
343 948
343 1315
343 1657
343 1842
343 1876
344 463
344 1386
344 1578
344 1992
345 627
345 629
345 1200
345 1643
346 397
346 1307
346 1466
346 1505
346 1717
346 1986
347 738
347 1052
347 1063
347 1609
348 593
348 753
348 1015
349 665
349 1186
349 1195
349 1249
349 1523
349 1551
350 486
350 523
350 1375
350 1511
350 1972
351 841
351 1108
351 1186
351 1192
351 1325
351 1944
352 499
352 950
352 1157
352 1338
352 1512
352 1588
353 779
353 790
353 823
353 862
353 1403
353 1541
353 1549
353 1619
353 1799
354 1010
354 1028
355 1969
356 464
356 581
356 805
356 1082
356 1865
356 1871
357 842
357 979
357 1315
357 1479
357 1620
357 1872
358 463
358 1422
358 1507
358 1676
358 1752
359 477
359 679
359 1392
359 1435
359 1509
359 1828
360 528
360 816
360 901
360 1285
361 374
361 447
361 969
361 1390
362 533
362 658
362 1099
362 1116
362 1228
362 1478
362 1543
362 1708
363 824
363 1018
363 1211
363 1587
363 1660
363 1824
363 1926
363 1986
364 1033
364 1307
365 1452
365 1673
366 583
366 751
367 687
368 466
368 1033
368 1262
368 1327
368 1596
368 1668
368 1901
368 1917
369 529
369 750
370 802
371 1348
373 475
373 856
373 1148
373 1189
373 1329
373 1425
373 1559
374 399
374 456
374 821
374 1544
374 1911
375 967
375 1094
375 1150
375 1665
376 538
376 974
376 1259
376 1640
376 1784
376 1967
377 602
377 1409
377 1916
378 1127
378 1262
378 1322
378 1342
378 1497
378 1947
379 599
379 849
379 913
379 1355
379 1894
380 994
380 1501
380 1536
380 1688
380 1983
381 881
381 1000
381 1035
381 1812
382 476
382 637
382 900
382 923
382 1142
382 1203
382 1388
382 1820
383 853
383 934
383 1570
383 1799
383 1859
384 677
384 970
384 1319
384 1405
384 1553
384 1662
384 1964
385 1535
385 1587
386 498
386 984
386 1103
386 1174
386 1232
386 1557
386 1600
387 526
387 793
387 930
387 931
387 965
387 1328
387 1701
387 1775
387 1931
388 577
388 1187
388 1288
388 1825
389 579
389 699
389 814
389 1719
390 607
390 792
391 463
391 479
391 1152
391 1374
391 1916
392 608
392 1837
393 420
393 430
393 1570
393 1657
393 1695
394 949
394 1853
395 516
395 654
395 1033
395 1371
395 1495
395 1642
395 1842
396 591
396 613
396 1894
396 1923
397 486
397 581
397 758
397 860
397 1045
397 1501
397 1625
399 1529
399 1598
399 1730
400 611
400 1149
400 1255
400 1356
400 1643
401 475
401 638
401 755
401 756
401 1294
401 1307
401 1427
401 1432
401 1551
402 1073
402 1167
402 1227
402 1384
402 1418
402 1804
402 1885
403 578
403 628
403 1064
403 1598
403 1634
403 1942
404 715
404 823
404 1036
404 1037
404 1105
405 911
405 948
405 1044
405 1773
405 1804
405 1812
405 1916
406 1586
406 1916
407 516
407 647
407 652
407 975
407 1744
408 718
408 1007
408 1434
408 1630
409 685
409 805
409 1069
409 1120
409 1148
409 1573
409 1900
410 474
410 790
410 1236
410 1379
410 1596
410 1619
410 1653
410 1733
410 1844
411 839
411 1494
411 1598
411 1968
412 544
412 725
412 1423
412 1743
413 801
413 991
413 1004
413 1649
414 472
414 932
414 966
414 1704
415 478
415 1055
415 1160
415 1376
415 1427
415 1441
415 1483
416 445
416 546
416 1160
416 1181
416 1655
417 435
417 460
417 897
417 1181
417 1306
417 1572
417 1783
418 859
418 939
418 1340
418 1836
418 1931
419 470
419 559
419 1067
419 1167
419 1965
420 507
420 766
420 1019
420 1261
420 1429
420 1672
420 1932
420 1943
421 1403
421 1594
421 1897
422 1243
422 1694
423 1175
423 1582
423 1836
424 1006
425 743
425 1220
425 1784
425 1859
426 536
426 896
426 968
426 1277
426 1549
426 1652
426 1719
426 1750
427 781
427 1444
428 623
428 1045
428 1347
429 490
429 969
429 1078
429 1375
430 438
430 521
430 1346
430 1659
431 821
431 961
431 1694
431 1983
432 992
432 1037
432 1231
432 1950
432 1978
433 644
433 1051
433 1112
433 1245
433 1713
433 1822
433 1904
433 1924
434 1042
434 1114
434 1432
434 1608
434 1714
435 486
435 546
435 816
435 896
435 1069
435 1418
435 1673
435 1865
436 1138
436 1255
436 1292
436 1492
436 1745
436 1808
437 1031
437 1481
438 488
438 745
438 1036
438 1477
438 1534
438 1744
439 567
439 1623
440 612
440 664
440 716
440 1335
440 1540
440 1782
440 1859
441 1486
441 1557
441 1628
441 1936
442 741
442 815
442 984
442 1211
442 1906
443 486
443 714
443 1134
443 1604
443 1844
443 1915
444 1352
444 1518
444 1934
445 537
445 635
445 1113
446 955
446 1329
446 1596
446 1777
447 1062
447 1300
447 1408
447 1428
447 1911
447 1974
448 723
448 883
448 905
448 1739
448 1816
449 619
449 773
449 806
449 1103
450 863
450 1082
450 1262
450 1881
451 834
451 965
451 1722
452 466
452 600
452 704
452 750
452 803
452 1159
452 1670
453 984
454 605
454 667
454 1036
454 1098
454 1120
455 553
455 724
455 1885
455 1964
456 1022
456 1114
456 1324
457 608
457 1464
457 1694
457 1894
457 2000
458 1709
458 1950
460 484
460 622
461 561
461 740
461 1225
462 624
462 903
462 1190
462 1751
462 1916
463 523
463 670
463 744
463 770
463 847
463 1353
463 1688
463 1696
464 538
464 703
464 754
464 783
464 835
464 1028
464 1135
464 1293
464 1463
464 1606
464 1782
464 1882
465 486
465 1986
466 735
466 988
466 1332
466 1586
467 592
467 853
467 1177
467 1314
467 1905
468 932
468 1207
468 1919
469 942
469 1040
469 1093
469 1271
469 1311
469 1456
469 1595
470 720
470 1275
470 1469
470 1675
471 754
471 1044
471 1084
471 1139
471 1469
471 1757
471 1961
472 896
472 905
472 918
472 1176
472 1232
472 1307
472 1444
472 1641
472 1857
473 610
473 695
473 977
473 987
473 1472
473 1482
473 1567
473 1718
473 1999
474 550
474 795
474 1294
475 923
475 996
475 1043
475 1878
476 642
476 779
476 1165
476 1379
476 1569
476 1931
477 578
477 800
477 904
477 1331
477 1829
478 497
478 858
478 1079
478 1136
478 1413
479 740
479 1529
479 1936
479 1995
480 746
480 1376
480 1551
480 1648
481 526
481 729
481 1172
481 1184
481 1494
481 1898
482 548
482 1163
482 1255
482 1407
482 1686
482 1820
483 1447
483 1546
483 1771
484 496
484 953
484 1073
484 1273
484 1715
484 1751
484 1829
485 710
485 1353
485 1501
485 1942
486 616
486 855
487 502
487 777
487 1256
487 1820
488 699
488 1274
488 1965
489 519
489 775
489 822
489 1323
489 1411
489 1420
489 1445
489 1519
489 1803
489 1943
490 793
490 1276
490 1634
491 886
491 942
491 1328
491 1504
491 1832
492 510
492 744
492 1792
493 693
493 813
493 1319
493 1815
494 1034
494 1464
494 1470
494 1846
495 964
495 1060
495 1492
495 1774
495 1826
496 1004
496 1051
496 1091
496 1207
496 1879
496 1911
497 544
497 672
497 1145
497 1771
497 1820
497 1847
497 1907
498 829
498 883
498 1452
498 1593
500 613
500 1099
500 1511
501 585
501 589
501 915
501 1171
501 1546
502 1269
503 940
503 1563
503 1739
504 561
504 1050
504 1432
504 1574
504 1630
504 1644
504 1791
505 622
505 732
505 1321
505 1710
505 1735
505 1843
506 558
506 963
506 1997
507 1153
507 1300
507 1414
508 1070
508 1236
508 1266
508 1626
509 1510
509 1630
509 1732
510 690
510 697
510 728
510 865
510 1238
510 1480
510 1591
511 1175
511 1387
511 1639
511 1806
511 1808
512 644
512 836
512 1190
512 1326
512 1517
512 1659
512 1694
512 1885
513 737
513 791
513 1388
513 1436
513 1567
513 1686
514 613
514 669
514 1505
514 1520
514 1654
514 1766
514 1847
515 1555
515 1615
516 526
516 1184
516 1240
516 1434
516 1612
516 1670
516 1768
517 540
517 828
517 1306
517 1628
517 1697
517 1991
518 551
518 1182
519 584
519 1457
519 1592
519 1717
520 1007
520 1257
521 704
521 988
521 999
521 1032
521 1425
521 1890
521 1898
522 878
522 1025
523 623
523 934
524 859
524 963
524 1097
524 1478
524 1853
525 1600
525 1636
526 563
526 650
526 719
526 877
526 1076
526 1285
526 1438
526 1802
526 1907
527 765
527 1396
527 1466
527 1490
528 1266
529 663
529 1786
530 629
530 1122
530 1338
530 1614
530 1848
531 1118
531 1486
531 1683
532 1127
533 908
533 1197
533 1249
534 1665
534 1950
535 1897
536 940
536 1645
536 1880
537 864
537 921
537 1568
537 1622
537 1676
537 1798
537 1860
537 1861
537 1928
538 553
539 1186
539 1323
539 1716
539 1763
539 1923
540 665
540 787
540 912
540 1336
540 1643
540 1881
540 1884
540 1978
541 611
541 1113
541 1187
541 1978
542 617
542 1114
542 1748
543 950
543 1696
544 1364
544 1672
544 1683
544 1784
545 675
545 1133
545 1191
545 1748
546 907
546 1151
546 1269
547 804
547 1044
547 1571
547 1592
547 1837
548 696
548 752
548 780
548 1041
548 1056
548 1080
548 1356
548 1961
549 637
549 843
549 1128
550 1563
550 1893
551 645
551 1079
551 1763
551 1881
551 1961
552 553
552 898
552 959
552 1167
552 1301
552 1651
553 867
553 897
553 999
553 1854
554 943
554 958
554 1157
554 1624
554 1656
554 1726
555 1029
555 1065
555 1073
555 1267
555 1314
555 1431
555 1491
555 1982
556 957
556 1553
557 695
557 854
557 1321
557 1344
558 793
558 971
558 1058
558 1384
558 1457
558 1649
558 1675
558 1796
558 1909
559 1012
559 1198
559 1223
559 1785
560 760
560 874
561 587
561 588
561 626
561 1254
561 1273
561 1395
561 1839
561 1914
562 1402
562 1567
562 1768
563 727
563 1358
564 1218
564 1402
564 1676
565 1348
565 1369
566 828
566 911
567 1258
568 1348
568 1458
568 1653
569 1099
570 629
570 913
570 1010
570 1504
570 1779
570 1950
571 596
571 1292
572 652
572 1296
572 1586
572 1815
573 677
573 1355
573 1505
573 1785
573 1879
574 715
574 943
574 1702
574 1767
574 1857
574 1970
575 599
575 926
576 891
577 778
577 958
577 1166
577 1510
577 1867
577 2000
578 949
578 1216
578 1259
578 1455
578 1896
578 1911
579 1256
579 1288
579 1572
580 1394
580 1417
580 1761
580 1870
581 1021
581 1908
582 1007
582 1960
583 1535
583 1999
584 612
584 890
584 1001
584 1022
584 1503
585 658
585 923
585 1553
585 1730
586 1037
587 1182
587 1482
587 1761
587 1964
588 714
588 738
588 995
588 1494
588 1996
589 601
589 871
589 1148
589 1156
589 1476
589 1608
589 1620
589 1652
590 832
590 1544
590 1765
590 1947
591 849
591 953
591 1221
591 1548
591 1893
592 970
592 1135
593 847
593 943
593 1590
593 1617
593 1944
594 781
594 1569
595 1628
595 1713
596 673
596 815
596 940
596 977
596 980
596 1170
596 1599
596 1706
596 1943
597 637
597 722
597 1860
598 908
598 1102
600 1106
600 1625
600 1781
601 973
601 1076
601 1662
601 1933
601 1962
602 1067
602 1177
602 1943
603 848
603 1084
603 1245
603 1515
604 1402
604 1695
604 1814
605 1114
605 1301
606 719
606 893
606 932
606 1351
606 1874
607 1579
607 1594
608 790
608 943
609 1083
609 1871
610 1824
611 936
611 955
611 1722
611 1955
612 729
612 1180
612 1187
612 1548
612 1864
613 1259
613 1495
613 1503
614 995
614 1144
615 1969
615 2000
616 699
616 890
616 1372
616 1448
616 1671
617 969
617 1069
617 1294
617 1584
617 1590
617 1608
617 1671
617 1750
617 1864
618 1006
618 1129
618 1314
618 1422
618 1553
618 1803
618 1889
619 1504
619 1607
620 861
620 1141
621 1017
621 1107
621 1230
621 1371
622 832
622 950
622 1068
622 1514
622 1624
622 1843
622 1927
623 781
623 906
623 969
623 1379
623 1710
623 1837
624 1080
624 1103
624 1711
624 1854
624 1928
625 958
625 1239
625 1586
627 887
627 1340
627 1370
627 1523
627 1884
628 1313
629 645
629 705
629 831
629 1184
629 1290
629 1773
629 1888
630 648
630 720
630 809
630 1039
630 1204
630 1522
630 1828
631 1524
631 1731
632 679
633 1978
634 844
634 1593
634 1609
634 1620
634 1644
634 1940
635 969
635 1211
635 1375
635 1454
635 1492
635 1859
636 916
636 1185
637 833
637 1329
637 1493
637 1512
638 717
638 1198
638 1734
638 1889
639 697
639 783
639 1054
639 1345
640 763
640 1072
640 1200
640 1381
640 1527
640 1568
640 1846
641 828
641 943
641 1173
641 1240
641 1269
641 1308
642 830
642 1676
643 1008
644 879
644 1614
645 1113
645 1117
645 1887
646 698
646 986
646 1557
646 1583
646 1931
647 923
647 1769
648 711
648 1547
648 1560
649 1275
649 1909
650 769
650 948
650 1453
651 1636
652 1100
652 1509
652 1651
653 797
653 1102
653 1910
654 930
654 1032
654 1189
654 1415
654 1858
655 758
655 842
655 1566
655 1640
656 804
656 1511
656 1665
656 1823
657 674
657 1708
658 1413
658 1871
660 701
660 820
660 911
660 1487
660 1540
661 712
661 802
661 1032
661 1624
661 1857
662 1243
662 1822
663 753
663 889
663 1044
663 1442
663 1595
663 1949
664 781
664 1008
664 1181
664 1619
664 1955
665 857
665 1401
666 840
667 862
667 1165
667 1404
667 1591
667 1969
668 1886
668 1924
669 862
669 952
669 1821
669 1923
670 761
670 860
670 1060
670 1065
671 1200
671 1262
671 1308
671 1656
672 889
672 993
672 1301
672 1612
672 1783
672 1810
673 855
673 1595
674 766
674 1077
674 1149
674 1166
674 1338
674 1500
674 1978
675 1014
675 1567
676 973
676 1433
676 1575
676 1791
677 832
678 947
678 1426
678 1574
679 1806
679 1881
680 757
680 1218
680 1481
680 1578
681 760
681 840
681 1055
681 1755
682 846
682 1294
682 1880
683 809
683 1480
683 1855
684 983
684 1224
684 1409
684 1440
684 1468
684 1576
684 1656
685 730
686 968
686 1114
686 1677
687 934
687 1824
687 1950
688 963
688 1029
688 1584
689 748
689 1563
690 1022
690 1268
690 1406
690 1864
691 1460
691 1710
691 1908
692 719
692 947
692 1254
692 1523
692 1909
693 730
693 746
693 784
693 794
693 1334
693 1610
694 1276
695 1154
695 1176
695 1507
695 1587
696 770
696 1206
696 1626
696 1641
697 1695
698 1384
698 1575
698 1990
699 1024
699 1332
700 932
700 934
700 1003
700 1188
700 1218
700 1355
700 1387
700 1914
701 725
701 1264
701 1265
701 1271
701 1453
702 1474
702 1592
702 1739
703 983
703 1684
704 1192
705 1834
706 756
706 1095
706 1423
706 1990
707 1497
707 1557
708 764
708 1151
708 1776
708 1794
708 1896
709 920
709 1437
709 1523
709 1669
709 1680
710 987
710 1640
710 1745
710 1894
711 799
711 1250
711 1389
711 1612
712 932
712 1120
712 1124
712 1644
712 1684
713 1531
713 1925
713 1938
713 1972
714 872
714 964
714 1703
714 1719
714 1957
715 741
715 984
715 1342
715 1777
715 1950
716 832
716 1352
716 1515
717 938
717 1001
717 1168
717 1329
717 1545
717 1770
718 1331
719 906
719 1247
719 1458
720 835
720 946
721 1063
721 1080
721 1150
721 1376
721 1535
723 911
723 1199
723 1281
724 1546
725 1038
725 1535
725 1728
726 1309
726 1582
726 1718
726 1863
726 1896
727 917
727 1183
727 1335
727 1444
727 1683
727 1751
728 1171
728 1218
728 1723
729 994
730 1214
730 1224
730 1420
731 828
731 994
731 1090
731 1133
731 1438
731 1625
732 1472
732 1653
733 787
733 1011
733 1048
733 1337
734 1518
734 1614
734 1636
735 827
735 894
735 1136
735 1802
737 769
738 827
738 1150
738 1571
739 800
739 885
739 1052
739 1925
739 1995
740 955
740 1446
740 1566
740 1693
741 1232
741 1824
741 1932
742 1238
742 1354
742 1642
742 1911
742 1994
743 933
743 1572
745 1493
745 1978
745 1983
746 1125
746 1134
746 1447
746 1467
746 1569
746 1646
747 1257
747 1868
747 1921
747 1979
748 865
748 1038
748 1339
748 1695
749 762
749 980
749 1255
749 1370
749 1561
749 1586
749 1742
749 1881
749 1922
749 1964
750 1064
750 1137
750 1851
751 805
751 1401
751 1625
752 875
752 999
752 1330
752 1524
752 1535
752 1664
752 1770
752 1798
753 771
753 1840
753 1921
753 1970
754 863
755 769
756 886
756 974
756 1206
756 1867
757 1036
757 1796
758 837
758 1009
758 1198
758 1487
759 872
759 1037
759 1074
759 1628
760 1218
760 1235
760 1327
760 1545
760 1624
760 1787
760 1850
760 1951
761 871
761 1736
763 1186
763 1321
763 1643
763 1997
764 979
764 1178
765 817
765 908
765 1150
766 938
766 1480
766 1622
769 909
769 1244
769 1334
769 1712
770 1039
770 1130
770 1281
770 1437
771 830
771 1184
771 1634
771 1727
772 949
772 1243
772 1417
772 1438
772 1820
773 971
773 1227
773 1970
774 904
774 1139
774 1559
774 1858
774 1865
775 1368
775 1515
775 1945
776 839
776 998
776 1557
776 1632
776 1790
776 1823
777 1011
777 1075
777 1610
777 1863
778 939
778 1195
778 1241
778 1773
778 1791
779 789
779 930
779 1135
779 1534
780 1732
781 1614
781 1653
782 1012
782 1276
782 1438
782 1450
782 1838
783 789
783 934
783 962
783 1008
783 1032
783 1394
783 1436
783 1820
785 1033
785 1699
786 885
786 1082
786 1104
786 1174
786 1580
787 941
787 962
787 1222
787 1610
788 1511
788 1719
789 848
789 1805
790 1170
790 1580
791 806
791 1418
792 1042
792 1096
792 1329
793 875
793 1121
793 1352
793 1639
793 1953
794 1078
794 1164
794 1349
795 1279
795 1970
796 992
796 1189
796 1623
797 1294
798 801
798 916
798 938
798 1301
798 1768
799 812
799 1400
799 1886
799 1976
799 1980
800 848
800 1293
801 807
801 1621
802 886
802 1528
803 1324
803 1336
803 1488
803 1640
804 1231
805 1178
805 1698
806 1121
806 1891
807 1140
807 1297
808 1509
808 1821
809 975
809 1267
810 1492
810 1831
810 1975
811 903
811 1214
812 891
812 1642
812 1739
813 914
813 1058
813 1362
813 1513
813 1729
813 1779
814 1251
814 1764
815 862
815 871
815 1223
815 1737
815 1981
816 944
816 1158
817 945
817 1251
817 1833
818 1029
818 1557
820 1092
820 1181
820 1379
820 1757
820 1943
821 845
821 1069
821 1318
822 1005
822 1079
822 1611
822 1972
823 1084
823 1398
823 1400
823 1823
823 1883
824 1132
824 1240
824 1545
824 1609
825 868
825 894
825 902
825 1272
825 1583
825 1983
826 1006
826 1153
826 1527
826 1755
828 1128
829 1353
829 1713
829 1781
829 1792
829 1900
830 1284
830 1464
830 1678
831 907
831 979
831 1072
831 1756
832 918
832 1045
833 1788
833 1908
834 953
834 1081
834 1097
834 1132
834 1451
834 1654
834 1683
835 1924
836 992
836 1229
836 1577
836 1642
837 1763
837 1931
837 1953
838 1119
838 1972
839 1091
839 1201
839 1503
839 1884
840 1268
841 981
841 1814
841 1887
842 987
842 1192
842 1679
842 1763
842 1767
843 1021
843 1954
844 1116
844 1612
845 909
845 1088
845 1143
845 1186
845 1416
845 1971
846 1593
847 1233
847 1274
847 1449
847 1573
848 851
850 852
850 933
850 1143
850 1295
851 955
851 1325
851 1639
853 934
853 1084
853 1206
853 1306
853 1366
853 1650
853 1910
853 1935
854 914
854 1251
854 1290
854 1772
854 1996
855 1176
855 1562
855 1807
855 1817
855 1875
856 955
856 1185
856 1595
856 1599
856 1617
856 1715
857 961
857 1999
858 1210
858 1401
858 1615
858 1641
858 1836
859 985
859 1136
859 1410
860 1822
861 1459
861 1723
861 1749
862 985
862 1660
862 1812
862 1896
862 1970
863 1290
863 1825
863 1833
864 1107
865 931
865 1201
865 1288
865 1378
865 1868
866 1257
866 1529
866 1723
867 1500
867 1798
867 1813
868 1067
868 1579
868 1617
869 940
869 1389
870 1265
870 1366
870 1551
870 1618
871 961
871 1292
871 1460
871 1501
871 1831
872 1326
872 1581
873 1399
874 1043
874 1223
874 1802
875 998
875 1302
875 1346
875 1413
875 1541
876 910
876 921
876 1158
876 1203
876 1385
876 1988
877 1101
878 916
878 989
878 1114
878 1252
878 1881
878 1948
879 1676
879 1761
880 1050
880 1922
881 993
881 1347
881 1349
881 1417
881 1442
881 1601
881 1752
882 1456
882 1885
883 974
883 1142
883 1395
883 1490
883 1590
884 1461
884 1695
884 1855
884 1873
884 1878
885 886
885 1528
885 1764
886 1050
886 1078
886 1092
887 997
887 1459
887 1945
887 1992
888 1020
888 1312
888 1604
889 1048
889 1595
889 1622
890 1237
890 1280
890 1382
890 1479
890 1530
891 988
891 1717
891 1774
892 1266
892 1464
892 1605
894 1021
894 1281
894 1294
894 1467
894 1588
894 1733
895 1342
896 1706
896 1715
897 1707
899 1075
899 1570
899 1692
900 1055
900 1076
900 1171
900 1177
900 1282
900 1656
900 1817
901 1054
901 1454
901 1641
901 1826
902 1000
902 1060
902 1604
902 1704
903 992
903 1712
904 1039
904 1211
905 913
905 1147
905 1311
905 1976
906 1217
906 1562
906 1711
907 960
907 1014
907 1447
908 1012
908 1170
908 1255
908 1749
908 1760
909 1503
910 1127
910 1296
910 1585
911 1107
911 1251
911 1775
912 1417
912 1540
912 1683
914 1666
914 1727
915 926
916 1136
916 1153
917 1689
917 1760
917 1947
918 1266
918 1275
918 1610
919 1629
919 1907
921 1535
922 1566
922 1600
922 1706
922 1829
922 1855
923 1135
923 1549
923 1640
924 987
924 1289
924 1951
924 1978
925 1719
926 1318
926 1525
926 1921
927 996
927 1033
927 1636
927 1998
929 1065
929 1175
929 1349
929 1578
929 1967
930 1133
930 1218
930 1290
931 1484
932 1411
932 1536
932 1607
932 1768
932 1975
933 1016
933 1190
933 1324
933 1523
933 1653
934 1053
934 1152
934 1260
934 1765
935 985
935 1371
935 1538
935 1793
935 1812
935 1899
936 1068
936 1136
936 1201
936 1394
937 938
937 1379
937 1884
937 1907
937 1941
938 1010
938 1848
939 1337
939 1463
939 1546
939 1665
939 1670
940 971
941 1079
941 1764
941 1829
942 963
942 1214
942 1641
942 1995
943 1871
943 1969
944 1044
945 1559
945 1978
946 1648
946 1784
947 952
947 1304
947 1938
948 1210
948 1700
948 1873
949 1023
949 1786
949 1912
951 1554
952 1067
953 1045
953 1106
953 1164
953 1252
953 1845
954 1372
954 1596
954 1744
955 957
955 1691
955 1737
956 1402
957 1054
959 1185
959 1506
959 1582
960 1006
960 1152
960 1414
961 1090
961 1328
961 1524
961 1836
962 1044
962 1198
962 1439
962 1644
962 1881
963 1542
964 1078
964 1719
964 1720
964 1960
965 1609
966 1346
966 1992
966 1994
967 984
967 1301
967 1419
967 1913
967 1980
968 1040
968 1806
968 1813
968 1971
969 1292
969 1495
969 1586
969 1613
970 1031
970 1647
970 1720
971 1258
971 1345
971 1516
971 1696
972 1325
973 1191
973 1299
974 1386
974 1428
975 1024
975 1070
975 1121
975 1421
975 1481
976 1747
977 981
977 1173
977 1213
977 1296
978 1635
979 1030
979 1428
979 1658
979 1752
979 1954
980 1779
980 1874
981 1103
981 1301
981 1324
981 1341
981 1372
982 1226
982 1417
982 1633
982 1692
982 1741
982 1788
982 1888
983 1049
983 1080
983 1193
983 1232
983 1360
983 1896
984 1509
984 1567
985 1336
985 1433
985 1540
985 1577
985 1782
986 1283
986 1329
986 1574
986 1580
987 1273
987 1581
987 1620
988 1507
988 1936
989 994
989 1030
989 1090
989 1661
989 1985
990 1028
990 1129
990 1383
991 1000
991 1316
992 1400
992 1450
992 1451
992 1554
992 1707
992 1812
993 1095
993 1155
993 1256
993 1266
995 1500
995 1515
995 1845
996 1546
997 1189
997 1885
998 1691
998 1795
999 1024
999 1110
999 1234
999 1746
999 1782
999 1831
999 1886
1000 1074
1000 1500
1000 1873
1001 1099
1001 1518
1002 1049
1002 1414
1002 1471
1003 1189
1003 1656
1003 1764
1003 1953
1004 1165
1004 1397
1004 1869
1005 1144
1005 1868
1005 1886
1006 1786
1006 1989
1008 1444
1009 1334
1009 1860
1010 1076
1010 1725
1010 1896
1011 1226
1011 1576
1012 1529
1012 1551
1014 1076
1014 1210
1015 1135
1015 1567
1015 1667
1016 1080
1016 1360
1016 1761
1016 1948
1018 1374
1018 1393
1019 1883
1020 1538
1020 1617
1020 1771
1021 1300
1021 1356
1021 1742
1021 1751
1022 1149
1022 1389
1022 1671
1022 1716
1023 1150
1023 1194
1023 1644
1023 1811
1024 1234
1024 1335
1024 1376
1025 1118
1025 1910
1026 1032
1027 1270
1027 1450
1027 1684
1027 1825
1027 1866
1027 1957
1028 1660
1028 1992
1029 1309
1029 1713
1029 1898
1029 1989
1030 1160
1030 1307
1030 1573
1031 1260
1031 1944
1031 1980
1032 1304
1032 1624
1033 1035
1033 1418
1033 1599
1033 1824
1033 1896
1034 1467
1035 1406
1035 1746
1036 1083
1036 1152
1036 1490
1036 1657
1037 1234
1037 1352
1037 1954
1038 1214
1039 1344
1039 1853
1039 1940
1040 1525
1040 1771
1041 1150
1041 1414
1041 1819
1042 1427
1043 1198
1043 1482
1043 1813
1044 1191
1044 1744
1044 1753
1044 1916
1045 1159
1045 1735
1048 1115
1048 1806
1050 1448
1050 1699
1052 1836
1052 1983
1053 1112
1053 1276
1054 1264
1054 1483
1055 1246
1055 1261
1055 1879
1055 1907
1056 1249
1057 1259
1057 1416
1057 1529
1058 1921
1059 1191
1059 1584
1059 1757
1059 1964
1060 1352
1060 1425
1060 1464
1060 1477
1060 1615
1061 1236
1061 1328
1061 1631
1061 1635
1061 1779
1062 1482
1062 1671
1063 1243
1063 1404
1063 1535
1063 1668
1063 1726
1063 1775
1063 1817
1064 1227
1064 1889
1065 1096
1065 1417
1065 1666
1066 1103
1066 1225
1066 1994
1067 1262
1067 1318
1067 1636
1067 1975
1068 1295
1068 1579
1068 1729
1068 1777
1069 1130
1069 1283
1069 1504
1069 1719
1070 1216
1070 1437
1070 1571
1071 1144
1071 1155
1071 1505
1071 1522
1072 1354
1072 1491
1072 1830
1073 1893
1075 1304
1075 1585
1075 1896
1075 1954
1076 1106
1076 1380
1077 1583
1077 1859
1077 1983
1078 1498
1079 1419
1079 1496
1080 1437
1080 1739
1081 1413
1081 1498
1081 1730
1082 1106
1082 1188
1082 1676
1082 1903
1083 1193
1083 1251
1083 1421
1083 1511
1083 1628
1084 1729
1084 1891
1085 1144
1086 1366
1086 1379
1086 1568
1086 1939
1087 1442
1087 1580
1087 1668
1088 1532
1089 1169
1089 1197
1090 1539
1091 1370
1091 1485
1091 1584
1091 1661
1091 1917
1092 1291
1092 1775
1092 1845
1093 1143
1093 1699
1094 1361
1095 1729
1096 1549
1096 1829
1097 1578
1097 1779
1097 1895
1098 1233
1098 1988
1099 1478
1100 1252
1100 1715
1100 1863
1100 1883
1100 1891
1101 1177
1101 1264
1101 1483
1101 1798
1102 1144
1102 1373
1102 1527
1103 1341
1104 1525
1104 1691
1104 1708
1105 1517
1105 1547
1105 1770
1106 1795
1107 1556
1108 1129
1108 1198
1108 1621
1108 1888
1108 1991
1109 1213
1109 1293
1109 1326
1109 1845
1110 1615
1110 1885
1110 1914
1111 1361
1111 1746
1112 1455
1112 1923
1114 1330
1114 1407
1114 1803
1115 1249
1116 1878
1117 1226
1118 1495
1118 1836
1118 1987
1119 1473
1119 1788
1119 1893
1119 1898
1119 1905
1121 1127
1121 1471
1122 1142
1122 1372
1122 1387
1122 1566
1122 1598
1122 1857
1123 1224
1123 1484
1123 1613
1123 1906
1124 1470
1124 1896
1124 1952
1125 1476
1126 1369
1126 1619
1127 1320
1127 1799
1128 1196
1129 1263
1129 1453
1129 1672
1129 1968
1130 1457
1131 1440
1131 1882
1132 1619
1132 1855
1134 1639
1134 1833
1135 1186
1135 1561
1136 1420
1136 1544
1136 1630
1136 1663
1136 1818
1136 1924
1137 1476
1138 1292
1138 1487
1138 1590
1138 1837
1139 1919
1140 1434
1140 1507
1140 1827
1141 1742
1142 1165
1142 1380
1142 1527
1142 1974
1143 1579
1143 1843
1143 1855
1143 1876
1143 1914
1144 1781
1145 1365
1145 1384
1145 1487
1145 1809
1145 1879
1146 1562
1146 1617
1146 1639
1146 1808
1146 1844
1147 1164
1147 1879
1148 1939
1149 1975
1150 1841
1151 1253
1151 1572
1152 1673
1152 1737
1152 1948
1153 1398
1153 1592
1154 1250
1154 1415
1154 1591
1154 1843
1155 1175
1155 1198
1155 1611
1155 1795
1157 1184
1157 1521
1157 1865
1158 1197
1159 1176
1159 1180
1159 1219
1159 1326
1160 1246
1160 1534
1160 1874
1160 1883
1161 1675
1161 1835
1161 1869
1162 1312
1162 1703
1162 1849
1164 1588
1164 1826
1165 1581
1165 1996
1166 1276
1167 1588
1168 1530
1169 1187
1169 1352
1169 1609
1169 1715
1169 1790
1170 1277
1170 1490
1170 1884
1171 1376
1171 1507
1172 1219
1172 1502
1172 1915
1173 1744
1174 1579
1174 1640
1174 1856
1175 1311
1175 1708
1175 1965
1175 1982
1176 1550
1176 1779
1176 1965
1177 1684
1178 1665
1179 1435
1180 1297
1180 1368
1181 1411
1181 1783
1182 1499
1183 1214
1183 1229
1183 1579
1183 1909
1184 1235
1184 1495
1184 1583
1185 1261
1185 1432
1185 1924
1186 1525
1187 1294
1187 1916
1188 1589
1188 1836
1189 1267
1189 1671
1189 1807
1189 1862
1190 1277
1191 1275
1191 1965
1192 1246
1192 1391
1192 1555
1192 1977
1193 1600
1194 1744
1195 1249
1195 1316
1195 1736
1195 1860
1197 1948
1198 1495
1198 1943
1199 1712
1199 1777
1200 1369
1200 1649
1202 1413
1202 1603
1202 1704
1203 1825
1204 1580
1204 1818
1204 1890
1205 1320
1205 1348
1205 1480
1206 1860
1207 1655
1208 1479
1209 1324
1209 1387
1209 1452
1209 1687
1209 1821
1209 1958
1210 1379
1210 1398
1210 1511
1210 1568
1211 1235
1211 1404
1211 1804
1211 1826
1212 1247
1212 1268
1212 1275
1212 1442
1212 1536
1212 1584
1212 1772
1212 1937
1213 1359
1213 1813
1214 1872
1214 1882
1215 1387
1216 1423
1216 1656
1216 1675
1216 1882
1217 1475
1217 1588
1217 1754
1217 1798
1218 1862
1218 1942
1219 1739
1220 1231
1220 1242
1222 1425
1222 1640
1222 1937
1222 1967
1223 1262
1223 1463
1223 1704
1223 1965
1224 1815
1225 1946
1226 1308
1226 1964
1227 1320
1227 1618
1229 1454
1229 1521
1229 1645
1229 1893
1230 1563
1230 1740
1230 1891
1231 1314
1231 1406
1231 1453
1232 1246
1232 1551
1232 1577
1232 1711
1232 1719
1233 1696
1236 1847
1236 1907
1236 1968
1237 1781
1238 1350
1239 1518
1239 1750
1239 1951
1240 1287
1240 1427
1240 1854
1242 1274
1242 1761
1242 1835
1242 1961
1243 1794
1243 1803
1243 1898
1244 1354
1244 1522
1244 1791
1245 1440
1245 1443
1245 1553
1246 1625
1246 1947
1247 1319
1248 1742
1250 1551
1251 1960
1252 1302
1252 1323
1252 1600
1252 1788
1252 1985
1253 1830
1253 1900
1254 1569
1255 1285
1255 1324
1255 1435
1256 1286
1256 1663
1258 1835
1258 1894
1259 1323
1259 1336
1260 1342
1260 1923
1261 1481
1261 1740
1261 1935
1262 1429
1262 1567
1262 1985
1263 1474
1263 1644
1263 1737
1263 1744
1264 1326
1264 1380
1264 1953
1264 1968
1265 1409
1265 1951
1266 1422
1266 1521
1266 1931
1267 1602
1268 1288
1268 1427
1268 1776
1269 1284
1269 1347
1271 1464
1272 1927
1276 1417
1276 1519
1277 1776
1277 1934
1277 1956
1278 1321
1278 1615
1278 1759
1279 1489
1279 1755
1281 1746
1281 1968
1282 1309
1282 1645
1283 1853
1284 1794
1285 1569
1286 1465
1286 1491
1287 1706
1288 1316
1288 1326
1288 1700
1290 1835
1291 1485
1291 1488
1291 1620
1291 1915
1292 1357
1292 1463
1293 1606
1293 1770
1293 1838
1294 1598
1294 1639
1295 1619
1295 1808
1295 1972
1296 1402
1297 1619
1298 1640
1298 1765
1299 1471
1300 1353
1300 1396
1301 1504
1301 1640
1302 1463
1302 1676
1302 1749
1302 1976
1304 1468
1304 1714
1304 1768
1304 1974
1305 1584
1306 1367
1306 1425
1306 1693
1306 1852
1307 1642
1307 1916
1309 1517
1309 1557
1309 1949
1310 1429
1310 1796
1312 1514
1312 1533
1312 1585
1312 1855
1313 1408
1313 1982
1314 1505
1314 1628
1314 1807
1315 1465
1315 1918
1315 1969
1316 1425
1316 1532
1316 1729
1317 1822
1318 1559
1318 1640
1318 1725
1318 1972
1319 1745
1320 1382
1320 1517
1320 1616
1320 1891
1321 1424
1321 1813
1321 1860
1321 1989
1322 1586
1323 1375
1323 1466
1323 1554
1323 1622
1323 1961
1324 1378
1324 1410
1324 1763
1324 1808
1325 1576
1327 1547
1328 1371
1328 1897
1329 1339
1329 1613
1329 1742
1329 1905
1330 1701
1331 1494
1332 1690
1334 1501
1334 1647
1335 1355
1335 1375
1337 1402
1337 1589
1337 1597
1337 1674
1338 1928
1339 1930
1340 1404
1340 1904
1341 1859
1341 1983
1342 1529
1342 1531
1344 1500
1345 1507
1345 1522
1345 1559
1345 1897
1345 1943
1346 1704
1347 1596
1347 1967
1347 1975
1348 1414
1349 1453
1351 1908
1351 1926
1352 1869
1354 1394
1354 1472
1354 1683
1355 1775
1355 1785
1357 1869
1358 1521
1358 1871
1359 1633
1361 1489
1361 1893
1361 1992
1362 1573
1362 1783
1362 1926
1363 1907
1364 1405
1364 1803
1364 1952
1365 1527
1365 1585
1366 1697
1366 1737
1366 1863
1367 1388
1367 1840
1368 1509
1368 1726
1368 1814
1368 1867
1368 1988
1369 1450
1369 1555
1369 1758
1370 1406
1370 1604
1370 1795
1371 1493
1371 1667
1371 1784
1372 1614
1372 1682
1375 1511
1375 1577
1375 1618
1375 1657
1375 1814
1376 1392
1376 1813
1377 1703
1377 1871
1378 1418
1378 1604
1378 1908
1379 1457
1379 1546
1379 1630
1379 1820
1380 1584
1380 1787
1381 1526
1381 1604
1382 1845
1382 1892
1383 1720
1384 1475
1384 1484
1384 1493
1385 1636
1385 1662
1385 1839
1385 1938
1386 1552
1388 1579
1389 1462
1389 1753
1390 1439
1390 1670
1391 1556
1392 1439
1392 1482
1392 1888
1393 1673
1393 1946
1395 1436
1395 1921
1396 1466
1398 1541
1398 1679
1399 1438
1399 1489
1399 1669
1400 1418
1400 1475
1400 1522
1400 1554
1401 1522
1402 1441
1402 1614
1402 1740
1403 1483
1404 1544
1404 1825
1407 1450
1407 1624
1407 1641
1407 1988
1408 1542
1409 1934
1409 1950
1410 1772
1411 1959
1412 1888
1413 1471
1415 1676
1415 1862
1416 1514
1416 1890
1417 1599
1417 1973
1418 1788
1418 1850
1419 1928
1420 1480
1420 1572
1420 1574
1421 1459
1421 1510
1422 1892
1422 1961
1423 1560
1423 1714
1424 1511
1425 1788
1426 1884
1427 1846
1428 1465
1428 1471
1428 1501
1428 1857
1429 1660
1431 1916
1432 1827
1433 1542
1433 1754
1433 1887
1434 1683
1434 1804
1435 1557
1435 1622
1435 1928
1435 1931
1435 1981
1436 1800
1437 1460
1438 1442
1439 1630
1440 1724
1440 1945
1440 1989
1441 1626
1443 1591
1445 1477
1445 1519
1445 1773
1446 1902
1447 1793
1449 1482
1449 1529
1450 1730
1450 1996
1451 1665
1451 1867
1451 1987
1452 1479
1452 1559
1453 1848
1453 1868
1454 1865
1456 1647
1456 1687
1456 1981
1457 1622
1457 1699
1457 1817
1459 1630
1459 1863
1459 1985
1462 1789
1462 1983
1463 1862
1464 1547
1465 1810
1465 1813
1465 1946
1466 1478
1466 1492
1466 1524
1466 1891
1468 1626
1468 1918
1469 1535
1470 1598
1470 1734
1470 1983
1471 1497
1471 1792
1471 1890
1471 1992
1472 1561
1472 1689
1472 1810
1476 1585
1476 1625
1478 1599
1478 1776
1480 1721
1480 1813
1480 1836
1481 1556
1481 1728
1481 1921
1482 1988
1483 1661
1484 1761
1486 1945
1487 1629
1487 1930
1489 1744
1490 1595
1490 1775
1491 1536
1492 1591
1492 1677
1492 1819
1493 1507
1493 1759
1494 1606
1495 1497
1495 1717
1495 1860
1496 1609
1498 1678
1500 1915
1500 1943
1502 1756
1503 1584
1503 1825
1504 1570
1504 1829
1505 1645
1506 1549
1508 1656
1508 1841
1509 1871
1510 1892
1511 1913
1512 1875
1514 1558
1514 1759
1514 1772
1516 1728
1516 1774
1516 1868
1518 1670
1518 1749
1518 1757
1518 1943
1519 1777
1519 1907
1520 1921
1521 1795
1522 1537
1522 1623
1522 1731
1524 1752
1524 1895
1526 1780
1526 1906
1527 1589
1527 1648
1527 1701
1527 1874
1527 1881
1527 1915
1528 1917
1529 1950
1531 1797
1533 1567
1534 1708
1535 1547
1535 1567
1536 1662
1536 1921
1536 1988
1537 1865
1538 1677
1539 1570
1539 1599
1540 1683
1541 1768
1542 1826
1543 1667
1543 1790
1544 1628
1544 1775
1544 1981
1545 1687
1545 1781
1546 1753
1546 1790
1548 1771
1548 1839
1548 1900
1549 1605
1554 1827
1555 1598
1555 1696
1555 1794
1557 1970
1560 1637
1563 1565
1563 1844
1564 1893
1565 1894
1565 1913
1566 1811
1569 1754
1569 1782
1569 1908
1569 1973
1570 1882
1570 1913
1571 1867
1572 1638
1572 1889
1573 1775
1574 1668
1575 1861
1575 1881
1576 1621
1576 1749
1576 1943
1577 1642
1577 1707
1577 1805
1579 1805
1580 1608
1580 1724
1580 1984
1582 1607
1582 1630
1582 1739
1582 1945
1582 1992
1584 1876
1585 1726
1585 1857
1587 1613
1588 1967
1589 1704
1589 1862
1590 1968
1592 1757
1592 1779
1593 1719
1594 1987
1595 1706
1595 1820
1595 1886
1595 1894
1597 1601
1598 1650
1598 1895
1598 1901
1598 1955
1601 1668
1603 1849
1604 1828
1605 1836
1605 1878
1607 1650
1607 1741
1607 1796
1608 1681
1609 1740
1609 1781
1609 1829
1609 1838
1613 1672
1613 1954
1615 1955
1617 1856
1618 1768
1619 1885
1620 1683
1624 1653
1624 1728
1631 1720
1631 1878
1631 1918
1632 1961
1633 1763
1633 1852
1635 1834
1637 1773
1637 1916
1640 1703
1642 1747
1644 1816
1644 1957
1645 1679
1645 1927
1648 1677
1650 1792
1651 1734
1652 1794
1652 1961
1653 1836
1653 1960
1655 1658
1655 1829
1656 1750
1658 1972
1660 1674
1660 1811
1660 1915
1662 1920
1664 1962
1665 1688
1668 1768
1668 1864
1670 1934
1671 1842
1671 1950
1672 1678
1672 1930
1673 1966
1674 1984
1675 1949
1677 1697
1677 1918
1677 1938
1678 1689
1678 1711
1678 1903
1679 1688
1679 1978
1680 1691
1680 1772
1682 1930
1682 1983
1685 1927
1692 1854
1692 1858
1693 1792
1694 1784
1694 1849
1695 1959
1696 1726
1696 1952
1700 1885
1700 1915
1703 1733
1703 1750
1703 1773
1706 1760
1706 1856
1706 1999
1709 1820
1710 1926
1710 1952
1711 1803
1714 1762
1715 1934
1717 1719
1718 1751
1720 1828
1722 1881
1722 1914
1723 1831
1725 1737
1726 1801
1726 1892
1728 1923
1729 1759
1731 1801
1732 1928
1734 1852
1736 1883
1736 1959
1738 1923
1740 1996
1741 1897
1742 1833
1743 1777
1744 1921
1745 1892
1746 1789
1749 1810
1753 1816
1754 1861
1754 1870
1754 1880
1759 1826
1760 1783
1761 1897
1763 1772
1767 1842
1769 1783
1770 1816
1771 1886
1772 1856
1773 1847
1773 1878
1775 1828
1775 1907
1778 1798
1780 1948
1781 1804
1782 1967
1783 1966
1785 1985
1787 1937
1790 1810
1790 1973
1792 1978
1797 1837
1799 1983
1804 1812
1804 1897
1805 1818
1807 1862
1807 1881
1807 1983
1808 1991
1812 1909
1813 1958
1814 1943
1815 1881
1817 1954
1817 1997
1818 1876
1819 1936
1819 1975
1820 1959
1822 1927
1823 1858
1824 1858
1826 1856
1827 1982
1828 1880
1828 1976
1829 1887
1829 1898
1829 1902
1838 1849
1838 1920
1843 1981
1844 1949
1850 1979
1855 1890
1857 1988
1858 1928
1862 1931
1863 1889
1866 1910
1869 1894
1876 1966
1877 1943
1878 1947
1878 1997
1885 1910
1889 1942
1890 1918
1897 1923
1897 1986
1899 1900
1899 1971
1904 2000
1905 1979
1906 1964
1910 1957
1919 1942
1919 1991
1930 1931
1984 1996
