2000
1 412
3 1933
4 931
4 1126
7 80
7 542
8 41
8 478
8 1210
8 1287
8 1857
9 414
9 1456
10 1074
11 871
11 1210
11 1682
11 1690
12 777
12 1825
13 568
13 1054
13 1650
13 1720
14 112
15 1341
15 1503
17 116
17 122
17 1062
17 1803
18 665
19 680
20 1264
21 664
21 952
22 176
22 906
23 659
24 1504
26 679
27 1498
27 1830
28 860
28 1043
28 1986
29 1715
30 346
30 377
30 1936
31 744
31 786
31 1599
32 430
32 1259
33 188
34 1594
35 932
36 1367
36 1771
38 140
38 158
38 420
38 1039
38 1780
39 416
39 542
39 1348
40 203
40 372
40 862
41 216
41 217
41 691
42 214
44 1562
46 460
47 439
47 1243
47 1949
48 344
48 1676
48 1774
49 1405
50 722
51 970
51 1048
52 1305
53 1826
54 829
55 534
55 917
58 1765
59 282
59 682
59 1620
60 1314
60 1756
61 1794
62 1753
63 1429
63 1569
64 1331
65 231
65 431
65 933
65 1227
65 1235
66 325
67 1126
67 1402
69 639
69 781
69 1743
69 1830
69 1919
71 605
72 1728
72 1849
73 314
75 1792
76 713
76 1016
77 836
79 602
81 532
81 731
82 492
83 634
83 1298
84 314
85 411
85 1289
85 1320
85 1732
86 141
86 1777
87 634
90 647
90 808
90 1809
91 898
91 982
92 1537
93 310
93 573
93 1342
93 1676
94 1439
94 1845
95 1052
96 938
96 1284
97 710
97 808
98 256
98 1078
99 1021
99 1684
100 1540
100 1596
103 1575
105 653
105 1049
105 1798
106 1630
106 1714
107 1894
108 298
110 913
111 932
113 762
114 288
114 868
116 1940
117 626
117 1790
118 261
118 1564
121 400
121 683
121 1540
122 1190
122 1866
123 1548
123 1774
123 1912
124 1324
125 699
125 1127
125 1810
126 456
126 1631
127 990
127 1557
127 1851
128 174
128 718
130 998
131 835
131 1854
132 302
132 924
132 1477
133 364
133 1166
133 1259
133 1419
133 1528
133 1569
133 1665
134 582
134 1247
137 564
137 1109
137 1836
138 1012
138 1408
139 265
140 513
140 1415
140 1596
141 611
141 1688
142 1983
143 247
143 911
143 933
144 186
145 298
145 505
145 603
145 1293
146 498
146 729
147 422
147 772
149 153
149 1442
149 1516
150 1218
151 857
151 1226
151 1463
152 453
152 471
152 1527
152 1952
153 691
153 1461
154 1177
155 606
155 989
157 865
157 1039
157 1989
158 554
159 399
159 877
159 1487
159 1839
159 1912
160 349
160 789
161 513
162 283
162 1019
163 543
163 1213
164 947
164 993
165 656
165 1652
165 1854
166 1026
166 1208
167 1288
168 538
168 675
168 1921
169 739
169 1814
170 1194
171 669
171 1831
173 1620
174 725
174 800
175 1896
177 900
177 1108
177 1170
177 1694
178 412
178 881
179 216
179 1688
181 960
181 979
181 1406
182 1229
182 1588
183 1917
184 447
184 1227
185 1453
185 1484
186 347
186 892
186 1438
187 206
187 594
187 648
187 1107
187 1923
188 1541
189 1146
189 1554
190 791
191 692
192 1196
192 1861
193 1111
194 270
194 1561
194 1690
195 293
196 222
196 316
196 759
196 1613
196 1998
197 914
197 1603
198 253
198 577
198 667
198 938
198 1451
199 1179
200 1116
201 369
201 622
201 1517
203 1254
205 366
205 791
205 1795
206 934
207 401
207 1802
207 1842
208 507
208 1065
209 723
211 218
211 488
212 261
212 1149
212 1199
214 437
216 1765
218 465
218 1821
219 729
222 1410
223 454
223 1452
225 1907
226 1494
227 1959
228 1845
229 641
229 1090
230 810
230 1250
230 1764
231 1619
232 1712
233 274
233 457
233 1754
234 786
234 1493
234 1671
235 546
236 1929
237 871
237 1697
237 1781
238 985
238 1370
239 1297
240 863
240 1155
240 1536
241 1224
242 663
242 949
242 1431
243 425
243 986
244 623
245 312
245 1032
246 315
247 1097
248 1059
249 1187
250 1306
251 272
251 688
252 801
252 1908
253 1509
255 953
256 1245
257 866
257 1172
257 1654
258 853
259 266
259 610
260 1022
260 1761
261 661
262 421
262 1685
263 1360
263 1554
264 1695
265 1834
267 921
268 884
268 1671
269 704
269 932
270 646
270 1555
270 1755
271 1584
272 1852
274 1978
277 1519
278 1073
279 692
279 1285
280 706
281 770
281 1364
281 1888
282 284
282 903
287 473
289 1574
290 586
290 643
291 296
291 1758
293 438
294 467
294 726
295 500
295 1444
295 1829
295 1994
296 1288
296 1582
296 1746
298 539
299 344
299 1703
299 1987
300 1874
301 643
302 556
302 823
303 340
303 1418
304 794
305 763
305 1503
306 785
307 590
307 1403
308 315
308 1277
310 772
310 1245
311 618
311 1537
311 1717
312 707
312 723
312 1195
312 1325
312 1625
314 908
314 1039
314 1478
315 1345
315 1366
315 1701
316 817
316 1049
316 1307
316 1897
317 1606
317 1750
318 599
318 831
318 1078
318 1612
319 397
319 451
319 756
319 1924
320 1767
321 1602
322 1339
322 1809
323 833
325 586
325 604
325 932
326 475
329 779
329 1046
329 1063
332 1010
332 1374
332 1653
334 1422
334 1613
335 362
335 989
335 1693
335 1949
336 562
337 587
338 486
338 1502
340 1661
341 1413
342 971
343 973
343 1927
343 1998
344 927
345 1873
346 1716
346 1786
347 490
347 1373
348 753
348 1311
348 1652
348 1913
349 537
349 1466
349 1771
349 1938
350 655
350 1420
351 396
351 1353
351 1519
351 1913
352 686
352 1225
352 1529
352 1629
353 946
354 1027
354 1579
354 1686
355 1951
356 1206
356 1458
357 533
358 368
358 701
358 1594
358 1960
361 456
361 1384
362 710
363 1034
363 1109
363 1909
365 558
365 624
366 582
366 1287
367 377
368 1329
369 1028
369 1255
369 1263
369 1852
371 1358
371 1840
373 1186
375 840
376 1775
377 1048
379 669
379 1349
379 1419
380 640
380 1178
380 1531
382 821
382 1220
382 1369
383 733
383 999
383 1139
383 1661
383 1850
384 443
384 1664
385 1519
387 1255
387 1348
387 1494
387 1965
388 650
388 742
388 752
388 806
388 1949
389 672
389 1272
390 1582
390 1832
392 1563
392 1701
393 411
393 734
393 1339
393 1707
394 1125
394 1482
396 1112
397 1625
397 1973
398 1341
398 1714
399 1133
400 846
400 1427
400 1952
401 593
401 1144
401 1356
404 970
404 1121
406 1309
406 1933
407 411
408 1693
409 553
410 1912
411 769
411 1199
411 1719
412 931
412 1066
414 441
414 1279
415 1677
417 671
417 924
418 1563
418 1935
419 787
419 792
420 657
421 517
421 1394
422 1066
423 721
424 1559
425 1937
426 435
426 1872
426 1944
427 793
427 1508
428 1367
429 788
430 565
431 858
432 561
433 1274
433 1286
433 1764
436 776
436 1143
436 1746
436 1826
437 475
437 530
437 663
437 1984
438 707
439 559
439 818
439 1471
440 1056
440 1748
442 658
442 840
443 1009
443 1572
443 1730
443 1919
444 576
444 1761
444 1961
446 1135
447 602
447 735
447 1206
448 537
448 1385
448 1950
450 1228
451 509
451 1305
451 1452
451 1507
451 1572
453 733
453 1623
453 1655
454 739
454 795
455 1121
455 1228
456 606
456 938
457 1620
457 1838
458 1429
460 544
461 521
463 587
463 674
464 1273
464 1400
464 1457
464 1560
464 1669
465 684
465 738
465 1113
467 609
467 628
467 1891
468 1303
469 1964
470 792
470 1420
471 1848
471 1864
472 609
473 963
474 1489
474 1882
476 1214
476 1585
476 1740
477 1491
480 1344
480 1971
482 1878
483 1272
483 1639
484 819
484 1630
485 1161
486 988
486 1822
489 825
492 1968
493 1214
493 1232
495 994
497 1124
497 1509
497 1701
498 1475
499 1646
499 1902
500 926
500 1338
500 1526
503 1017
503 1422
506 711
506 984
506 1052
507 1194
507 1467
507 1486
507 1713
508 635
508 1081
508 1321
508 1531
509 1342
510 624
511 1653
512 1279
513 607
513 1829
514 690
514 1048
514 1315
515 998
515 1949
516 619
516 674
518 842
518 1203
519 674
519 1542
520 776
520 1061
520 1411
521 1197
521 1401
523 823
523 1329
525 1847
525 1972
526 1798
527 792
527 1676
527 1710
528 1861
529 1753
530 841
530 1500
530 1717
530 1946
531 1459
532 1941
535 1092
536 654
536 945
536 1015
536 1388
536 1606
536 1820
537 1765
537 1911
538 1282
538 1490
540 670
540 1696
541 828
541 923
545 1272
545 1549
546 1461
547 615
547 855
547 1301
548 1285
548 1646
549 1148
549 1549
550 1082
550 1140
550 1564
550 1863
551 709
551 1379
552 1756
555 1671
556 1204
559 916
561 1413
561 1924
562 824
562 1246
562 1518
562 1519
563 695
563 914
564 961
567 1051
567 1778
568 1149
569 1870
571 667
572 1718
573 608
573 930
573 1846
576 911
576 1354
577 1739
578 975
578 1361
579 1555
580 874
581 1826
581 1941
582 1741
584 1224
585 1695
591 1138
591 1266
593 808
593 839
593 1222
593 1224
595 918
596 1726
597 1074
598 885
598 917
601 1118
602 1399
602 1534
605 1330
606 640
606 1622
609 1016
609 1277
610 1659
611 1158
612 1022
613 1086
614 683
614 1598
615 629
615 1448
616 1626
617 1603
618 1273
618 1665
619 887
619 1959
621 948
623 1132
625 1630
629 989
629 1691
630 821
633 1751
633 1879
634 776
634 1788
635 977
635 1216
637 673
638 1910
639 1090
639 1133
639 1176
642 993
643 826
643 899
643 1317
643 1522
643 1918
645 671
646 815
651 883
651 1142
652 947
652 1662
653 658
653 1711
653 1805
654 688
654 832
654 1130
655 1433
655 1453
656 719
656 1279
656 1433
658 1118
660 924
660 1144
660 1775
661 1464
662 1030
663 1076
664 1165
665 695
665 704
665 754
665 1388
665 1970
666 1704
667 1399
668 791
669 846
670 688
672 1281
672 1621
673 885
675 1525
676 1278
677 684
678 1511
679 983
679 999
679 1659
680 1027
681 775
681 1015
682 1834
683 789
684 1260
686 726
687 1239
688 1341
689 1001
689 1007
689 1708
690 1786
690 1847
691 1399
691 1789
692 1099
692 1858
692 1998
694 1359
696 861
699 1841
700 1498
702 1779
703 931
704 1272
704 1531
705 1153
707 1780
708 1434
709 755
709 1559
709 1653
709 1656
709 1961
710 1488
710 1768
710 1799
711 1596
713 963
713 1567
713 1638
717 1504
718 1767
718 1817
718 1847
719 876
719 1096
719 1559
720 738
722 1387
723 1671
726 1669
726 1927
728 742
728 1667
730 1366
730 1465
730 1843
731 787
731 951
732 1130
732 1168
733 1102
735 1044
735 1387
737 818
737 1630
738 1327
738 1620
739 1497
740 1861
742 1071
742 1720
743 1321
744 826
745 770
745 1008
746 1261
748 830
748 1762
748 1802
749 1346
750 1328
750 1867
754 781
754 926
755 1715
755 1847
756 961
756 1027
757 1170
757 1903
758 865
759 1381
760 936
760 956
760 1647
761 1446
762 1380
763 1000
763 1094
763 1495
763 1549
763 1652
765 1741
766 980
766 1317
767 1022
767 1884
768 779
768 1519
769 831
770 872
770 1517
771 971
773 848
774 1263
775 1467
776 1015
776 1851
776 1944
777 941
777 1868
780 937
780 1399
780 1965
781 1742
784 897
784 984
784 1111
784 1653
785 816
786 1489
787 1300
787 1532
788 1380
788 1880
790 1859
791 1970
792 1160
792 1816
794 1474
795 1871
796 1493
796 1623
796 1758
797 1621
799 1249
802 823
802 1861
804 974
807 942
807 979
808 1931
811 963
811 1153
811 1779
811 1884
812 1406
813 1569
813 1848
814 959
814 1496
816 948
817 1207
818 973
818 1623
821 1071
822 1010
823 1626
823 1862
824 1686
825 923
827 1479
827 1506
828 1579
828 1966
830 974
830 1949
830 1988
831 1079
831 1267
832 876
833 1042
833 1096
834 1317
836 855
836 1009
836 1934
837 1146
837 1748
838 1052
838 1293
838 1521
840 1004
840 1461
841 1525
841 1623
842 1085
842 1626
844 857
844 1168
846 1241
846 1392
846 1883
847 1043
848 1048
849 1048
851 983
853 1199
853 1311
855 1050
855 1280
856 1545
858 968
858 1642
861 1186
867 1973
868 1695
868 1922
869 981
873 1312
873 1798
876 898
877 1522
878 1013
878 1542
879 1399
879 1707
880 1415
880 1486
881 991
881 1722
883 2000
885 945
885 1618
886 1975
888 917
889 1773
889 1837
890 1922
891 1185
893 1824
893 1865
894 1494
898 1511
901 1007
901 1342
901 1610
907 1886
907 1927
910 960
910 1199
910 1824
911 1287
912 1480
912 1592
912 1618
912 1795
913 1907
914 1259
917 991
918 1157
918 1691
919 1699
921 1241
921 1481
922 965
923 1464
925 1912
926 1284
927 1582
928 1496
929 1018
929 1168
929 1293
929 1295
929 1383
929 1572
929 1748
931 1010
934 1466
935 1566
936 1031
936 1037
938 1032
938 1312
939 1051
939 1458
940 1078
942 991
942 1582
943 1681
944 961
945 1926
945 1933
946 1566
947 1131
947 1634
949 972
949 1288
951 1341
951 1754
953 1644
956 1698
957 984
957 1166
958 1343
958 1671
959 1546
959 1948
961 1037
963 1278
965 1978
969 1903
970 1265
970 1282
970 1480
971 1547
972 1364
972 1559
973 1296
973 1865
974 1792
975 982
975 1627
978 1098
981 1402
985 1522
986 1139
989 1578
990 1780
993 1043
993 1119
994 1198
996 1222
997 1274
997 1368
997 1513
999 1522
1001 1909
1002 1733
1002 1931
1003 1789
1004 1422
1006 1162
1007 1886
1007 1905
1008 1188
1009 1770
1010 1980
1015 1140
1015 1283
1015 1337
1017 1177
1018 1931
1019 1729
1022 1326
1022 1877
1022 1912
1023 1887
1023 1964
1024 1100
1025 1594
1026 1726
1029 1439
1029 1783
1035 1038
1037 1797
1037 1815
1038 1262
1039 1728
1039 1743
1039 1955
1040 1183
1040 1834
1041 1752
1043 1329
1043 1526
1043 1604
1044 1286
1047 1403
1048 1158
1050 1090
1050 1262
1052 1277
1053 1310
1054 1797
1055 1079
1055 1577
1056 1819
1058 1451
1064 1642
1065 1645
1065 1961
1065 1984
1068 1846
1069 1446
1069 1728
1069 1923
1070 1364
1071 1805
1072 1184
1075 1626
1076 1572
1077 1811
1078 1187
1079 1468
1080 1961
1081 1873
1081 1943
1082 1957
1084 1396
1085 1377
1085 1404
1085 1447
1087 1481
1089 1571
1089 1774
1090 1169
1092 1634
1093 1724
1094 1162
1095 1258
1099 1401
1099 1417
1100 1519
1100 1952
1101 1631
1102 1443
1103 1167
1104 1531
1104 1764
1105 1290
1107 1165
1107 1699
1107 1831
1109 1749
1109 1861
1110 1786
1114 1973
1115 1861
1116 1376
1117 1204
1117 1485
1118 1522
1118 1713
1118 1831
1118 1930
1118 1991
1120 1272
1121 1314
1123 1189
1126 1145
1126 1498
1130 1430
1132 1996
1133 1153
1134 1745
1135 1600
1136 1614
1138 1328
1138 1522
1139 1363
1140 1481
1140 1490
1142 1216
1144 1320
1144 1401
1145 1330
1145 1527
1147 1446
1147 1911
1148 1831
1150 1857
1151 1522
1152 1844
1153 1605
1153 1611
1153 1695
1154 1794
1158 1627
1159 1759
1159 1831
1160 1419
1160 1439
1160 1603
1160 1666
1162 1741
1164 1598
1167 1730
1168 1788
1171 1504
1174 1175
1174 1677
1175 1381
1176 1787
1177 1591
1182 1245
1183 1458
1184 1522
1184 1889
1187 1412
1187 1669
1188 1529
1192 1200
1192 1245
1192 1629
1192 1745
1192 1778
1193 1859
1195 1207
1195 1821
1196 1508
1196 1795
1197 1464
1203 1828
1206 1440
1206 1708
1208 1473
1208 1665
1210 1650
1212 1999
1213 1457
1216 1425
1216 1960
1218 1888
1219 1821
1219 1999
1225 1248
1226 1384
1226 1761
1227 1347
1227 1743
1228 1631
1229 1528
1229 1723
1230 1400
1236 1741
1237 1414
1237 1552
1239 1320
1239 1633
1240 1437
1241 1406
1242 1458
1255 1318
1259 1976
1260 1367
1261 1452
1261 1932
1262 1771
1264 1901
1265 1360
1265 1493
1265 1578
1271 1673
1274 1891
1275 1402
1275 1761
1275 1905
1276 1506
1277 1344
1277 1617
1279 1533
1279 1908
1280 1306
1281 1786
1284 1579
1284 1603
1285 1803
1286 1475
1286 1807
1287 1396
1287 1826
1288 1637
1289 1641
1289 1800
1291 1917
1292 1592
1296 1886
1299 1934
1301 1783
1302 1892
1303 1609
1303 1788
1304 1652
1305 1762
1307 1856
1308 1994
1309 1780
1309 2000
1312 1605
1313 1910
1314 1868
1315 1611
1316 1381
1319 1548
1320 1507
1322 1999
1324 1502
1329 1580
1329 1995
1330 1352
1331 1952
1332 1654
1333 1415
1335 1857
1336 1890
1338 1434
1338 1553
1339 1798
1340 1552
1340 1709
1341 1578
1341 1901
1342 1782
1344 1519
1344 1752
1345 1477
1347 1371
1347 1872
1353 1951
1354 1625
1354 1831
1357 1897
1361 1978
1364 1747
1368 1472
1368 1488
1370 1570
1376 1576
1377 1524
1377 1856
1384 1918
1385 1512
1386 1576
1386 1678
1387 1688
1387 1905
1388 1667
1388 1817
1388 1929
1389 1595
1390 1860
1394 1751
1394 1953
1395 1601
1395 1631
1395 1895
1396 1465
1396 1618
1396 1686
1398 1657
1398 1776
1400 1951
1401 1956
1404 1900
1406 1424
1409 1490
1411 1942
1412 1455
1417 1499
1417 1595
1423 1988
1427 1457
1427 1532
1428 1716
1428 1889
1431 1525
1432 1544
1433 1970
1434 1559
1434 1697
1434 1702
1434 1775
1436 1726
1441 1572
1441 1576
1443 1534
1452 1546
1453 1580
1456 1681
1458 1544
1461 1705
1462 1626
1462 1798
1465 1564
1466 1894
1466 1965
1467 1924
1468 1715
1472 1523
1473 1771
1473 1871
1476 1898
1477 1584
1481 1881
1484 1915
1487 1789
1488 1865
1492 1857
1495 1581
1495 1593
1501 1571
1503 1927
1503 1943
1506 1881
1508 1752
1509 1821
1511 1963
1512 1617
1518 1937
1520 1650
1523 1695
1523 1784
1525 1661
1527 1658
1531 1813
1533 1585
1534 1828
1539 1772
1546 1734
1551 1577
1551 1862
1555 1657
1556 1612
1557 1733
1560 1667
1564 1704
1564 1822
1566 1892
1567 1818
1579 1584
1580 1647
1583 1822
1585 1691
1588 1589
1588 1774
1596 1864
1599 1626
1600 1690
1609 1704
1611 1658
1612 1936
1613 1853
1616 1807
1628 1995
1634 1847
1634 1995
1639 1706
1645 1876
1646 1943
1649 1915
1654 1918
1655 1671
1655 1890
1662 1760
1662 1845
1666 1857
1670 1752
1671 1751
1673 1782
1673 1933
1676 1833
1680 1983
1684 1983
1688 1952
1690 1728
1690 1875
1691 1826
1705 1907
1705 1974
1708 1884
1717 1760
1724 1876
1725 1890
1728 1901
1730 1763
1739 1747
1743 1980
1747 1851
1751 1797
1753 1948
1756 1841
1758 1981
1761 1873
1763 1894
1767 1834
1770 1849
1770 1963
1772 1919
1774 1780
1774 1786
1776 1909
1777 1845
1778 1867
1782 1852
1783 1792
1783 1825
1786 1936
1794 1954
1803 1870
1808 1948
1813 1851
1823 1888
1825 1890
1826 1851
1829 1963
1831 1976
1832 1854
1837 1954
1840 1965
1850 1916
1856 1913
1856 1982
1859 1983
1873 1913
1886 1930
1889 1918
1898 1919
1910 1969
1928 1970
1934 1964
1964 1986
