2000
2 700
3 163
3 473
3 1462
5 117
6 1885
7 1591
9 819
10 1925
11 103
13 530
13 1239
13 1247
13 1417
15 788
15 1266
16 629
16 1869
17 305
17 916
18 819
19 1296
20 366
21 446
21 707
22 424
22 1059
22 1344
22 1396
24 214
24 1837
27 341
27 384
27 1085
28 224
28 491
28 771
29 133
30 617
30 1422
31 950
32 664
32 1128
33 138
34 795
35 1929
36 1264
36 1642
36 1748
37 615
37 1979
38 1124
38 1485
39 1603
40 1527
40 1795
40 1868
41 1049
41 1335
41 1384
41 1677
41 1743
43 1509
43 1898
45 615
45 725
46 1078
46 1377
46 1866
47 842
48 610
48 1601
49 636
49 857
49 1124
49 1615
50 60
51 245
52 299
52 323
53 344
54 278
54 879
54 1050
54 1075
54 1288
55 1028
56 549
56 1821
57 274
58 90
58 1618
59 350
60 923
61 1311
62 722
63 137
63 1393
63 1879
64 1235
65 548
66 1106
66 1192
66 1984
67 172
68 588
69 141
69 1006
69 1222
70 237
70 790
70 1868
71 626
71 1758
72 1047
74 1104
74 1657
76 837
77 1125
78 949
78 1196
79 177
79 1257
79 1530
80 768
82 91
82 910
83 473
83 1952
85 396
85 523
85 1971
86 790
88 827
90 1870
91 1749
92 368
92 664
92 1399
92 1679
94 693
97 972
97 1581
98 783
100 1002
100 1241
100 1601
101 1232
101 1322
102 1095
102 1150
103 1737
105 1269
105 1627
106 173
106 1401
107 1714
108 1016
108 1794
108 1801
108 1858
109 936
109 1661
110 854
110 1985
111 1828
113 792
113 1419
114 798
114 1743
115 908
116 1675
117 1312
117 1945
118 712
119 1352
119 1919
120 1748
121 586
121 1632
121 1710
122 176
123 904
123 1399
124 1640
125 425
126 193
126 523
126 1536
127 143
128 315
129 1020
130 306
130 1363
132 1496
134 336
134 431
134 497
134 643
134 1076
136 1165
136 1734
137 975
138 379
138 1188
139 1035
140 1671
140 1751
140 1866
141 253
141 269
141 1386
142 1467
142 1532
143 692
143 924
143 1886
143 1943
145 1701
145 1905
146 953
148 691
148 1855
149 715
149 1148
149 1299
150 885
151 1879
152 742
152 1310
153 767
153 944
155 1716
156 258
156 977
156 1317
156 1474
157 803
157 1099
158 685
158 777
158 874
158 1257
159 410
159 1427
160 874
161 192
162 1554
162 1973
163 1821
164 979
166 779
166 1128
167 406
167 519
168 1098
171 1950
172 687
173 1199
174 1285
175 183
175 827
175 1304
176 989
177 340
177 1083
177 1580
177 1632
178 1632
179 702
180 577
180 606
180 1514
181 1964
182 1086
182 1129
183 1046
184 1236
185 1832
186 995
186 1257
186 1773
188 397
188 1630
189 1016
189 1866
189 2000
190 269
190 999
190 1988
191 1242
192 1092
192 1814
192 1914
193 667
194 549
194 1761
195 1828
196 1974
197 1299
198 221
199 266
199 370
199 1172
199 1351
201 1420
202 1430
203 275
203 1433
204 1387
205 579
205 889
207 364
207 594
208 711
208 997
208 1245
208 1484
209 1260
210 1296
211 224
211 386
211 448
211 1058
211 1760
212 1266
213 824
213 987
213 1230
214 733
214 1688
216 756
217 1352
217 1468
219 1310
219 1455
221 341
221 844
222 422
223 1750
224 300
226 789
227 893
227 1011
227 1880
228 711
228 1418
228 1992
229 702
229 1201
230 801
230 1070
231 786
231 1266
232 1191
234 1703
234 1954
235 1024
235 1257
237 574
238 1599
238 1712
239 470
239 712
240 637
241 432
241 871
241 1653
242 1192
242 1957
245 1136
249 985
249 1360
250 1095
251 745
251 1035
252 1250
253 739
254 878
254 1276
255 635
255 1882
256 602
256 1249
257 1043
257 1477
257 1728
257 1933
258 949
258 1698
258 1916
261 340
262 1006
264 1078
266 1736
267 893
267 1542
267 1647
267 1796
270 576
270 1699
271 405
273 383
273 1060
273 1585
275 1836
276 1482
277 355
277 1130
278 431
279 1195
280 385
281 1990
283 1710
284 1191
285 1304
286 1965
287 1787
287 1957
287 1967
288 948
289 1242
290 486
292 1723
292 1872
294 299
294 1525
295 646
296 467
296 571
296 1113
298 1049
298 1314
299 1447
301 1389
302 623
302 1717
302 1802
303 614
303 1081
303 1399
303 1876
305 1071
307 1257
309 1838
310 994
311 527
311 890
314 898
315 1628
317 601
318 1092
318 1293
319 1686
321 1686
322 784
322 1458
322 1887
323 814
323 899
323 1103
324 1276
326 909
326 1154
327 634
327 720
327 918
328 382
328 712
328 1840
329 1347
329 1651
329 1708
330 673
330 852
331 354
331 1607
334 959
334 1048
334 1107
334 1797
336 1604
337 748
338 597
339 357
339 946
341 911
344 1102
345 982
345 1692
346 904
346 1154
346 1742
347 1182
347 1502
350 639
350 800
350 1030
350 1860
351 1122
352 1316
353 1193
353 1236
354 1514
355 1272
355 1800
357 987
358 495
362 685
364 401
364 488
369 1611
370 420
370 573
370 796
370 1924
371 1316
372 507
372 1062
373 786
373 969
373 1258
373 1744
373 1912
374 591
374 1184
374 1649
375 879
375 1298
376 699
377 394
377 1549
378 814
378 1299
379 820
379 1051
380 535
380 1768
381 1436
381 1639
383 1576
384 925
385 1308
385 1622
386 1995
390 663
390 984
392 1373
393 859
393 1332
393 1675
393 1868
395 1080
396 1484
396 1945
398 639
398 880
398 1582
398 1988
400 736
400 1165
400 1794
401 1310
404 1392
405 443
405 478
405 1245
406 973
406 1000
406 1125
406 1502
406 1526
410 1401
412 633
414 1175
415 774
415 1286
416 624
417 1655
417 1812
417 1917
419 1294
421 572
422 822
422 853
422 1901
423 1240
424 1379
425 573
425 584
425 1513
426 988
426 1728
427 976
429 465
429 1839
430 1917
432 766
433 651
435 953
435 1224
437 602
437 1272
440 607
440 695
440 911
441 818
441 945
441 1253
442 1581
442 1970
445 493
446 806
447 1377
448 557
448 1390
448 1608
450 1217
451 538
452 1362
454 515
454 1522
454 1574
455 1073
456 608
456 1406
457 558
458 595
461 504
462 1918
463 1426
463 1784
464 1291
464 1623
464 1669
464 1938
465 1998
466 594
466 1467
467 1056
467 1678
468 981
473 1527
474 540
475 1682
475 1941
475 1951
476 1793
477 802
478 1177
478 1319
479 492
480 1594
481 1415
483 773
483 916
485 1670
485 1979
486 861
488 1226
489 860
490 738
490 874
491 587
491 726
491 1132
491 1731
492 1295
493 546
494 583
494 886
494 1404
496 1095
498 1761
499 961
500 1368
500 1694
500 1932
501 1450
501 1867
504 1920
506 538
507 887
507 1468
509 735
510 1082
511 1400
512 1074
512 1233
513 608
513 1383
514 629
514 893
516 1845
516 1907
518 1028
522 1130
523 1187
524 1766
525 627
525 1175
525 1716
526 1169
526 1305
528 1966
529 1316
529 1344
529 1651
529 1709
530 956
530 1202
530 1479
530 1540
530 1562
530 1929
531 943
531 1845
532 1799
533 635
533 1929
534 1653
535 1096
536 789
536 1352
538 992
539 865
540 1522
542 1072
544 1536
546 896
548 1032
549 1873
550 1119
551 1040
551 1761
554 716
554 801
554 1121
557 589
559 1255
559 1269
559 1853
560 1621
561 1232
562 769
562 783
565 1303
565 1847
566 1444
566 1579
567 706
568 1699
569 1787
569 1829
571 717
571 1043
572 612
572 1361
574 1271
574 1334
575 1324
575 1722
576 1486
578 1755
581 1501
581 1921
582 845
582 1206
585 754
585 1066
585 1632
586 1458
589 1798
591 1827
592 1370
597 793
598 1741
599 713
599 1540
601 1780
602 1481
603 689
603 1972
604 1558
605 986
606 695
606 755
609 1679
611 1935
612 1011
613 1213
614 1017
614 1987
615 1093
616 622
616 997
616 1951
617 732
618 718
619 992
621 661
621 1371
623 652
623 1140
623 1453
625 1795
626 977
628 1983
629 751
632 1110
632 1498
634 1312
638 890
642 1035
642 1148
642 1501
643 1723
645 1185
645 1575
646 1892
647 1252
649 1507
649 1857
651 885
652 1227
653 1377
654 979
655 1630
656 1153
658 1224
658 1994
660 1069
662 1831
663 1185
664 1288
666 1095
667 1028
667 1504
668 1827
669 1509
670 1023
672 752
673 1387
674 960
674 1345
674 1958
676 1551
680 1108
683 790
685 1201
686 998
688 1398
689 987
689 1524
690 1974
691 1144
691 1589
693 854
694 1843
695 727
696 697
697 809
697 1515
698 1351
698 1724
698 1870
698 1877
698 1913
698 1967
700 1919
703 1139
705 916
705 1052
705 1520
706 1592
706 1738
708 1175
709 1746
710 1953
711 921
713 807
713 1860
715 1147
716 1766
719 1223
719 1540
720 1955
721 1385
724 1457
725 1492
727 1171
729 902
729 1373
730 743
731 1478
732 1051
732 1640
733 816
733 996
733 1165
733 1623
734 1048
737 1923
737 1939
738 1163
740 820
741 1008
742 812
742 1199
743 753
744 1177
744 1717
746 777
746 983
747 893
748 758
749 1408
750 1141
752 1794
752 1828
752 1994
756 1143
758 1775
759 1935
761 1005
761 1287
761 1403
761 1521
761 1557
763 906
765 1335
765 1446
765 1549
766 923
767 779
767 1201
767 1819
768 916
769 1657
769 1877
770 917
770 1374
772 1998
774 841
774 1975
775 1892
777 1514
778 1044
778 1184
779 1111
779 1436
786 1009
788 1268
789 835
790 1290
790 1706
791 1736
793 888
793 1201
793 1555
799 890
799 1440
802 1480
802 1682
803 1442
806 1357
808 1988
810 878
810 1395
812 947
815 1670
815 1824
816 848
816 1003
816 1706
817 1147
818 858
819 1856
822 1121
822 1205
824 1585
824 1871
825 858
826 1618
827 1974
831 985
832 1932
833 838
833 1287
835 1006
835 1184
835 1826
837 959
838 1385
838 1785
838 1960
839 1051
841 1520
841 1700
842 1460
843 873
843 1210
843 1858
846 1963
847 918
847 998
849 1787
850 1826
851 942
851 1794
852 971
852 1025
853 1007
853 1333
854 1854
856 888
856 1796
856 1930
857 896
857 1376
859 943
860 1122
861 1310
864 1043
864 1555
865 958
867 1045
870 1167
873 1503
874 1242
875 1653
876 1119
878 920
880 1915
884 1167
885 1943
888 1793
889 1246
890 1262
891 1040
891 1849
892 1462
892 1883
895 1099
895 1809
896 1102
899 1131
899 1569
902 1383
902 1547
904 1300
904 1866
905 1244
905 1429
909 1376
910 1118
911 1659
912 1309
913 1809
915 1094
917 1314
922 1604
923 985
923 1406
924 1330
924 1990
926 957
927 1580
930 1793
933 1323
934 1585
935 1439
935 1481
938 1490
940 1222
940 1886
943 1826
945 1996
947 1173
948 1926
949 1929
950 1651
951 1556
953 1551
953 1991
954 1576
954 1579
956 1761
958 1600
963 1252
964 1018
965 1118
965 1652
966 1291
966 1318
966 1967
970 1491
971 1150
971 1548
971 1729
972 1102
972 1399
973 1444
976 1316
976 1426
979 1584
981 1507
984 1575
985 1638
986 1142
986 1560
992 1435
992 1603
993 1891
996 1729
997 1021
997 1396
998 1131
999 1269
1001 1190
1003 1421
1004 1583
1005 1305
1006 1158
1006 1656
1007 1928
1011 1610
1011 1919
1013 1260
1013 1898
1016 1564
1017 1573
1018 1528
1019 1574
1021 1694
1023 1422
1024 1587
1027 1801
1029 1034
1034 1438
1035 1813
1038 1183
1039 1154
1042 1689
1043 1578
1044 1384
1045 1100
1045 1935
1047 1746
1051 1422
1053 1066
1054 1333
1054 1677
1055 1964
1056 1700
1058 1363
1060 1958
1065 1563
1067 1672
1067 1801
1067 1975
1068 1132
1069 2000
1071 1974
1074 1598
1077 1185
1077 1364
1078 1260
1078 1483
1079 1458
1081 1578
1081 1679
1083 1323
1083 1901
1084 1361
1086 1208
1086 1245
1087 1875
1090 1981
1091 1844
1093 1506
1096 1582
1097 1680
1099 1516
1099 1825
1101 1650
1103 1566
1104 1158
1104 1469
1104 1471
1109 1819
1111 1886
1111 1907
1112 1626
1114 1138
1118 1192
1119 1898
1125 1380
1125 1453
1125 1486
1127 1392
1127 1491
1129 1481
1129 1906
1131 1594
1137 1374
1143 1399
1143 1717
1146 1621
1146 1645
1146 1841
1150 1290
1151 1635
1152 1391
1153 1617
1153 1959
1155 1236
1155 1852
1156 1183
1161 1339
1161 1728
1164 1560
1166 1299
1168 1784
1169 1704
1169 1795
1173 1273
1174 1214
1174 1587
1175 1261
1177 1227
1177 1493
1179 1742
1180 1408
1183 1516
1183 1690
1184 1263
1187 1393
1188 1577
1189 1658
1193 1447
1193 1793
1199 1512
1200 1927
1201 1785
1202 1216
1202 1958
1203 1430
1205 1474
1209 1407
1212 1963
1214 1449
1216 1341
1217 1318
1219 1708
1219 1867
1222 1455
1222 1983
1223 1284
1226 1354
1226 1829
1227 1522
1231 1336
1235 1271
1235 1674
1236 1972
1242 1809
1245 1689
1247 1574
1247 1826
1250 1572
1251 1360
1255 1568
1260 1639
1263 1544
1264 1917
1271 1694
1278 1959
1280 1778
1282 1288
1284 1349
1284 1894
1287 1822
1288 1991
1290 1796
1291 1309
1294 1345
1294 1787
1294 1895
1295 1608
1296 1375
1296 1722
1296 1727
1298 1504
1298 1898
1303 1386
1304 1560
1307 1872
1310 1546
1312 1415
1312 1531
1312 1982
1315 1797
1321 1991
1324 1390
1326 1413
1330 1480
1331 1753
1332 1380
1334 1354
1334 1520
1335 1464
1340 1677
1342 1501
1344 1968
1351 1791
1357 1660
1357 1837
1358 1868
1362 1549
1370 1720
1372 1464
1376 1629
1380 1896
1381 1550
1385 1946
1387 1953
1388 1450
1394 1677
1397 1647
1402 1812
1407 1681
1411 1585
1412 1671
1416 1837
1419 1804
1422 1963
1428 1535
1428 1758
1432 1454
1433 1993
1437 1878
1442 1933
1444 1827
1447 1523
1450 1974
1451 1924
1454 1470
1456 1839
1463 1636
1469 1645
1470 1678
1470 1723
1473 1849
1475 1577
1476 1909
1481 1585
1481 1750
1482 1732
1482 1798
1483 1605
1487 1877
1489 1550
1494 1496
1497 1931
1499 1900
1504 1811
1507 1717
1509 1739
1510 1922
1513 1684
1515 1731
1515 1927
1523 1535
1523 1551
1524 1768
1525 1838
1526 1614
1528 1936
1529 1991
1532 1643
1538 1983
1558 1629
1572 1612
1574 1676
1583 1957
1591 1936
1592 1910
1597 1935
1600 1689
1601 1914
1603 1684
1603 1896
1604 1966
1612 1680
1620 1875
1629 1814
1632 1784
1639 1718
1641 1648
1644 1767
1646 1647
1656 1938
1657 1736
1657 1786
1660 1847
1668 1863
1670 2000
1673 1713
1685 1706
1696 1962
1706 1842
1706 1942
1708 1746
1713 1822
1718 1918
1721 1741
1724 1740
1735 1868
1738 1818
1739 1990
1744 1888
1771 1841
1774 1818
1791 1940
1796 1975
1799 1976
1801 1896
1803 1999
1810 1901
1844 1872
1848 1860
1858 1865
1880 1897
1884 1922
1889 1946
1914 1973
1917 1938
1974 1995
