2000
1 694
1 821
1 886
1 909
1 982
1 1090
1 1693
2 3
2 117
2 419
2 1053
2 1173
2 1398
2 1660
2 1752
2 1925
3 364
3 549
3 728
3 997
3 1191
3 1557
3 1662
4 114
4 215
4 309
4 396
4 956
4 1018
4 1115
5 187
5 240
5 469
5 916
5 925
5 1827
6 45
6 356
6 497
6 1158
6 1177
6 1528
6 1720
7 1200
7 1649
7 1707
8 79
8 873
8 1144
8 1709
8 1805
8 1983
9 132
9 441
9 800
9 1100
9 1128
9 1768
9 1895
10 58
10 96
10 803
10 928
11 272
11 509
11 766
11 978
11 1124
11 1230
11 1318
11 1527
11 1708
11 1760
12 311
12 486
12 601
12 1075
12 1402
12 1584
12 1964
13 80
13 441
13 664
13 938
13 1376
13 1962
14 324
14 332
14 392
14 761
14 907
14 1369
15 28
15 214
15 311
15 1319
15 1322
15 1352
15 1807
15 1866
15 1940
16 123
16 258
16 267
16 1169
16 1535
16 1573
16 1737
16 1826
16 1861
17 138
17 851
17 949
17 1009
17 1100
17 1917
18 293
18 345
18 545
18 580
18 902
18 1055
19 1206
19 1593
20 72
20 445
20 1387
20 1392
20 1690
21 1090
21 1233
21 1447
22 727
22 1702
22 1734
23 530
23 1330
24 304
24 913
24 1143
24 1540
24 1704
25 266
25 1334
25 1618
25 1669
25 1676
26 421
26 630
26 644
26 655
26 1342
27 175
27 453
27 476
27 960
27 1695
27 1698
27 1801
28 55
28 479
28 644
28 774
28 871
28 887
28 1255
28 1288
28 1592
28 1851
29 703
29 767
29 771
29 966
30 477
30 1007
30 1061
31 57
31 82
31 914
32 1074
32 1204
32 1212
32 1307
32 1702
32 1972
33 1020
33 1056
33 1481
34 392
34 631
34 671
34 787
34 1148
34 1157
34 1803
35 147
35 365
35 661
35 824
35 1365
35 1369
35 1725
35 1868
36 932
36 1352
36 1773
37 67
37 99
37 805
37 808
37 1451
37 1574
38 42
38 527
38 871
38 1724
38 1732
38 1884
39 669
39 1160
39 1220
39 1715
39 1989
40 55
40 88
40 670
40 752
40 1335
40 1516
40 1754
41 86
41 1631
41 1718
42 275
42 345
42 534
42 1082
42 1379
42 1668
42 1752
42 1793
42 1980
43 930
43 1616
43 1915
44 512
44 1424
44 1742
44 1785
45 78
45 202
45 1122
45 1834
46 273
46 491
46 673
46 832
46 929
46 994
46 1091
46 1645
47 731
47 955
47 965
47 1519
47 1906
48 444
48 632
48 857
48 1525
48 1582
48 1714
48 1931
48 1937
49 701
49 1096
49 1246
49 1277
50 770
50 1404
50 1410
50 1681
50 1846
51 893
51 945
51 972
52 564
52 852
52 972
52 1217
53 340
53 343
53 660
53 908
53 1311
53 1440
54 78
54 95
54 679
54 819
54 897
54 925
54 1043
54 1230
54 1284
54 1360
55 1277
55 1692
56 68
56 75
56 849
56 931
56 1445
56 1524
56 1623
57 1177
57 1293
57 1462
57 1783
58 483
58 1898
58 1984
59 300
59 314
59 534
59 896
59 1534
59 1649
59 1937
59 1951
60 76
60 348
60 912
60 1328
60 1552
60 1585
61 475
61 725
61 1988
62 201
62 976
62 1257
62 1686
63 198
63 1065
63 1194
65 375
65 441
65 587
65 760
65 776
65 833
65 1471
66 607
66 1441
66 1619
66 1710
66 1748
67 271
67 282
67 569
67 1950
68 361
68 561
68 1272
69 229
69 409
69 531
69 648
69 1502
70 662
70 1028
70 1583
70 1674
71 1022
71 1135
71 1208
71 1321
71 1390
71 1594
71 1689
72 478
72 807
72 1067
72 1708
73 868
73 932
73 1570
73 1785
73 1897
74 1116
74 1137
74 1917
75 127
75 1248
75 1734
76 1335
76 1693
77 582
77 876
77 1342
77 1841
77 1965
78 516
78 873
78 1086
78 1311
78 1325
78 1618
79 179
79 221
79 1062
79 1534
80 209
80 336
80 416
80 421
80 510
80 1219
80 1453
81 401
81 1074
81 1804
81 1952
81 1961
82 191
82 408
82 692
82 1041
83 368
83 664
83 1716
84 170
84 1143
84 1290
84 1910
85 207
85 499
85 564
85 1136
85 1830
86 199
86 346
86 857
86 1453
86 1935
87 157
87 593
87 658
87 709
87 875
87 932
87 1196
87 1625
88 198
88 228
88 624
88 733
88 1315
89 963
89 973
89 1244
89 1382
89 1963
90 330
90 486
90 1090
90 1287
91 126
91 194
91 668
91 1554
92 301
92 485
92 900
92 1525
93 299
93 445
93 747
93 990
93 1360
93 1739
93 1753
93 1833
94 213
94 300
94 497
94 810
94 1478
94 1708
94 1935
95 146
95 415
95 563
95 708
95 762
95 838
95 1636
95 1808
96 566
96 1077
96 1165
97 179
97 1172
97 1298
98 290
98 308
98 675
98 718
98 1079
98 1503
98 1801
98 1847
98 1917
99 838
99 1062
99 1581
100 874
100 1249
100 1686
101 123
101 513
101 559
101 1250
101 1364
101 1388
101 1465
101 1968
102 149
102 563
102 1308
102 1429
103 506
103 1089
103 1223
103 1548
104 357
104 468
104 577
104 727
104 849
104 962
104 1133
104 1977
104 1994
105 192
105 427
105 615
105 1213
105 1634
106 838
106 1379
106 1513
107 192
107 305
107 1272
108 224
108 488
108 1896
109 465
109 527
110 323
110 500
110 589
110 1440
110 1697
110 1787
111 224
111 365
111 607
111 1230
111 1576
111 1735
112 261
112 965
112 1121
112 1249
112 1382
112 1466
112 1474
112 1537
112 1685
112 1754
112 1879
113 1216
113 1547
113 1679
114 348
114 523
114 732
114 771
114 1297
115 160
115 378
115 1396
115 1979
116 273
116 634
116 802
116 936
116 1400
116 1550
116 1964
117 453
117 560
117 1460
118 934
118 1284
118 1432
119 1374
120 480
120 630
120 1126
120 1556
120 1853
121 272
121 663
121 853
121 1221
121 1515
121 1778
122 239
122 841
122 877
122 1004
122 1095
123 405
123 647
123 723
123 1259
124 257
124 532
124 838
124 1107
124 1833
125 1234
125 1593
125 1727
125 1813
126 623
126 948
126 1237
127 584
127 588
127 1006
127 1065
128 428
128 591
128 892
128 1692
129 1050
129 1476
129 1712
129 1854
130 1095
130 1112
130 1251
130 1365
130 1832
131 237
131 376
131 900
131 1613
132 1084
132 1584
132 1634
132 1691
132 1757
132 1937
133 328
133 617
133 1392
133 1772
134 192
134 707
134 1077
134 1087
135 250
135 523
135 1283
135 1311
135 1649
135 1732
135 1824
136 1388
136 1510
136 1887
137 472
137 646
137 894
137 1263
137 1575
137 1885
138 669
138 775
138 1358
138 1545
138 1610
138 1804
139 1622
139 1688
140 219
140 270
140 397
140 495
140 614
140 930
140 1643
141 168
141 352
142 497
142 1010
143 554
143 680
143 1531
143 1774
144 1172
144 1235
144 1639
144 1784
145 509
145 1142
145 1398
145 1681
145 1807
145 1850
145 2000
146 337
146 1178
146 1884
146 1929
147 392
147 809
147 1428
148 324
148 360
148 1010
148 1418
148 1709
149 183
149 1058
149 1136
150 349
150 948
150 964
150 1145
150 1235
150 1639
150 1890
151 218
151 719
151 1025
151 1064
151 1101
152 314
152 424
152 484
152 517
152 698
152 723
152 736
152 742
152 823
152 867
152 1251
152 1486
152 1505
152 1707
152 1942
153 360
153 1379
153 1831
153 1856
154 237
154 420
154 501
154 800
154 1083
154 1188
154 1314
154 1391
154 1950
155 813
156 216
156 1244
156 1712
156 1988
156 1992
156 1995
157 810
158 294
158 480
158 869
158 1190
158 1527
158 1865
159 836
159 1079
160 1185
160 1293
160 1617
160 1648
161 256
161 518
161 528
161 1088
161 1608
162 460
162 971
162 1772
163 429
163 1587
163 1701
164 566
164 934
164 987
164 1049
164 1392
164 1724
165 210
165 424
165 631
165 1630
166 1326
166 1476
166 1630
166 1936
167 486
167 628
168 618
168 1567
168 1652
168 1674
169 374
169 379
169 690
169 1019
169 1576
170 728
170 761
170 1216
170 1221
170 1230
170 1801
171 189
171 290
171 705
171 1246
171 1296
171 1360
171 1431
171 1527
171 1542
171 1685
171 1704
171 1761
172 415
172 665
172 995
172 1048
172 1506
172 1621
172 1745
172 1928
173 344
173 400
173 760
173 986
173 1081
173 1205
173 1245
173 1390
173 1651
173 1758
173 1849
174 186
174 205
174 545
174 1038
174 1661
175 585
175 1893
176 275
176 547
176 906
176 1429
177 357
177 1117
177 1717
177 1943
178 236
178 997
178 1188
178 1409
178 1476
178 1594
179 966
179 1632
179 1655
180 1275
181 290
181 736
181 1081
182 731
182 792
182 1598
182 1784
183 532
183 647
183 922
183 1153
183 1267
183 1268
183 1752
184 196
184 401
184 854
184 1586
185 267
185 399
185 1806
185 1942
186 247
186 455
186 637
186 1219
186 1425
186 1535
187 735
187 1307
187 1504
187 1616
187 1814
187 1840
188 495
188 676
189 248
189 323
189 973
189 1182
189 1262
189 1296
189 1364
189 1390
189 1413
189 1814
189 1833
190 546
190 1595
191 519
191 890
191 1365
191 1493
191 1555
192 1234
192 1480
192 1673
193 565
193 655
193 1537
194 229
194 409
194 692
194 1138
194 1336
194 1442
194 1951
195 311
195 835
195 1076
195 1224
195 1282
195 1304
195 1710
195 1975
196 296
196 325
196 804
196 1127
197 463
197 1246
198 527
198 1138
198 1560
198 1831
199 714
199 1131
199 1674
200 594
200 860
200 874
200 1785
200 1973
201 345
201 903
201 1520
201 1522
201 1560
201 1838
201 1878
202 337
202 349
202 407
202 779
202 801
202 1561
202 1613
203 994
203 1007
203 1118
204 1131
204 1167
204 1334
204 1584
204 1673
204 1936
205 267
205 690
206 896
206 1617
206 1729
207 359
207 729
207 774
207 1168
207 1508
208 350
208 879
208 1064
208 1234
209 511
209 834
209 894
209 1585
209 1977
210 218
210 225
210 1135
210 1154
211 852
211 1186
211 1195
211 1295
211 1748
211 1774
212 706
212 1131
212 1306
212 1336
212 1778
212 1860
213 627
213 834
213 1557
214 428
214 646
214 650
214 721
214 1651
214 1780
215 682
215 983
215 1350
215 1994
216 475
216 644
216 1281
217 518
217 596
217 1202
217 1500
217 1621
218 1188
219 390
219 626
219 957
220 296
220 533
220 591
220 1165
220 1674
220 1761
220 1834
220 1871
220 1985
221 287
221 607
221 765
221 1109
221 1128
221 1496
222 298
222 772
222 1286
222 1485
222 1979
223 469
223 750
224 277
224 837
224 1199
224 1545
225 449
225 621
225 1299
225 1508
225 1700
226 343
226 1060
226 1964
227 459
227 599
228 676
228 1284
229 877
230 1789
230 1809
231 486
231 633
231 1978
232 490
232 614
232 768
232 1038
232 1190
232 1499
232 1571
232 1865
232 1988
233 283
233 473
233 513
233 657
233 1548
233 1898
234 281
234 343
234 512
234 1121
234 1242
234 1954
234 1971
235 249
235 793
235 1632
235 1737
235 1998
236 253
236 277
236 372
236 1665
236 1781
237 1581
238 828
238 1229
238 1316
238 1325
238 1764
239 998
239 1144
240 493
240 1318
240 1338
241 489
241 515
241 567
241 1216
241 1855
242 591
242 700
242 703
242 736
242 1672
242 1758
242 1878
243 569
243 583
243 654
243 934
243 1513
243 1555
243 1892
244 446
244 1251
245 962
245 1887
246 314
246 601
246 1012
246 1364
246 1869
247 413
247 551
247 1308
247 1379
247 1412
247 1721
248 456
248 639
248 857
248 935
248 1229
248 1467
248 1958
249 713
249 742
249 1653
249 1699
250 363
250 518
250 679
250 916
250 1263
251 332
251 562
251 931
251 1000
251 1749
252 771
252 1525
253 536
253 766
253 1447
254 441
254 964
254 1236
254 1422
254 1426
254 1898
255 333
255 776
255 1478
255 1652
256 394
256 908
256 1494
256 1620
256 1687
256 1719
257 312
257 1118
257 1642
257 1668
257 1991
258 515
258 951
258 1122
258 1170
258 1362
258 1524
258 1688
259 365
259 389
259 1205
260 1321
260 1395
260 1755
261 438
261 1579
261 1960
262 593
262 1051
262 1569
263 419
263 458
263 714
263 1507
263 1542
264 817
264 911
264 1315
264 1380
264 1456
264 1523
264 1950
264 1961
265 650
265 1168
266 831
266 1455
266 1527
267 1110
267 1213
267 1814
268 468
268 1450
269 531
269 711
269 1389
269 1454
269 1484
270 607
270 1075
270 1361
270 1487
271 327
271 629
271 977
271 1381
271 1889
272 356
272 597
272 915
272 1585
272 1851
273 299
273 321
273 510
273 606
273 830
273 1011
273 1276
274 374
274 490
274 536
274 636
274 752
274 1018
274 1639
274 1781
275 667
275 668
275 805
275 839
275 869
275 974
275 983
275 1060
275 1661
276 426
276 1085
276 1364
276 1401
276 1602
277 386
277 392
277 802
277 1187
277 1981
278 1627
279 387
279 1198
279 1450
279 1705
280 473
280 494
280 1760
281 509
281 808
281 1428
281 1722
281 1845
281 1940
282 540
282 622
282 1702
282 1959
282 1981
282 1988
283 425
283 907
283 1550
284 826
284 847
284 1166
284 1187
284 1260
285 307
285 1128
285 1548
286 733
286 1241
286 1491
286 1494
286 2000
287 1009
287 1195
287 1401
287 1523
287 1531
287 1562
287 1962
288 401
288 979
288 1183
288 1753
288 1978
289 421
289 1506
289 1980
290 441
290 1050
290 1175
290 1249
290 1443
291 553
291 584
291 641
291 1284
291 1416
291 1485
291 1685
291 1819
291 1865
292 635
292 899
292 935
292 1498
293 500
293 814
293 878
293 1024
294 724
295 982
295 1033
295 1452
295 1696
295 1804
296 328
296 359
296 547
296 596
296 794
296 1036
296 1712
296 1933
297 326
297 433
297 481
297 797
297 1360
297 1414
297 1798
297 1914
298 1123
298 1173
298 1695
299 306
299 801
299 810
299 914
299 1307
300 542
300 1379
300 1828
300 1968
301 351
301 930
301 1093
301 1454
301 1610
302 745
302 939
302 987
302 1067
302 1858
303 331
303 483
303 515
303 579
303 996
303 1079
303 1626
303 1636
303 1689
303 1905
303 1955
304 593
305 627
305 821
305 1624
305 1995
306 904
306 1078
306 1127
306 1136
306 1424
306 1795
307 600
307 1073
307 1765
307 1880
308 952
308 1816
309 337
309 537
310 652
310 808
310 1201
311 422
311 689
311 1353
311 1439
311 1473
312 406
312 587
312 803
312 1038
312 1082
312 1226
312 1311
312 1591
312 1750
313 321
313 536
313 771
313 1150
314 838
314 893
314 926
314 1067
314 1318
314 1969
315 435
315 592
315 706
315 1373
315 1521
316 961
316 1171
316 1991
317 546
317 1481
317 1515
317 1926
318 432
318 565
318 950
318 1718
319 532
319 1247
319 1812
320 432
320 850
321 462
321 521
321 560
321 775
321 1331
321 1489
322 864
322 868
322 1338
322 1423
322 1788
323 325
323 833
323 987
323 1327
324 995
324 1034
324 1454
325 584
325 594
325 1017
325 1789
325 1916
326 855
326 1084
326 1556
326 1668
327 863
327 1789
328 1325
328 1382
328 1949
330 431
330 1377
330 1581
330 1655
331 1692
332 353
332 735
332 810
332 1982
333 1835
334 396
334 524
334 880
334 1116
335 774
335 1318
335 1714
335 1717
336 718
336 719
336 1166
337 1288
338 512
338 531
338 721
339 1306
339 1478
339 1613
339 1803
340 447
340 859
341 1615
341 1732
341 1970
342 536
342 1254
342 1470
342 1797
342 1834
343 1186
343 1334
343 1415
343 1779
344 361
344 670
344 834
344 1080
344 1883
345 464
345 1655
346 639
346 1969
346 1977
347 376
347 1165
347 1820
347 1974
348 716
348 1898
349 743
349 1215
350 387
350 433
350 850
350 912
350 1110
350 1189
350 1828
351 519
351 912
351 998
351 1073
351 1123
351 1415
352 354
352 686
352 796
352 1244
353 764
353 1010
354 467
355 521
355 590
355 1455
355 1596
355 1601
356 423
356 624
356 1003
356 1217
356 1222
356 1618
356 1719
357 823
357 1589
358 1029
359 602
359 955
359 969
360 602
360 754
360 1430
361 925
361 1136
361 1979
362 1472
362 1782
363 420
363 674
363 830
364 474
364 525
364 886
364 929
364 1561
365 591
365 1089
365 1208
365 1731
366 729
366 764
366 910
366 1965
366 1982
367 487
367 1041
367 1280
367 1541
367 1653
367 1737
367 1955
368 1028
368 1062
368 1697
368 1949
369 827
369 904
369 1175
369 1755
370 486
370 810
370 1411
370 1826
371 477
371 893
371 954
371 1584
371 1821
372 433
373 769
373 1668
373 1772
373 1860
374 827
374 829
374 877
374 927
374 1278
374 1680
374 1717
376 415
376 430
376 1022
376 1366
376 1505
376 1664
377 379
377 638
377 785
377 948
377 1009
377 1179
378 1264
378 1390
378 1401
378 1708
378 1727
379 729
379 783
379 1210
379 1566
379 1908
380 881
380 1091
380 1246
380 1773
380 1850
381 1387
381 1395
381 1889
382 739
382 849
382 1089
382 1181
382 1206
382 1431
382 1813
384 1423
385 774
386 587
386 590
386 1258
386 1714
386 1736
386 1853
387 617
387 1675
388 448
388 541
388 602
388 998
388 1383
388 1570
388 1735
389 1468
389 1853
390 396
390 435
390 1704
390 1789
390 1964
391 424
391 448
391 753
392 1044
392 1294
392 1680
392 1784
392 1785
392 1980
393 834
393 918
393 932
393 1194
393 1847
394 561
394 842
394 994
394 1411
394 1430
395 646
395 840
395 1008
395 1901
396 1275
396 1343
396 1810
397 503
397 658
397 1405
397 1628
398 1012
398 1821
399 694
399 1168
399 1223
399 1274
399 1323
399 1413
399 1679
399 1728
400 650
400 827
400 925
400 1103
400 1106
400 1848
400 1855
400 1964
401 810
401 1491
401 1921
402 997
402 1130
403 556
403 645
403 1531
403 1560
403 1708
404 1715
404 1735
404 1819
404 1911
405 486
405 1503
405 1896
406 782
406 784
406 1473
407 515
407 694
407 802
407 956
407 957
407 1064
407 1174
407 1695
407 1806
407 1877
408 1575
408 1919
409 1837
410 1317
410 1524
411 698
411 1046
411 1253
411 1344
412 679
412 1193
412 1223
412 1508
412 1703
413 527
413 752
413 883
413 1079
413 1158
413 1367
413 1456
414 555
414 714
414 1223
414 1866
414 1936
415 514
415 856
415 1132
415 1169
416 515
416 536
416 699
416 1068
416 1124
416 1470
417 1034
417 1274
417 1381
417 1857
418 616
418 1086
418 1435
418 1582
418 1595
419 1781
419 1935
420 784
420 1025
420 1171
420 1940
422 454
422 1131
422 1172
422 1701
422 1747
422 1872
422 1885
423 1386
423 1452
424 1039
424 1150
424 1380
425 598
425 1067
425 1131
425 1176
426 528
426 1420
426 1449
426 1791
426 1939
427 705
427 941
427 970
427 1267
428 534
428 662
428 1266
428 1789
429 675
429 808
429 941
429 1241
430 581
430 826
430 857
430 1136
430 1376
430 1564
430 1734
430 1961
431 548
431 1236
431 1379
431 1478
432 646
432 1032
432 1163
432 1270
433 936
433 1275
433 1396
433 1543
434 530
434 1007
434 1203
435 716
435 1537
436 480
436 1529
436 1609
437 468
437 1300
438 1146
438 1274
438 1590
438 1611
438 1768
438 1773
438 1801
438 1991
439 623
439 1791
440 653
440 813
440 1345
440 1768
441 1308
441 1342
441 1551
442 1929
443 1103
443 1156
443 1361
443 1464
443 1773
444 796
444 922
444 1250
444 1509
445 607
445 867
445 980
445 1509
445 1923
445 1943
446 711
446 743
446 927
446 1163
446 1842
447 620
447 897
447 1816
448 485
448 498
448 1098
449 826
449 1147
449 1234
449 1472
450 991
450 1346
450 1693
451 706
451 952
451 1191
452 1179
452 1424
452 1834
453 972
453 1763
453 1799
454 941
454 1874
455 1211
455 1488
455 1803
455 1970
456 614
456 1014
456 1498
456 1573
456 1601
456 1803
457 967
457 1120
457 1148
457 1479
457 1894
458 945
458 1022
458 1119
459 588
459 1148
459 1590
460 477
460 546
460 1132
460 1153
460 1498
460 1733
461 713
461 1437
461 1538
462 1555
462 1991
463 655
463 865
463 1117
463 1262
463 1783
464 752
464 897
464 961
464 1209
464 1629
465 471
465 1420
466 482
466 662
466 1611
466 1811
466 1839
466 1984
467 536
467 599
467 1520
467 1604
467 1792
468 834
468 1107
468 1163
468 1183
468 1292
468 1617
468 1871
469 917
469 1182
470 591
470 655
470 857
470 894
470 975
470 1279
471 922
471 1065
471 1174
471 1242
471 1324
471 1603
472 1120
472 1237
472 1413
473 661
473 979
473 997
473 1303
473 1970
474 523
474 534
474 1210
474 1301
474 1393
475 624
475 731
475 900
475 903
475 1031
475 1486
475 1545
475 1607
475 1834
475 1869
476 939
476 1373
477 983
477 1175
477 1949
478 560
478 625
478 709
478 1574
478 1759
479 792
479 1172
479 1443
479 1484
479 1998
480 734
480 1257
480 1263
480 1289
480 1324
480 1392
481 843
481 915
481 1626
481 1717
481 1960
482 533
482 883
482 902
482 1162
482 1259
482 1309
482 1709
482 1903
483 1582
483 1586
485 1213
485 1951
486 1054
486 1875
486 1935
487 542
487 556
487 574
487 725
487 1144
487 1160
487 1259
488 532
489 675
489 704
489 844
489 1161
489 1201
489 1243
489 1297
489 1748
490 754
490 1258
490 1797
491 597
491 728
491 771
491 852
491 876
491 1116
491 1223
491 1284
492 1060
493 987
494 822
494 1038
494 1592
494 1681
494 1980
495 577
495 1639
496 1015
496 1936
497 843
497 878
497 966
497 1207
497 1354
498 847
498 1430
499 834
499 1220
499 1603
500 1518
500 1968
501 1578
501 1923
502 524
502 1284
502 1460
502 1580
504 700
504 1771
504 1897
505 556
505 755
505 1943
506 1605
506 1781
507 636
507 1258
507 1501
507 1542
508 1058
508 1566
509 1251
509 1831
509 1868
510 984
510 1173
510 1674
510 1975
511 514
511 568
511 1092
512 912
512 1123
512 1913
513 660
513 1289
513 1345
513 1461
513 1493
513 1903
514 1200
514 1612
515 642
515 741
515 908
515 1330
516 759
516 1204
516 1350
516 1397
516 1459
516 1831
517 1123
517 1452
517 1585
518 643
518 1057
519 737
519 1817
519 1842
519 1863
519 1934
519 1979
520 927
520 1098
520 1253
520 1836
521 1311
521 1670
522 556
522 1087
522 1431
522 1657
523 733
523 943
523 999
523 1641
524 1067
524 1094
524 1323
524 1913
525 1050
526 931
526 1044
526 1254
526 1876
527 1295
527 1772
527 1799
527 1803
528 627
528 1436
528 1557
528 1870
530 1236
530 1440
532 650
532 709
532 869
532 990
532 1025
532 1048
532 1136
532 1242
532 1548
533 1214
533 1241
533 1307
533 1733
533 1981
534 741
534 1178
534 1208
535 1084
535 1619
535 1871
535 1886
536 735
536 1324
537 1845
537 1862
538 544
538 658
538 1442
539 1240
540 756
542 851
542 862
542 1180
542 1905
543 720
543 1081
543 1490
544 1189
544 1221
545 606
545 648
545 661
545 727
545 845
545 1461
546 594
546 614
546 904
546 985
546 1406
546 1738
547 662
547 865
548 1194
548 1195
549 570
549 783
549 867
549 1595
549 1706
549 1811
549 1816
550 1808
551 1081
551 1255
552 975
552 1044
552 1344
552 1966
553 793
553 863
553 1205
553 1349
553 1510
554 1813
554 1973
554 1996
555 1201
555 1241
555 1907
555 1982
556 613
556 1532
556 1578
556 1629
557 664
557 920
557 1199
558 694
558 715
558 1084
559 640
559 816
559 1614
560 631
560 1680
561 923
561 1192
561 1310
561 1460
561 1677
561 1705
562 828
562 965
562 1133
562 1451
562 1589
563 851
563 877
563 1328
563 1762
564 921
564 1426
564 1444
564 1462
564 1697
564 1739
564 1756
566 812
566 1178
566 1333
566 1524
566 1766
567 823
567 1101
567 1959
568 843
569 1916
570 703
570 1384
570 1404
570 1439
570 1614
571 747
571 1319
571 1902
573 1681
574 676
574 873
574 1031
575 704
575 844
575 1057
575 1500
575 1679
575 1686
576 1060
576 1249
576 1759
577 1079
577 1741
578 935
578 1978
579 807
579 1255
579 1313
579 1383
579 1554
579 1723
579 1724
580 635
580 792
580 1611
581 887
581 1067
581 1281
581 1865
582 808
582 839
582 1089
582 1150
583 938
583 1147
583 1362
584 979
584 1145
584 1213
584 1353
584 1362
584 1375
585 960
585 1288
585 1439
585 1891
586 599
586 1353
586 1586
586 1604
586 1749
586 1819
586 1919
587 815
587 824
587 1244
587 1894
587 1959
588 720
588 1177
589 1093
590 983
590 1051
590 1627
590 1747
590 1797
590 1921
592 666
592 682
592 1565
593 696
593 798
593 1061
593 1971
594 1366
594 1542
595 878
595 1860
595 1985
596 654
596 666
596 719
596 741
596 900
596 1048
596 1235
596 1731
597 1518
597 1583
597 1697
598 644
598 1234
598 1384
598 1585
599 635
599 645
599 653
599 752
599 1529
599 1589
600 625
600 854
600 903
600 1591
600 1827
600 1850
600 1859
600 1869
601 790
601 858
601 950
601 1143
602 1259
602 1334
602 1682
602 1713
603 1367
603 1569
603 1663
603 1700
603 1773
603 1976
604 1312
604 1336
604 1877
605 802
606 998
606 1204
606 1587
607 709
607 1196
607 1241
608 1216
609 678
609 948
609 1002
609 1681
609 1722
609 1912
609 1984
610 711
610 896
610 1441
610 1807
611 1065
612 1438
612 1756
613 814
613 1238
613 1268
613 1276
613 1496
613 1527
614 768
614 1200
614 1347
615 751
615 861
615 1133
615 1468
615 1672
615 1796
615 1808
616 977
616 1136
616 1473
617 900
618 776
618 1088
618 1620
618 1972
619 950
619 1936
620 963
620 1157
620 1252
620 1999
621 1719
621 1844
622 1811
623 1411
623 1464
624 1107
624 1134
624 1546
624 1999
625 852
625 903
625 909
625 1623
625 1820
626 744
626 1671
627 658
627 1146
627 1755
627 1923
628 1769
628 1872
629 865
630 836
630 953
630 1218
631 719
631 775
631 1151
631 1940
631 1990
632 842
632 1054
632 1526
632 1540
633 1429
633 1861
634 645
634 984
634 1752
634 1753
634 1983
635 938
635 1367
636 1247
636 1401
636 1736
636 1987
636 1993
637 649
637 850
637 1329
637 1548
637 1981
638 1158
638 1347
638 1434
638 1561
639 801
640 1044
640 1420
640 1896
640 1901
640 1923
641 1431
642 779
642 1065
642 1092
642 1188
642 1361
642 1775
642 1928
643 796
643 939
643 1650
643 1677
644 771
644 1437
644 1505
644 1668
644 1901
644 1907
645 754
645 1225
645 1483
645 1698
645 1709
645 1971
646 1098
646 1332
646 1900
647 748
647 1354
647 1497
647 1721
647 1861
648 941
648 982
648 1547
648 1632
648 1721
649 724
649 852
649 984
649 1174
649 1303
649 1359
649 1616
650 724
650 739
650 975
650 1114
650 1374
650 1501
651 800
651 949
651 1145
652 658
652 685
652 1719
652 1786
652 1845
653 1033
653 1192
653 1729
653 1756
654 997
654 1781
655 933
655 992
656 735
656 928
656 1883
656 1891
657 689
657 695
657 1097
657 1133
657 1180
657 1226
657 1987
658 683
658 1920
659 972
659 1028
659 1308
660 1004
660 1471
660 1595
661 1576
661 1956
662 1655
663 720
663 874
663 877
663 1622
663 1990
664 1172
664 1604
664 1626
664 1692
665 893
665 1269
665 1438
665 1751
666 1373
666 1767
667 692
667 1742
668 1136
668 1194
668 1832
669 873
669 1069
669 1438
669 1578
670 1555
670 1677
670 1792
671 830
671 1467
671 1665
672 738
672 1898
673 774
673 840
673 943
674 1492
674 1597
674 1779
674 1801
675 960
675 1890
676 679
676 945
676 1235
676 1754
677 871
677 1594
677 1663
677 1845
677 1876
678 808
679 684
679 838
679 1281
679 1751
679 1766
680 947
681 1395
681 1462
682 725
682 909
682 1577
682 1835
682 1881
683 778
683 853
683 981
683 1261
683 1394
683 1752
684 1238
684 1470
684 1538
684 1539
684 1674
684 1696
685 1185
685 1240
685 1958
686 1480
686 1646
686 1817
687 720
687 811
687 1133
687 1348
687 1709
688 1306
688 1722
689 952
689 957
689 1184
689 1738
690 710
690 1027
690 1155
690 1605
690 1618
690 1926
691 1104
691 1147
691 1791
692 949
692 1186
692 1335
692 1709
692 1954
693 723
693 923
693 1313
693 1985
694 717
694 738
694 787
694 887
694 1573
694 1693
694 1992
695 834
695 1058
695 1617
695 1740
695 1907
696 779
696 1447
696 1577
696 1580
696 1927
697 707
697 810
697 1132
697 1317
698 1524
699 805
699 877
700 1005
700 1106
701 924
701 995
702 1761
702 1762
703 912
703 1225
703 1571
703 1740
703 1761
704 738
704 1045
704 1960
705 856
705 1002
705 1393
705 1730
706 1070
706 1109
706 1380
706 1869
706 2000
707 779
707 860
707 921
707 1029
707 1728
707 1969
708 1128
708 1578
708 1853
708 1871
709 732
709 1637
709 1651
709 1755
709 1798
709 1814
710 1653
711 1045
711 1163
711 1436
712 730
712 750
712 1333
713 1139
713 1293
713 1889
713 1928
714 1134
715 1093
715 1615
715 1658
716 1194
716 1336
717 1036
717 1092
717 1301
717 1648
717 1736
717 1762
718 812
718 948
719 1132
719 1278
719 1434
719 1885
720 1070
720 1207
720 1466
720 1670
720 1690
721 775
721 1871
722 813
723 1205
723 1701
723 1728
724 1083
724 1213
724 1305
724 1481
725 1093
726 819
726 1997
727 1976
728 818
728 1054
728 1271
728 1808
729 935
729 1425
729 1545
730 849
730 1557
731 1395
731 1539
731 1638
732 1606
733 880
733 1230
733 1417
733 1561
734 1754
734 1892
735 976
735 984
735 1156
735 1741
735 1793
735 1907
735 1944
736 847
736 1254
736 1730
736 1807
737 796
737 1164
737 1196
737 1840
737 1842
737 1977
738 927
739 835
739 1145
739 1940
740 790
740 872
740 920
740 1033
740 1100
740 1612
740 1659
741 798
741 1830
742 1250
742 1685
742 1797
743 1077
743 1272
743 1528
743 1638
743 1764
743 1852
744 1553
745 803
745 1974
746 1191
746 1686
747 954
747 1206
747 1619
747 1868
748 820
748 918
748 1225
748 1294
748 1694
749 962
749 1499
750 1783
750 1895
751 1429
751 1512
751 1525
751 1712
752 968
752 1038
752 1759
753 888
753 1419
754 813
754 1231
754 1281
754 1530
754 1575
755 880
755 993
756 996
756 1277
756 1500
756 1738
756 1992
757 1645
758 1049
759 991
760 834
760 1164
760 1277
761 1085
761 1473
761 1830
762 1236
762 1392
762 1490
762 1760
764 1290
764 1698
764 1945
764 1957
765 1188
765 1385
765 1662
765 1881
765 1901
766 782
766 812
766 1578
766 1952
767 861
767 1156
767 1405
767 1603
768 1435
768 1641
769 1402
769 1882
769 1989
770 837
770 1018
770 1027
770 1102
770 1895
771 1259
772 845
773 1011
773 1150
773 1527
774 1228
774 1261
774 1723
774 1918
775 1759
776 1243
777 1198
777 1303
777 1838
778 1093
778 1283
778 1548
778 1721
778 1951
779 1097
779 1623
779 1626
779 1901
780 1431
782 896
782 1224
783 843
783 1272
783 1717
783 1924
784 909
785 912
785 1584
785 1842
786 794
787 1516
788 858
788 1404
788 1691
788 1919
789 815
789 1017
789 1105
790 865
790 1338
790 1622
790 1949
791 1202
791 1887
792 837
792 1051
792 1068
792 1227
792 1293
792 1328
792 1633
792 1819
793 835
793 1344
793 1842
793 1981
794 1128
794 1498
794 1579
794 1885
795 885
795 1445
795 1521
795 1891
796 997
796 1117
796 1122
796 1448
796 1503
796 1902
797 1411
797 1895
798 981
798 1672
798 1847
799 939
799 964
799 1247
799 1331
800 948
800 961
800 1381
800 1961
801 873
801 1625
802 1150
802 1846
803 964
803 1331
803 1750
803 1822
804 1095
804 1659
805 1031
805 1703
806 890
806 1219
806 1259
807 918
807 931
807 1425
808 858
808 1316
809 907
809 1426
810 1081
811 1264
811 1360
811 1372
811 1452
811 1748
812 889
812 1193
813 1107
813 1230
813 1645
813 1646
815 827
816 1171
816 1977
817 1530
817 1610
817 1693
817 1785
818 857
818 910
818 1007
818 1119
818 1133
818 1373
818 1566
818 1818
819 1025
819 1393
819 1825
820 875
820 925
820 1200
820 1632
820 1755
820 1798
821 1071
821 1232
821 1496
821 1553
822 1051
822 1403
822 1679
822 1951
823 949
823 1101
823 1102
824 1221
824 1358
824 1570
824 1748
824 1956
825 1299
825 1347
825 1976
826 1464
827 1737
828 987
828 1454
828 1577
828 1975
829 1108
830 1139
830 1810
830 1919
831 1003
831 1479
832 865
832 881
832 1127
832 1755
834 1363
835 1103
835 1352
835 1738
835 1843
836 1197
836 1347
836 1360
837 1146
837 1169
837 1719
838 1058
838 1925
839 895
839 1170
839 1974
840 1117
840 1496
841 1265
842 1482
843 1751
843 1773
844 1097
844 1101
844 1126
844 1495
844 1925
845 1288
845 1494
845 1874
845 1891
846 849
846 1077
846 1083
846 1623
847 1081
847 1088
847 1701
847 1882
847 1902
848 990
848 1157
848 1420
848 1431
848 1759
849 1753
850 985
850 1312
850 1484
850 1530
850 1881
851 1080
851 1247
851 1258
851 1716
852 1178
852 1512
852 1548
852 1784
853 1262
853 1695
854 1126
855 1639
855 1718
855 1719
856 1213
856 1402
856 1717
856 1809
857 897
857 1389
857 1435
857 1440
857 1551
858 938
858 1215
858 1589
858 1975
859 997
859 1002
859 1019
859 1537
859 1998
860 864
860 1073
860 1291
860 1547
860 1792
860 1870
861 1653
861 1730
863 1766
864 1200
864 1406
865 1301
865 1634
865 1780
865 1966
866 1092
866 1132
866 1657
867 1234
868 935
868 997
868 1078
869 998
869 1112
869 1229
869 1507
869 1876
869 1936
870 946
870 1740
871 959
871 1096
871 1185
871 1465
872 1392
873 1196
873 1226
874 931
874 1223
874 1874
875 1238
875 1378
875 1756
876 880
876 1498
876 1601
876 1840
878 918
878 1563
879 1856
880 990
880 1035
880 1225
881 1102
881 1799
882 947
882 1048
882 1334
882 1406
882 1551
882 1638
882 1982
882 1996
883 1976
886 988
886 1667
886 1732
887 917
887 1394
887 1641
887 1825
888 1113
888 1179
888 1240
888 1636
888 1818
888 1928
889 1035
889 1636
889 1948
890 975
890 1016
890 1379
890 1661
890 1860
891 1216
891 1238
891 1462
892 1084
892 1404
892 1847
893 1791
893 1941
894 1167
894 1862
894 1990
895 1967
896 1139
896 1680
897 1082
897 1128
898 1137
898 1245
898 1282
898 1658
898 1942
899 1567
901 954
901 1085
902 1508
902 1871
903 1446
904 1249
904 1945
906 941
906 1070
906 1201
907 1037
908 1347
908 1804
908 1888
909 1175
909 1606
909 1641
911 1107
911 1307
911 1406
911 1983
912 1648
912 1876
913 1093
913 1569
913 1996
914 1070
914 1410
914 1643
914 1811
915 1766
915 1776
915 1937
916 1727
917 1127
920 1245
920 1531
920 1605
920 1891
921 948
921 950
921 1545
921 1784
922 1431
922 1480
922 1615
922 1723
922 1947
923 994
923 1561
923 1739
924 986
924 1950
925 1261
925 1775
926 1037
926 1284
927 1429
927 1795
928 1954
928 1957
929 1594
929 1673
929 1676
930 1608
931 1235
931 1963
932 1162
932 1620
932 1976
933 1156
933 1309
933 1805
934 1005
934 1359
935 1085
935 1373
937 943
937 1100
937 1129
937 1185
937 1237
937 1293
938 1166
938 1494
938 1594
938 1729
939 1276
939 1607
940 1535
941 1079
941 1293
941 1908
941 1926
942 1124
942 1329
942 1381
942 1913
943 1216
943 1698
943 1844
943 1888
944 1351
944 1992
945 1647
945 1690
945 1793
945 1922
946 980
946 1171
946 1908
947 1148
947 1268
947 1272
947 1517
948 1478
948 1782
948 1833
948 1907
949 1412
949 1733
949 1750
949 1868
950 1037
950 1266
950 1309
951 1001
951 1345
951 1358
951 1939
952 974
952 1067
952 1107
952 1164
952 1437
952 1785
953 1301
953 1655
954 1101
954 1879
954 1900
954 1995
955 1109
955 1253
956 1093
956 1186
956 1205
956 1249
956 1453
957 1479
957 1669
958 1134
958 1358
958 1811
959 1088
959 1476
959 1563
959 1839
961 1224
961 1432
962 1006
962 1171
962 1589
962 1684
962 1884
964 1073
964 1083
964 1126
964 1496
965 1134
965 1214
965 1708
965 1759
966 1884
966 1976
967 1552
968 1570
968 1723
970 1294
970 1786
971 1004
972 1621
973 1158
973 1452
973 1891
974 1391
974 1446
974 1662
975 998
975 1195
975 1276
976 1462
976 1720
976 1744
977 1905
978 1888
979 1351
979 1568
979 1846
979 1885
979 1962
979 1994
980 1401
980 1577
981 1659
982 1914
982 1942
983 994
983 1054
983 1584
983 1585
985 995
985 1123
985 1348
985 1725
986 1008
986 1239
986 1663
987 1014
987 1127
987 1914
988 1609
989 1325
989 1652
989 1654
989 1692
990 1189
990 1373
990 1541
990 1951
991 1245
991 1293
991 1504
992 1149
992 1213
992 1265
992 1555
993 1659
993 1834
993 1872
994 1801
994 1874
994 1930
995 1246
995 1312
995 1821
995 1836
996 1508
996 1529
996 1971
997 1889
999 1247
999 1426
999 1589
999 1723
999 1738
1000 1441
1000 1523
1001 1078
1001 1708
1003 1140
1003 1446
1004 1222
1004 1526
1004 1734
1004 1829
1004 1893
1004 1973
1005 1015
1005 1581
1007 1222
1007 1714
1008 1668
1009 1262
1009 1505
1009 1550
1009 1617
1010 1041
1010 1131
1010 1701
1010 1990
1011 1109
1011 1299
1011 1562
1011 1606
1011 1657
1011 1759
1011 1988
1012 1288
1013 1725
1014 1805
1015 1066
1015 1753
1016 1207
1016 1494
1016 1677
1018 1257
1018 1664
1019 1264
1021 1070
1021 1859
1022 1138
1022 1150
1022 1474
1023 1462
1023 1975
1024 1253
1024 1534
1024 1617
1024 1702
1024 1933
1025 1026
1025 1075
1025 1162
1025 1233
1025 1314
1025 1359
1025 1761
1025 1957
1025 1980
1026 1088
1026 1250
1026 1383
1026 1497
1026 1919
1027 1768
1027 1986
1028 1647
1029 1064
1029 1073
1029 1600
1029 1727
1030 1071
1030 1118
1030 1753
1031 1046
1031 1508
1031 1533
1031 1558
1031 1627
1032 1096
1032 1125
1032 1407
1032 1684
1032 1735
1032 1905
1033 1661
1034 1400
1035 1188
1035 1529
1035 1566
1036 1120
1037 1090
1037 1461
1037 1668
1037 1682
1038 1212
1038 1882
1039 1400
1040 1485
1040 1784
1040 1889
1041 1464
1042 1118
1042 1374
1042 1712
1042 1779
1043 1123
1043 1148
1043 1623
1043 1630
1043 1961
1044 1443
1044 1467
1044 1515
1045 1202
1046 1870
1047 1441
1047 1446
1047 1549
1047 1817
1047 1988
1048 1152
1048 1328
1048 1596
1048 1609
1048 1994
1049 1350
1049 1531
1050 1187
1050 1423
1051 1084
1051 1340
1051 1509
1051 1673
1051 1747
1051 1943
1052 1112
1053 1623
1053 1989
1054 1176
1054 1337
1054 1597
1055 1192
1055 1456
1055 1591
1055 1987
1056 1363
1056 1829
1057 1099
1057 1286
1057 1440
1057 1768
1059 1522
1059 1921
1060 1417
1060 1792
1060 1834
1061 1076
1061 1365
1061 1513
1061 1659
1062 1369
1062 1384
1062 1458
1062 1493
1062 1749
1063 1351
1063 1767
1064 1842
1065 1661
1065 1748
1065 1868
1067 1344
1067 1856
1068 1112
1068 1463
1068 1930
1069 1135
1069 1797
1070 1630
1070 1644
1071 1095
1071 1128
1071 1746
1072 1286
1072 1732
1073 1117
1073 1204
1073 1420
1073 1981
1074 1489
1074 1730
1075 1203
1075 1290
1075 1728
1075 1881
1076 1194
1077 1278
1077 1369
1079 1226
1079 1516
1080 1484
1080 1704
1081 1920
1083 1896
1084 1253
1084 1646
1084 1860
1085 1125
1085 1508
1086 1529
1086 1834
1086 1977
1087 1150
1087 1348
1087 1429
1087 1661
1089 1177
1089 1543
1089 1840
1089 1865
1090 1298
1090 1938
1091 1105
1091 1763
1091 1860
1091 1971
1092 1684
1094 1890
1095 1373
1095 1767
1095 1940
1096 1169
1096 1232
1096 1746
1097 1122
1097 1607
1097 1651
1098 1316
1098 1320
1098 1385
1098 1478
1098 1780
1098 1794
1098 1813
1099 1216
1099 1594
1099 1668
1100 1373
1101 1436
1102 1330
1102 1735
1102 1764
1103 1336
1103 1653
1103 1748
1104 1126
1107 1279
1107 1345
1108 1130
1108 1650
1109 1335
1109 1547
1109 1827
1110 1784
1111 1330
1111 1557
1111 1976
1112 1216
1112 1252
1112 1792
1113 1545
1113 1764
1114 1404
1114 1556
1114 1635
1114 1850
1114 1863
1115 1445
1116 1226
1116 1230
1116 1335
1116 1530
1116 1930
1117 1123
1117 1347
1117 1424
1118 1162
1118 1372
1118 1389
1118 1678
1118 1679
1118 1697
1119 1412
1119 1730
1119 1997
1120 1167
1120 1773
1121 1206
1121 1970
1122 1420
1122 1936
1123 1313
1123 1345
1123 1789
1123 1980
1124 1678
1124 1781
1125 1352
1125 1438
1125 1742
1125 1756
1127 1387
1128 1299
1128 1701
1128 1883
1129 1196
1129 1360
1129 1668
1129 1901
1129 1919
1129 1944
1130 1182
1130 1200
1130 1913
1131 1593
1131 1746
1132 1417
1132 1475
1132 1654
1132 1790
1132 1792
1132 1805
1133 1527
1133 1603
1133 1861
1134 1351
1134 1714
1135 1163
1135 1526
1136 1944
1137 1450
1138 1184
1138 1477
1138 1627
1139 1993
1141 1850
1141 1998
1142 1994
1143 1284
1143 1544
1143 1669
1144 1271
1144 1483
1144 1622
1144 1663
1144 1722
1144 1918
1145 1967
1146 1174
1146 1713
1146 1746
1146 1927
1147 1318
1148 1427
1148 1461
1148 1909
1149 1463
1150 1220
1150 1659
1150 1972
1151 1815
1151 1966
1152 1436
1152 1585
1153 1340
1153 1599
1153 1704
1155 1287
1155 1373
1155 1560
1155 1663
1155 1808
1157 1544
1158 1341
1158 1481
1158 1750
1159 1536
1160 1652
1160 1821
1160 1955
1161 1546
1161 1677
1161 1694
1161 1996
1162 1777
1162 1918
1163 1689
1163 1712
1163 1713
1164 1686
1164 1733
1165 1881
1165 1948
1165 1998
1166 1210
1166 1568
1167 1588
1167 1706
1168 1206
1168 1650
1169 1997
1170 1555
1170 1653
1171 1605
1171 1656
1171 1682
1172 1304
1172 1483
1172 1542
1172 1642
1172 1757
1172 1839
1173 1693
1173 1758
1173 1797
1173 1967
1174 1956
1175 1215
1175 1253
1175 1419
1175 1550
1176 1944
1177 1279
1178 1380
1178 1548
1178 1645
1178 1647
1178 1841
1178 1928
1179 1242
1179 1677
1180 1976
1181 1186
1181 1659
1181 1716
1181 1752
1182 1197
1182 1490
1182 1620
1182 1819
1183 1568
1183 1602
1184 1217
1184 1428
1185 1209
1186 1983
1187 1373
1187 1419
1187 1707
1188 1894
1188 1962
1189 1256
1189 1366
1189 1526
1189 1569
1189 1781
1189 1940
1190 1330
1190 1662
1191 1310
1191 1398
1191 1951
1192 1797
1192 1986
1193 1266
1193 1380
1193 1990
1194 1939
1195 1308
1196 1714
1196 1859
1196 1970
1197 1209
1197 1660
1198 1455
1198 1515
1198 1757
1198 1762
1199 1387
1199 1624
1201 1857
1201 1985
1202 1332
1202 1985
1203 1235
1203 1644
1203 1797
1204 1360
1204 1564
1204 1651
1204 1949
1204 1960
1205 1376
1205 1403
1205 1709
1205 1824
1206 1346
1206 1614
1206 1793
1208 1549
1209 1340
1209 1365
1210 1544
1210 1622
1210 1915
1211 1341
1211 1666
1211 1920
1212 1591
1213 1689
1214 1280
1214 1494
1214 1823
1214 1966
1215 1284
1215 1347
1215 1495
1215 1888
1215 1890
1216 1358
1216 1422
1216 1427
1216 1611
1216 1739
1217 1820
1217 1932
1218 1570
1219 1974
1219 1989
1220 1736
1221 1975
1222 1450
1222 1584
1222 1648
1222 1722
1222 1824
1223 1776
1223 1872
1224 1392
1224 1979
1225 1683
1226 1960
1227 1433
1227 1640
1227 1787
1227 1839
1228 1269
1228 1647
1229 1739
1230 1589
1231 1277
1231 1598
1232 1487
1232 1967
1233 1402
1233 1708
1234 1427
1234 1832
1235 1862
1236 1374
1237 1432
1237 1629
1237 1685
1238 1873
1238 1958
1240 1428
1240 1436
1240 1831
1240 1955
1241 1847
1242 1379
1242 1425
1243 1273
1243 1274
1243 1541
1243 1666
1243 1859
1244 1434
1244 1495
1244 1533
1244 1830
1245 1734
1246 1306
1246 1632
1246 1873
1247 1641
1248 1493
1248 1812
1250 1496
1250 1536
1250 1703
1251 1400
1251 1847
1251 1919
1251 1949
1252 1362
1252 1772
1252 1804
1253 1301
1253 1367
1253 1419
1255 1305
1255 1805
1255 1822
1255 1966
1256 1270
1256 1483
1256 1527
1256 1947
1256 1958
1257 1789
1258 1657
1258 1772
1258 1847
1259 1453
1259 1615
1259 1807
1259 1907
1260 1281
1260 1494
1260 1707
1260 1971
1261 1485
1261 1489
1261 1605
1261 1940
1263 1949
1265 1339
1265 1541
1265 1981
1266 1735
1266 1831
1267 1508
1267 1907
1267 1929
1267 1953
1268 1315
1268 1550
1268 1561
1268 1946
1268 1998
1269 1547
1269 1551
1269 1738
1269 1919
1270 1663
1270 1705
1271 1374
1271 1706
1271 1795
1271 1838
1271 1938
1272 1402
1273 1344
1273 1692
1274 1307
1274 1738
1275 1386
1275 1874
1276 1311
1276 1403
1276 1458
1277 1445
1277 1655
1277 1705
1278 1306
1278 1652
1279 1795
1280 1307
1280 1490
1280 1913
1282 1810
1282 1930
1283 1359
1283 1772
1283 1802
1283 1922
1285 1376
1285 1747
1287 1344
1287 1522
1288 1399
1288 1743
1289 1435
1289 1598
1290 1342
1290 1754
1291 1837
1291 1921
1292 1346
1292 1392
1292 1486
1292 1849
1293 1508
1293 1567
1295 1323
1295 1415
1295 1417
1295 1782
1296 1323
1296 1768
1297 1315
1297 1673
1298 1814
1298 1929
1298 1988
1299 1696
1299 1857
1300 1381
1300 1563
1301 1381
1301 1404
1301 1413
1302 1540
1302 1767
1303 1330
1303 1763
1304 1315
1305 1834
1306 1458
1306 1656
1307 1859
1309 1490
1310 1729
1310 1760
1311 1617
1311 1629
1311 1866
1312 1392
1314 1718
1314 1798
1315 1500
1316 1703
1316 1993
1317 1767
1318 1645
1318 1658
1318 1733
1318 1785
1319 1351
1319 1541
1319 1571
1319 1661
1320 1336
1321 1507
1321 1917
1322 1443
1323 1869
1325 1669
1326 1465
1326 1482
1326 1593
1327 1332
1327 1903
1328 1930
1330 1713
1331 1946
1333 1734
1334 1437
1334 1636
1335 1450
1336 1623
1336 1819
1336 1852
1336 1905
1337 1713
1337 1809
1339 1386
1340 1432
1340 1849
1340 1983
1341 1466
1342 1520
1342 1642
1342 1732
1342 1823
1344 1510
1344 1682
1344 1704
1345 1544
1345 1727
1345 1935
1347 1409
1347 1535
1348 1600
1348 1774
1349 1449
1349 1587
1349 1622
1349 1725
1349 1871
1349 1923
1350 1703
1350 1765
1350 1799
1350 1884
1350 1988
1352 1758
1352 1913
1353 1507
1353 1558
1354 1367
1354 1415
1355 1872
1355 1903
1355 1966
1356 1811
1358 1853
1361 1491
1361 1838
1364 1491
1364 1689
1364 1823
1365 1888
1366 1830
1367 1413
1368 1408
1368 1846
1368 1999
1370 1622
1371 1471
1371 1496
1371 1929
1373 1484
1373 1520
1373 1668
1374 1519
1374 1863
1376 1798
1378 1491
1378 1544
1380 1483
1380 1522
1380 1884
1381 1413
1381 1699
1381 1929
1382 1404
1383 1808
1383 1858
1384 1546
1384 1815
1384 1819
1385 1947
1386 1959
1388 1406
1389 1481
1389 1541
1389 1959
1390 1958
1390 1994
1391 1416
1391 1840
1392 1903
1393 1431
1393 1571
1393 1812
1394 1544
1394 1649
1394 1947
1395 1438
1395 1511
1395 1567
1395 1806
1395 1809
1396 1683
1398 1454
1398 1929
1399 1890
1399 1912
1399 1982
1400 1575
1401 1848
1402 1441
1402 1981
1403 1412
1403 1659
1403 1802
1406 1591
1406 1607
1406 1785
1406 1965
1407 1514
1407 1562
1408 1625
1408 1783
1408 1942
1410 1593
1411 1690
1411 1901
1412 1746
1413 1693
1413 1976
1415 1422
1415 1644
1416 1537
1416 1671
1416 1983
1417 1498
1417 1638
1418 1871
1418 1966
1420 1524
1420 1793
1421 1489
1421 1561
1421 1764
1422 1488
1423 1784
1424 1653
1424 1909
1425 1585
1425 1637
1427 1757
1427 1782
1427 1932
1429 1740
1429 1864
1430 1506
1430 1782
1431 1499
1431 1860
1433 1820
1435 1608
1435 1745
1436 1528
1436 1762
1437 1549
1437 1740
1438 1441
1438 1670
1438 1739
1439 1563
1439 1887
1440 1770
1440 1908
1441 1639
1441 1679
1442 1633
1442 1656
1442 1749
1442 1931
1443 1856
1444 1479
1444 1805
1444 1911
1445 1678
1446 1483
1446 1504
1446 1635
1446 1776
1447 1819
1449 1509
1449 1629
1450 1671
1450 1844
1450 1982
1452 1648
1453 1699
1453 1770
1453 1873
1453 1913
1455 1643
1455 1835
1456 1648
1456 1755
1456 1949
1458 1527
1458 1559
1458 1699
1458 1868
1458 1906
1458 1921
1459 1653
1459 1876
1460 1590
1460 1832
1460 1930
1461 1820
1461 1916
1462 1953
1463 1874
1463 1928
1464 1858
1465 1741
1465 1781
1465 1955
1467 1710
1467 1902
1468 1616
1468 1969
1469 1823
1469 1918
1469 1928
1470 1551
1470 1957
1471 1537
1471 1867
1472 1553
1472 1605
1472 1664
1473 1611
1473 1913
1474 1522
1474 1966
1475 1876
1478 1517
1478 1788
1479 1507
1479 1616
1479 1993
1480 1634
1481 1547
1481 1565
1481 1659
1483 1633
1483 1728
1483 1761
1484 1531
1485 1965
1485 1987
1486 1857
1488 1906
1489 1613
1489 1815
1489 1964
1492 1507
1492 1687
1492 1985
1494 1690
1494 1930
1494 2000
1496 1555
1496 1644
1497 1700
1497 1889
1498 1961
1500 1584
1500 1599
1501 1531
1501 1584
1501 1779
1501 1991
1502 1896
1503 1656
1504 1957
1505 1513
1508 1904
1509 1592
1510 1711
1513 1776
1513 1956
1514 1588
1517 1774
1517 1821
1518 1690
1518 1978
1521 1526
1521 1794
1521 1819
1521 1903
1521 1968
1524 1728
1525 1934
1526 1849
1528 1597
1528 1621
1528 1766
1529 1640
1530 1871
1530 1872
1532 1609
1532 1889
1532 1949
1533 1541
1533 1812
1535 1789
1535 1838
1535 1854
1535 1870
1536 1670
1538 1861
1538 1985
1539 1545
1540 1542
1541 1785
1541 1965
1542 1564
1542 1936
1543 1553
1544 1970
1546 1548
1547 1831
1548 1897
1550 1700
1552 1861
1553 1880
1554 1753
1555 1690
1555 1895
1556 1684
1556 1726
1558 1811
1558 1979
1560 1808
1561 1778
1563 1773
1564 1834
1565 1784
1565 1883
1566 1604
1566 1717
1567 1624
1569 1895
1569 1957
1569 1959
1570 1644
1570 1940
1571 1775
1572 1728
1575 1865
1575 1902
1577 1681
1577 1817
1578 1955
1579 1882
1579 1999
1580 1677
1580 1823
1581 1995
1582 1764
1586 1646
1587 1977
1590 1678
1591 1994
1592 1799
1593 1735
1596 1661
1596 1679
1596 1731
1596 1920
1596 1962
1597 1852
1598 1865
1598 1942
1599 1901
1600 1836
1601 1903
1603 1966
1605 1676
1606 1691
1608 1994
1611 1973
1612 1815
1615 1747
1615 1784
1616 1797
1616 1852
1617 1711
1618 1930
1619 1930
1622 1885
1622 1922
1623 1734
1625 1986
1627 1718
1627 1825
1628 1731
1628 1800
1629 1894
1630 1658
1631 1707
1631 1739
1632 1838
1632 1909
1633 1761
1634 1641
1635 1816
1636 1679
1636 1832
1637 1689
1637 1941
1638 1639
1638 1682
1641 1663
1642 1721
1643 1662
1643 1896
1645 1800
1645 1846
1646 1869
1647 1751
1648 1727
1648 1800
1648 1913
1648 1941
1650 1663
1650 1896
1657 1885
1658 1947
1661 1715
1661 1855
1662 1725
1662 1736
1662 1979
1663 1858
1663 1938
1664 1920
1664 1944
1665 1773
1665 1919
1666 1882
1667 1724
1667 1961
1668 1920
1668 1948
1670 1791
1672 1776
1672 1782
1672 1901
1673 1698
1673 1920
1675 1879
1676 1705
1676 1768
1676 1981
1677 1798
1678 1732
1678 1858
1681 1781
1684 1776
1684 1823
1684 1901
1685 1796
1686 1892
1686 1903
1687 1937
1690 1981
1690 1988
1692 1812
1697 1805
1697 1808
1700 1885
1702 1886
1702 1914
1704 1750
1704 1852
1707 1986
1708 1750
1708 1796
1708 1818
1708 1852
1708 1870
1708 1981
1708 1985
1709 1763
1709 1946
1711 1728
1711 1833
1712 1727
1713 1824
1714 1880
1716 1789
1716 1836
1716 1980
1718 1848
1719 1759
1720 1759
1723 1809
1725 1741
1725 1855
1725 1868
1725 1938
1730 1758
1731 1771
1731 1943
1734 1857
1740 1933
1741 1943
1742 1789
1743 1896
1744 1772
1744 1824
1747 1783
1748 1825
1750 1884
1751 1826
1751 1917
1752 1968
1754 1759
1754 1796
1754 1832
1755 1926
1757 1814
1757 1991
1762 1778
1764 1954
1765 1853
1765 1879
1766 1803
1767 1797
1770 1970
1771 1886
1771 1902
1774 1850
1778 1819
1778 1988
1779 1799
1780 1967
1782 1883
1787 1878
1788 1832
1789 1953
1797 1867
1797 1931
1799 1871
1802 1908
1803 1853
1805 1854
1806 1815
1806 1816
1806 1831
1807 1907
1809 1810
1809 1937
1810 1970
1811 1943
1812 1876
1814 1912
1814 1968
1819 1963
1821 1989
1824 1964
1826 1907
1827 1848
1830 1861
1830 1988
1830 1994
1832 1865
1834 1900
1837 1845
1837 1988
1839 1857
1841 1906
1845 1863
1850 1955
1850 1974
1853 1953
1860 1948
1862 1913
1862 1983
1864 1911
1865 1905
1867 1969
1870 1893
1871 1892
1873 1892
1873 1959
1875 1981
1876 1989
1878 1942
1878 1943
1881 1956
1882 1894
1883 1887
1885 1904
1886 1930
1888 1964
1890 1950
1891 1987
1892 1956
1893 1991
1897 1960
1908 1983
1917 1928
1926 1985
1941 1974
1950 1952
1964 1969
1973 1988
1977 1988
