2000
1 272
1 287
1 368
1 986
1 1568
1 1697
1 1732
2 203
2 252
2 299
2 400
2 448
2 623
2 782
2 914
2 1144
2 1162
2 1408
3 255
3 649
3 863
3 876
3 884
3 984
3 1062
3 1154
3 1249
3 1685
3 1916
4 53
4 124
4 266
4 859
4 904
4 922
4 1478
4 1484
4 1495
4 1567
4 1772
5 34
5 199
5 639
5 1119
5 1778
6 7
6 42
6 46
6 303
6 383
6 432
6 490
6 515
6 608
6 813
6 1181
6 1343
6 1697
6 1701
6 1892
7 336
7 420
7 836
7 970
7 1379
7 1398
7 1436
7 1545
7 1686
7 1692
7 1818
8 120
8 446
8 752
8 1025
8 1177
8 1199
8 1363
8 1385
8 1601
8 1624
8 1795
9 15
9 55
9 185
9 257
9 269
9 830
9 1150
9 1301
9 1343
9 1443
9 1640
9 1709
9 1843
10 475
10 831
10 1128
10 1418
10 1781
10 1788
10 1929
11 23
11 100
11 106
11 421
11 528
11 619
11 643
11 828
11 985
11 1603
11 1962
12 340
12 394
12 626
12 1794
12 1838
13 267
13 564
13 601
13 712
13 1306
13 1737
13 1892
14 204
14 273
14 310
14 342
14 511
14 924
14 1123
14 1205
14 1529
14 1630
15 17
15 275
15 395
15 507
15 893
15 915
15 1552
15 1653
15 1725
15 1930
15 1988
16 159
16 331
16 443
16 486
16 1072
16 1385
16 1423
16 1477
16 1486
16 1644
16 1662
17 179
17 281
17 560
17 776
17 1190
17 1500
17 1662
18 323
18 557
18 657
18 1077
18 1216
18 1257
18 1337
18 1444
18 1589
19 372
19 515
19 696
19 833
19 913
19 1027
19 1504
19 1535
20 307
20 441
20 614
20 905
20 1187
20 1209
20 1223
20 1591
21 118
21 261
21 410
21 546
21 590
21 620
21 648
21 736
21 819
21 863
21 1280
21 1765
21 1868
22 86
22 247
22 377
22 530
22 548
22 955
22 1100
22 1689
22 1965
23 296
23 463
23 851
23 1112
23 1242
23 1270
23 1778
23 1798
23 1810
23 1925
23 1941
24 258
24 306
24 625
24 749
24 899
24 936
24 1082
24 1216
24 1253
24 1276
25 127
25 285
25 369
25 718
25 901
25 983
25 1238
25 1495
25 1970
26 318
26 418
26 613
26 717
26 743
26 834
26 878
26 912
26 1027
26 1029
26 1062
26 1085
26 1092
26 1209
26 1423
26 1442
26 1921
27 65
27 478
27 622
27 740
27 848
27 953
27 1031
27 1072
27 1213
27 1290
27 1717
28 424
28 530
28 531
28 558
28 687
28 869
28 1034
28 1151
28 1256
28 1396
28 1882
29 159
29 492
29 623
29 990
29 1262
29 1683
29 1713
30 241
30 457
30 1481
30 1558
30 1700
30 1858
31 168
31 214
31 795
31 842
31 852
31 934
31 1033
31 1709
32 69
32 180
32 369
32 417
32 587
32 706
32 919
32 924
32 1075
32 1104
32 1152
32 1216
32 1479
32 1652
32 1722
32 1977
33 298
33 443
33 535
33 605
33 753
33 836
33 1096
33 1154
33 1232
33 1874
34 271
34 344
34 362
34 450
34 586
34 605
34 788
34 1126
34 1351
34 1852
35 47
35 225
35 604
35 673
35 702
35 816
35 1043
35 1093
35 1340
35 1406
35 1453
35 1546
35 1681
35 1778
35 1893
36 204
36 476
36 678
36 697
36 767
36 1018
36 1162
36 1174
36 1178
36 1303
36 1312
36 1796
37 149
37 238
37 243
37 323
37 419
37 577
37 720
37 802
37 1131
37 1213
37 1305
37 1463
37 1739
37 1882
37 1932
38 135
38 295
38 420
38 677
38 680
38 763
38 781
38 1164
38 1486
38 1522
38 1779
38 1969
39 107
39 148
39 230
39 312
39 771
39 801
39 1124
39 1297
39 1341
39 1806
39 1900
39 1955
40 48
40 57
40 512
40 620
40 660
40 690
40 812
40 1003
40 1288
40 1314
40 1448
40 1466
40 1910
41 231
41 267
41 505
41 506
41 540
41 677
41 1051
42 79
42 290
42 405
42 534
42 805
42 828
42 1531
42 1614
42 1653
42 1683
42 1964
43 84
43 309
43 316
43 546
43 612
43 890
43 1244
43 1738
43 1763
43 1925
44 150
44 331
44 401
44 826
44 860
44 1254
44 1363
44 1758
45 195
45 704
45 716
45 776
45 800
45 808
45 1013
45 1017
45 1077
45 1297
45 1354
45 1498
45 1553
45 1602
45 1630
45 1641
45 1869
45 1924
45 1959
46 322
46 371
46 459
46 1008
46 1043
46 1207
46 1285
46 1558
46 1572
47 135
47 182
47 335
47 493
47 555
47 581
47 1436
47 1659
47 1763
48 137
48 598
48 841
48 1011
49 58
49 106
49 181
49 250
49 256
49 360
49 514
49 773
49 1501
49 1564
49 1981
50 125
50 463
50 932
50 1030
50 1386
50 1499
50 1579
50 1774
50 1790
50 1837
50 1935
51 1130
51 1138
51 1220
51 1253
51 1284
51 1829
52 169
52 499
52 597
52 618
52 631
52 740
52 1240
52 1592
52 1666
52 1687
52 1751
52 1764
52 1772
52 1783
52 1870
52 1898
53 236
53 353
53 743
53 821
53 1120
53 1220
53 1909
53 1972
54 1279
54 1435
54 1850
55 399
55 764
55 1122
55 1556
55 1700
55 1799
55 1869
56 208
56 518
56 670
56 702
56 793
56 1040
56 1054
56 1079
56 1206
56 1369
56 1402
57 112
57 295
57 465
57 593
57 611
57 666
57 749
57 790
58 110
58 149
58 260
58 1369
58 1849
59 202
59 820
59 936
59 1040
59 1125
59 1426
59 1539
59 1615
59 1866
59 1906
60 240
60 252
60 737
60 1007
60 1307
60 1643
61 431
61 560
61 711
61 942
61 1025
61 1122
61 1266
61 1797
62 786
62 1164
62 1523
62 1553
62 1591
62 1623
62 1829
63 232
63 431
63 473
63 600
63 789
63 858
63 1087
63 1255
63 1301
63 1637
63 1771
63 1977
64 283
64 398
64 720
64 816
64 883
64 1101
64 1243
64 1306
64 1409
64 1631
64 1655
64 1762
64 1763
65 142
65 1069
65 1216
65 1265
65 1468
65 1493
65 1599
65 1776
65 1854
65 1856
66 113
66 558
66 1010
66 1052
66 1062
66 1216
66 1508
67 89
67 206
67 452
67 600
67 620
67 900
67 1136
67 1144
67 1211
67 1305
67 1351
67 1709
67 1900
68 97
68 208
68 686
68 986
68 1195
68 1377
68 1872
69 75
69 288
69 408
69 905
69 1041
69 1042
69 1418
69 1517
69 1786
70 116
70 421
70 518
70 1023
70 1136
70 1266
70 1335
70 1482
70 1531
70 1893
70 1939
71 584
71 690
71 698
71 761
71 851
71 1091
71 1641
71 1671
71 1721
71 1777
72 109
72 158
72 206
72 279
72 511
72 551
72 650
72 781
72 812
72 914
72 991
72 1286
72 1738
72 1976
73 129
73 432
73 563
73 571
73 600
73 839
73 1085
73 1108
73 1168
73 1325
73 1395
73 1784
73 1997
74 78
74 236
74 644
74 913
74 965
74 1037
74 1144
74 1708
75 535
75 665
75 853
75 983
75 1002
75 1077
75 1105
75 1508
75 1522
75 1667
75 1947
76 187
76 505
76 550
76 772
76 778
76 843
76 1063
76 1073
76 1142
76 1259
76 1322
76 1409
76 1769
76 1863
77 416
77 661
77 670
77 1093
77 1325
77 1732
77 1825
78 129
78 269
78 398
78 590
78 672
78 1107
78 1148
78 1566
78 1594
78 1674
78 1858
78 1952
79 376
79 484
79 500
79 717
79 929
79 1115
79 1283
79 1393
79 1419
79 1499
79 1912
79 1945
80 734
80 1028
80 1320
80 1401
80 1473
80 1727
80 1952
81 328
81 428
81 802
81 833
81 852
81 1024
81 1042
81 1688
82 176
82 319
82 580
82 1151
82 1256
82 1726
82 1857
82 1880
82 1936
83 147
83 201
83 761
83 926
83 1067
83 1344
83 1370
83 1377
83 1623
83 1977
84 121
84 723
84 1477
84 1553
84 1714
84 1968
85 203
85 353
85 627
85 865
85 1082
85 1150
85 1349
85 1390
85 1507
85 1723
85 1791
85 1858
85 1874
86 879
86 1073
86 1083
86 1206
86 1501
86 1643
86 1890
86 1917
86 1930
86 1993
87 167
87 169
87 183
87 440
87 802
87 987
87 1142
87 1177
87 1237
87 1447
87 1520
87 1576
87 1581
87 1818
87 1969
88 150
88 300
88 303
88 311
88 329
88 636
88 695
88 984
88 1165
88 1339
88 1778
89 316
89 628
89 814
89 935
89 1950
89 1985
90 150
90 264
90 360
90 515
90 1053
90 1077
90 1180
90 1234
90 1339
90 1377
90 1550
90 1577
90 1672
90 1861
90 1977
91 214
91 386
91 887
91 904
91 1493
91 1544
91 1595
91 1600
91 1757
92 118
92 761
92 1037
92 1376
92 1863
93 472
93 507
93 806
93 1975
94 154
94 578
94 581
94 593
94 940
94 1403
94 1474
94 1476
95 184
95 496
95 713
95 1024
95 1405
95 1468
95 1702
95 1768
95 1868
96 185
96 458
96 484
96 606
96 620
96 969
96 1330
96 1477
96 1750
97 122
97 393
97 418
97 537
97 624
97 631
97 779
97 856
97 896
97 1347
98 132
98 568
98 815
98 1223
98 1245
98 1317
98 1335
98 1383
98 1744
99 581
99 619
99 798
99 852
99 1164
99 1571
99 1592
99 1788
100 264
100 396
100 604
100 800
100 874
100 1123
100 1310
100 1336
100 1825
100 1975
101 154
101 158
101 425
101 665
101 913
101 1244
101 1309
101 1349
101 1447
101 1698
102 359
102 444
102 675
102 702
102 705
102 1228
102 1240
102 1244
102 1794
102 1841
102 1946
102 1964
102 1979
103 297
103 323
103 360
103 946
103 980
103 1542
103 1758
103 1996
104 403
104 659
104 868
104 1135
104 1233
104 1254
104 1314
104 1801
105 117
105 253
105 771
106 466
106 854
106 893
106 1080
106 1246
106 1304
106 1391
106 1904
107 278
107 449
107 684
107 688
107 743
107 1058
107 1625
107 1646
107 1791
107 1873
108 171
108 178
108 504
108 507
108 661
108 680
108 1161
108 1439
108 1523
108 1637
108 1747
108 1969
109 217
109 321
109 406
109 491
109 674
109 1015
109 1108
109 1271
109 1416
109 1458
109 1849
109 1862
110 175
110 891
110 1019
110 1034
110 1213
110 1397
111 205
111 238
111 544
111 1175
111 1436
111 1912
112 347
112 365
112 490
112 868
112 1198
112 1246
112 1275
112 1408
112 1612
112 1625
112 1740
112 1875
112 1907
113 208
113 236
113 295
113 325
113 461
113 647
113 1307
113 1336
113 1620
113 1681
113 1796
113 1961
114 160
114 214
114 251
114 815
114 828
114 955
114 995
114 1011
114 1341
114 1804
115 123
115 551
115 691
115 992
115 1121
115 1278
115 1373
115 1396
115 1559
115 1594
115 1607
115 1998
116 166
116 189
116 362
116 957
116 1146
116 1200
116 1385
116 1393
116 1498
116 1760
116 1909
117 599
117 850
117 1202
117 1256
117 1260
117 1735
117 1759
118 462
118 506
118 666
118 800
118 808
118 945
118 979
118 1058
118 1539
118 1878
119 274
119 492
119 776
119 966
119 1097
119 1360
119 1631
119 1777
119 1998
120 199
120 383
120 1315
120 1494
121 177
121 197
121 280
121 789
121 826
121 908
121 910
121 1091
121 1130
121 1376
121 1618
121 1778
121 1845
121 1986
122 406
122 731
122 760
122 967
122 1118
122 1162
122 1172
122 1640
122 1815
122 1843
123 536
123 757
123 923
123 1072
123 1100
123 1167
123 1248
123 1340
123 1456
123 1474
123 1499
124 181
124 308
124 357
124 528
124 569
124 1039
124 1090
124 1100
124 1392
124 1589
124 1948
125 187
125 340
125 520
125 1067
125 1112
125 1249
125 1408
125 1422
125 1510
125 1573
125 1588
125 1792
125 1999
126 194
126 361
126 758
126 1071
126 1075
126 1076
126 1083
126 1394
126 1424
126 1491
126 1548
126 1588
127 242
127 493
127 576
127 583
127 700
127 924
127 976
127 1303
127 1447
127 1458
127 1593
127 1805
127 1978
128 618
128 678
128 781
128 820
128 889
128 1502
128 1648
129 168
129 337
129 644
129 1129
129 1239
129 1407
129 1663
129 1921
129 1936
129 1946
130 363
130 374
130 814
130 911
130 1526
130 1733
130 1748
130 1755
131 245
131 256
131 285
131 843
131 1563
131 1828
131 1859
131 1946
132 518
132 1178
132 1497
132 1695
133 561
133 675
133 770
133 1137
133 1289
133 1383
133 1457
133 1487
133 1843
134 211
134 253
134 267
134 591
134 733
134 791
134 852
134 990
134 1329
134 1334
134 1364
134 1673
135 264
135 348
135 355
135 692
135 971
135 1071
135 1289
135 1388
136 265
136 384
136 450
136 563
136 808
136 967
136 978
136 1022
136 1059
136 1749
136 1890
137 284
137 480
137 1009
137 1065
137 1161
137 1219
137 1286
137 1364
137 1458
137 1463
137 1464
137 1573
137 1695
138 314
138 336
138 565
138 706
138 1224
138 1276
138 1550
138 1759
138 1982
139 322
139 330
139 389
139 516
139 783
139 1354
139 1654
139 1780
139 1854
139 1884
139 1923
139 1940
140 438
140 457
140 483
140 712
140 1395
140 1515
141 147
141 206
141 314
141 425
141 951
141 1043
141 1088
141 1219
141 1528
141 1770
142 561
142 654
142 854
142 922
142 959
142 1078
142 1109
142 1339
142 1786
142 1832
142 1973
143 333
143 405
143 456
143 625
143 748
143 802
143 1406
143 1686
143 1875
143 1879
144 149
144 225
144 349
144 633
144 969
144 1102
144 1191
144 1202
144 1226
144 1614
144 1615
144 1749
144 1767
145 150
145 479
145 694
145 776
145 1602
145 1638
145 1663
145 1992
146 302
146 464
146 770
146 799
146 1039
146 1244
146 1494
146 1632
146 1648
147 189
147 564
147 652
147 772
147 1358
147 1744
147 1777
148 386
148 796
148 1050
148 1128
148 1301
148 1506
148 1543
148 1647
149 361
149 784
149 1318
149 1756
150 231
150 305
150 326
150 465
150 636
150 939
150 940
150 992
150 1033
150 1371
150 1462
150 1570
150 1601
151 289
151 409
151 578
151 593
151 634
151 677
151 1359
151 1389
151 1440
151 1942
151 1951
151 1959
152 302
152 387
152 424
152 496
152 707
152 1041
152 1195
152 1277
152 1303
152 1376
152 1478
152 1848
152 1943
153 403
153 417
153 568
153 663
153 674
153 1010
153 1143
153 1334
153 1900
154 204
154 308
154 488
154 1094
154 1138
154 1490
154 1657
154 1847
154 1893
155 174
155 226
155 490
155 962
155 996
155 1017
155 1032
155 1092
155 1247
155 1515
155 1654
155 1727
155 1737
155 1887
155 1923
155 1974
156 396
156 584
156 589
156 617
156 674
156 687
156 845
156 979
156 1154
156 1398
157 178
157 224
157 289
157 393
157 395
157 561
157 777
157 789
157 800
157 966
157 980
157 1300
157 1692
158 242
158 269
158 271
158 302
158 507
158 916
158 918
158 1395
159 427
159 479
159 510
159 562
159 869
159 1221
159 1243
159 1428
159 1884
160 510
160 746
160 957
160 1157
160 1532
160 1650
160 1700
161 549
161 732
161 735
161 976
161 1196
161 1663
161 1944
162 283
162 721
162 904
162 1284
162 1467
162 1584
163 218
163 376
163 381
163 393
163 702
163 763
163 874
163 1017
163 1297
163 1334
163 1562
163 1581
163 1606
163 1953
164 376
164 501
164 504
164 797
164 1099
164 1363
164 1578
164 1900
165 483
165 673
165 896
165 1038
165 1316
165 1721
165 1917
166 278
166 298
166 422
166 869
166 1333
166 1368
166 1499
166 1872
166 1981
167 503
167 751
167 803
167 964
167 996
167 1066
167 1214
167 1295
167 1590
167 1622
167 1642
168 205
168 226
168 240
168 375
168 377
168 396
168 627
168 1105
168 1151
168 1328
168 1865
169 679
169 697
169 826
169 870
169 1122
169 1360
169 1380
169 1429
169 1664
170 253
170 302
170 334
170 400
170 497
170 607
170 809
170 981
170 1172
170 1598
170 1966
171 287
171 342
171 428
171 708
171 864
171 870
171 1054
171 1209
171 1330
171 1690
171 1691
171 1748
171 1754
171 1984
172 196
172 266
172 806
172 1111
172 1228
172 1510
173 468
173 618
173 767
173 1672
174 377
174 543
174 1016
174 1159
174 1467
174 1917
175 283
175 497
175 975
175 1146
175 1663
176 436
176 759
176 1049
176 1130
176 1165
176 1449
176 1624
176 1670
177 587
177 1524
177 1590
177 1805
177 1962
178 275
178 281
178 983
178 1317
178 1425
178 1567
178 1701
179 195
179 237
179 248
179 315
179 549
179 1235
179 1343
179 1501
179 1705
179 1771
179 1784
179 1806
179 1831
179 1940
179 1946
180 214
180 618
180 726
180 802
180 942
180 1123
180 1362
180 1569
180 1759
180 1771
180 1999
181 556
181 900
181 1208
181 1424
181 1533
181 1547
181 1667
181 1804
181 1852
181 1916
181 1987
182 219
182 283
182 793
182 808
182 836
182 894
182 1026
182 1279
182 1453
183 392
183 676
183 696
183 779
183 1117
183 1417
184 489
184 679
184 1120
184 1121
184 1311
184 1595
184 1635
184 1657
185 226
185 255
185 329
185 520
185 630
185 895
185 1108
185 1277
185 1449
186 384
186 468
186 469
186 476
186 531
186 1283
186 1542
186 1897
186 1900
186 1924
187 296
187 340
187 507
187 568
187 679
187 855
187 933
187 1299
187 1457
187 1673
187 1773
188 251
188 1113
188 1234
188 1369
188 1584
188 1695
189 566
189 594
189 680
189 786
189 1918
190 767
190 805
190 868
190 1080
190 1309
190 1377
190 1406
190 1541
190 1947
191 400
191 486
191 993
191 1275
191 1390
191 1756
191 1767
191 1869
192 263
192 556
192 624
192 828
192 890
192 1450
193 300
193 341
193 545
193 1247
193 1828
193 1845
193 1891
194 388
194 491
194 860
194 1095
194 1133
194 1205
194 1380
194 1697
194 1751
194 1753
194 1912
195 327
195 378
195 402
195 640
195 702
195 708
195 795
195 875
195 887
195 1117
195 1121
195 1445
195 1635
196 215
196 634
196 1190
196 1472
196 1613
196 1638
196 1855
197 386
197 460
197 1005
197 1077
197 1177
197 1471
197 1651
197 1673
197 1967
198 278
198 619
198 849
198 1032
198 1052
199 1027
199 1778
199 1868
200 214
200 701
200 1301
200 1403
200 1443
200 1619
200 1674
200 1680
201 468
201 723
201 728
201 1030
201 1059
201 1205
201 1254
201 1365
201 1380
201 1546
201 1585
201 1660
201 1852
201 1943
202 330
202 506
202 529
202 557
202 845
202 1075
202 1278
202 1516
202 1791
203 491
203 510
203 523
203 578
203 765
203 994
203 1010
203 1201
203 1268
203 1401
203 1662
203 1762
203 1794
204 285
204 375
204 979
204 1274
204 1344
204 1519
204 2000
205 423
205 439
205 554
205 916
205 964
205 1052
205 1127
205 1432
205 1624
205 1692
205 1781
206 412
206 466
206 627
206 969
206 1146
206 1166
206 1272
206 1412
206 1473
206 1516
206 1823
207 264
207 829
207 1480
207 1560
207 1653
207 1752
207 1907
207 1981
208 451
208 844
208 975
208 1074
208 1512
208 1589
208 1897
208 1959
209 614
209 624
209 653
209 1097
209 1503
209 1856
210 422
210 852
210 1082
210 1774
210 1820
211 285
211 347
211 366
211 835
211 940
211 1608
211 1721
211 1931
212 383
212 472
212 789
212 1041
213 555
213 858
213 911
213 940
213 1102
213 1247
213 1501
213 1515
213 1527
213 1618
213 1890
213 1932
214 277
214 411
214 970
214 1014
214 1053
214 1076
214 1257
214 1301
214 1331
214 1500
214 1787
214 1812
214 1873
215 916
215 1393
215 1475
215 1871
216 234
216 508
216 513
216 879
216 939
216 1261
217 335
217 339
217 422
217 850
217 959
217 1024
217 1245
217 1711
218 331
218 664
218 993
218 1078
218 1492
218 1592
218 1661
218 1844
218 1898
218 1957
218 1966
219 332
219 772
219 870
219 1100
219 1327
219 1338
219 1468
219 1926
220 460
220 550
220 681
220 1195
220 1520
220 1592
220 1691
220 1908
221 681
221 761
221 787
221 838
222 395
222 791
222 1342
222 1376
222 1412
222 1551
222 1740
222 1952
223 668
223 844
223 856
223 1070
223 1094
223 1164
223 1167
223 1229
223 1409
223 1469
223 1485
223 1551
223 1919
224 738
224 1474
224 1871
225 260
225 621
225 803
225 1272
225 1301
225 1449
225 1534
225 1556
225 1743
225 1921
226 451
226 1068
226 1122
226 1297
226 1372
226 1602
226 1664
226 1808
226 1854
227 339
227 423
227 509
227 550
227 924
227 1058
227 1085
227 1187
227 1894
228 551
228 775
228 779
228 1149
228 1584
228 1752
228 1998
229 1052
229 1486
229 1514
229 1722
229 1769
230 603
230 623
230 864
230 972
230 1012
230 1110
230 1195
230 1362
230 1402
230 1425
230 1679
231 290
231 592
231 913
231 949
231 1023
231 1128
231 1971
232 615
232 677
232 852
232 994
232 1066
232 1294
232 1387
232 1438
232 1460
232 1620
233 324
233 449
233 587
233 667
233 737
233 892
233 998
234 343
234 387
234 388
234 491
234 785
234 862
234 902
234 1697
234 1701
234 1782
234 1925
234 1970
235 353
235 452
235 563
235 613
235 905
235 925
235 986
235 1195
236 282
236 354
236 378
236 499
236 912
236 940
236 979
236 1171
236 1340
236 1747
236 1786
236 1832
237 463
237 645
237 844
237 1138
237 1301
237 1552
237 1596
237 1985
238 515
238 577
238 1222
238 1311
238 1520
238 1798
238 1855
238 1861
238 1921
239 545
239 787
239 1019
239 1205
239 1418
239 1486
239 1596
239 1760
239 1798
239 1860
240 372
240 621
240 1328
240 1360
240 1389
240 1904
240 1972
241 253
241 385
241 508
241 925
241 1228
241 1251
241 1740
241 1831
242 328
242 331
242 348
242 701
242 751
242 855
242 872
242 1156
242 1221
242 1339
242 1374
242 1606
242 1690
243 375
243 483
243 515
243 549
243 713
243 1460
243 1577
243 1633
243 1773
243 1939
244 364
244 414
244 432
244 484
244 672
244 859
244 966
244 1013
244 1281
244 1613
244 1732
244 1741
244 1765
244 1908
245 356
245 428
245 442
245 553
245 567
245 701
245 876
245 1045
245 1112
245 1277
245 1449
245 1712
245 1992
246 526
246 755
246 1308
246 1442
246 1459
246 1831
247 444
247 694
247 699
247 1094
247 1603
247 1659
247 1660
247 1777
247 1963
248 793
248 1222
248 1229
248 1447
248 1699
248 1943
249 372
249 699
249 883
249 1009
249 1332
249 1380
249 1402
249 1722
249 1970
250 409
250 687
250 1001
250 1467
250 1653
250 1722
250 1786
250 1967
251 365
251 461
251 695
251 1129
251 1285
251 1293
251 1393
251 1405
251 1443
251 1580
251 1617
251 1744
252 824
252 1062
252 1136
252 1326
252 1630
252 1652
252 1704
252 1720
252 1799
252 1820
252 1832
253 736
253 808
253 1325
253 1700
253 1897
253 1901
253 1973
254 421
254 474
254 497
254 870
254 1055
254 1650
254 1727
254 1783
255 416
255 648
255 1230
255 1259
255 1505
255 1928
256 712
256 716
256 729
256 1376
256 1553
257 293
257 484
257 577
257 961
257 1242
257 1250
257 1359
257 1541
257 1710
257 1742
257 1906
257 1931
258 401
258 996
258 1247
258 1260
258 1330
258 1663
258 1711
258 1723
258 1821
259 403
259 638
259 1144
259 1270
259 1874
260 471
260 492
260 650
260 919
260 1720
260 1830
260 1842
260 1968
260 1971
261 369
261 717
261 749
261 966
261 1043
261 1189
261 1341
261 1841
261 1904
262 335
262 477
262 618
262 1067
262 1603
262 1860
262 1875
262 1887
262 1918
263 290
263 1984
264 1006
264 1053
264 1328
264 1540
264 1761
264 1788
264 1871
265 266
265 398
265 561
265 577
265 586
265 730
265 1137
265 1205
265 1227
265 1699
266 358
266 481
266 500
266 651
266 1797
266 1801
266 1833
266 1855
266 1877
267 354
267 361
267 492
267 866
267 1270
267 1287
267 1386
267 1454
267 1567
267 1775
267 1855
268 633
268 649
268 896
268 1240
268 1348
268 1386
268 1418
268 1543
268 1818
268 1870
269 308
269 361
269 962
269 1035
269 1075
269 1402
269 1740
269 1769
270 528
270 563
270 651
270 913
270 1198
270 1492
270 1507
270 1748
271 659
271 1000
271 1027
271 1035
271 1130
271 1283
271 1773
271 1924
272 360
272 606
272 1000
272 1284
272 1526
272 1535
272 1542
272 1749
272 1907
272 1912
273 396
273 444
273 744
273 867
273 1798
273 1844
274 402
274 678
274 910
274 1309
274 1553
274 1740
274 1955
275 339
275 402
275 496
275 651
275 992
275 1653
275 1809
275 1888
275 1903
276 457
276 859
276 885
276 1050
276 1093
276 1196
276 1295
276 1513
276 1579
277 658
277 763
277 839
277 1082
277 1112
277 1432
277 1434
277 1624
277 1674
277 1828
278 307
278 318
278 577
278 730
278 865
278 1106
278 1159
278 1294
278 1460
278 1613
278 1632
279 551
279 840
279 964
279 1117
279 1138
279 1177
279 1219
279 1322
279 1394
280 565
280 692
280 983
280 1169
280 1212
280 1219
280 1224
280 1233
280 1264
280 1588
280 1591
280 1700
281 357
281 395
281 509
281 574
281 703
281 724
281 892
281 934
281 1119
281 1303
281 1379
281 1470
281 1754
281 1889
282 337
282 376
282 1543
282 1936
282 1947
283 747
283 981
283 1360
283 1598
283 1788
283 1816
283 1938
283 1939
284 591
284 632
284 938
284 962
284 1158
284 1361
284 1520
284 1654
284 1799
284 1880
284 1917
285 625
285 856
285 941
285 945
285 990
285 1370
285 1429
285 1554
285 1651
285 1828
286 870
286 1001
286 1219
286 1225
286 1335
286 1419
286 1651
287 325
287 430
287 779
287 1338
287 1421
287 1439
287 1484
287 1622
287 1673
288 491
288 595
288 732
288 1097
288 1333
288 1556
288 1694
288 1718
288 1772
288 1827
288 1830
288 1943
289 700
289 1002
289 1255
289 1490
289 1550
289 1596
289 1737
289 1863
290 387
290 605
290 719
290 1513
290 1811
290 1929
291 655
291 701
291 840
291 968
291 1156
291 1203
291 1466
291 1508
291 1660
292 392
292 660
292 695
292 743
292 887
292 1047
292 1101
292 1341
292 1589
292 1875
292 1909
293 772
293 1050
293 1115
293 1160
293 1192
293 1247
293 1500
293 1700
293 1708
294 571
294 584
294 672
294 772
294 813
294 815
294 960
294 1270
294 1285
294 1310
294 1383
294 1556
294 1659
295 552
295 557
295 700
295 1311
295 1404
295 1415
295 1583
295 1936
296 643
296 698
296 938
296 1230
296 1592
296 1979
297 593
297 717
297 915
297 991
297 1062
297 1361
297 1547
297 1711
297 1817
297 1850
298 364
298 442
298 724
298 974
298 1168
298 1179
298 1566
298 1572
298 1760
298 1786
299 313
299 511
299 774
299 1317
299 1406
299 1834
299 1915
299 1966
300 496
300 702
300 790
300 930
300 1148
300 1356
300 1382
300 1421
300 1727
300 1732
300 1742
300 1779
300 1858
301 324
301 371
301 387
301 478
301 641
301 711
301 1330
301 1445
301 1486
301 1648
301 1682
301 1953
302 463
302 1012
302 1087
302 1136
302 1288
302 1495
302 1934
303 443
303 716
303 793
303 1148
303 1154
303 1191
303 1204
303 1250
303 1480
303 1561
303 1642
303 1652
303 1802
303 1949
303 1987
304 342
304 542
304 597
304 629
304 713
304 781
304 832
304 891
304 899
304 1210
304 1500
304 1597
305 530
305 601
305 786
305 1496
305 1872
305 1898
306 362
306 538
306 698
306 1245
306 1395
306 1632
306 1758
306 1768
306 1827
307 310
307 409
307 814
307 973
307 1324
307 1672
307 1760
307 1764
307 1948
308 390
308 556
308 715
308 733
308 834
308 957
308 1046
308 1194
308 1250
308 1590
308 1598
308 1674
309 483
309 532
309 572
309 654
309 1033
309 1324
310 424
310 436
310 651
310 764
310 1063
310 1352
310 1542
310 1555
310 1761
311 425
311 622
311 869
311 912
311 1086
311 1296
311 1425
311 1576
311 1679
311 1785
311 1984
312 397
312 427
312 578
312 844
312 1140
312 1413
312 1482
312 1590
312 1772
312 1799
312 1844
313 979
313 1583
313 1850
314 355
314 488
314 549
314 954
314 1053
314 1122
314 1149
314 1170
314 1503
314 1594
314 1798
314 1816
315 403
315 571
315 616
315 650
315 718
315 835
315 1093
315 1212
315 1324
315 1331
315 1410
315 1460
315 1674
315 1862
315 1970
316 452
316 643
316 699
316 933
316 1392
316 1555
316 1644
316 1662
316 1854
317 407
317 466
317 616
317 680
317 1357
317 1816
317 1821
317 1929
317 1937
317 1978
318 331
318 836
318 866
318 964
318 972
318 976
318 1049
318 1150
318 1321
318 1712
318 1757
318 1857
319 483
319 550
319 688
319 1650
319 1816
320 438
320 663
320 769
320 826
320 1252
320 1298
320 1582
320 1758
320 1880
321 1078
321 1215
321 1293
321 1674
321 1860
322 433
322 475
322 602
322 610
322 673
322 1508
322 1549
323 402
323 602
323 626
323 688
323 849
323 927
323 941
323 1141
323 1161
323 1176
323 1209
323 1345
324 391
324 736
324 1214
324 1469
325 435
325 712
325 794
325 978
325 1095
325 1118
325 1132
325 1166
325 1458
326 485
326 510
326 802
326 936
326 1324
326 1836
326 1919
327 440
327 506
327 548
327 601
327 718
327 980
327 1001
327 1071
327 1389
327 1441
327 1480
327 1482
327 1493
327 1826
328 523
328 1124
328 1158
328 1467
328 1861
329 392
329 686
329 876
329 1043
329 1141
329 1924
330 344
330 738
330 850
330 904
330 1709
330 1711
331 495
331 653
331 731
331 772
331 869
331 931
331 1159
331 1641
331 1754
331 1847
331 1958
332 633
332 715
332 1022
332 1062
332 1111
332 1512
332 1739
332 1790
333 660
333 1072
333 1169
333 1244
333 1405
333 1485
333 1510
333 1994
334 539
334 665
334 698
334 733
334 979
334 1330
334 1575
334 1801
334 1828
334 1900
334 1906
335 651
335 794
335 1327
335 1351
335 1849
336 497
336 527
336 611
336 1197
336 1342
336 1568
336 1933
336 1971
337 488
337 729
337 817
337 1121
337 1493
338 359
338 370
338 502
338 993
338 1355
338 1411
338 1608
338 1860
338 1864
338 1880
338 1917
338 1924
339 341
339 890
339 1067
339 1466
339 1573
340 383
340 476
340 519
340 623
340 650
340 785
340 1053
340 1223
340 1455
340 1610
340 1781
340 1786
341 562
341 609
341 652
341 965
341 1088
341 1738
341 1755
341 1965
342 887
342 963
342 1184
342 1593
342 1698
342 1785
342 1838
343 550
343 752
343 898
343 1087
343 1225
343 1258
343 1440
343 1639
343 1713
344 559
344 585
344 606
344 707
344 754
344 899
344 1125
344 1393
344 1423
344 1485
344 1652
344 1860
344 1907
345 419
345 461
345 768
345 790
345 791
345 862
345 1085
345 1199
345 1479
345 1533
345 1841
345 1943
346 381
346 1044
346 1063
346 1171
346 1215
346 1253
346 1309
346 1826
346 1837
346 1843
346 1893
346 1988
347 415
347 569
347 600
347 652
347 764
347 869
347 1137
347 1218
348 354
348 791
348 888
348 901
348 936
348 1342
348 1343
348 1505
348 1923
349 548
349 597
349 645
349 809
349 823
349 1445
349 1452
349 1595
350 490
350 567
350 987
350 1067
350 1136
350 1185
350 1508
350 1545
350 1607
350 1754
351 556
351 1779
352 619
352 868
352 988
352 992
352 1241
352 1370
353 478
353 482
353 795
353 907
353 968
353 1267
353 1472
353 1516
353 1559
353 1903
353 1919
354 363
354 540
354 549
354 607
354 1322
354 1866
355 384
355 472
355 771
355 1390
355 1778
355 1835
356 585
356 742
356 765
356 1055
356 1107
356 1571
356 1819
356 1832
356 1884
357 364
357 457
357 715
357 1069
357 1209
357 1387
357 1795
358 440
358 471
358 999
358 1073
358 1273
358 1679
358 1819
358 1845
359 721
359 1262
359 1548
359 1802
360 734
360 773
360 896
360 1701
360 1824
361 416
361 559
361 787
361 835
361 1044
361 1198
361 1938
362 671
362 713
362 1059
362 1156
362 1267
362 1288
362 1342
362 1410
362 1570
362 1838
363 617
363 829
363 890
363 893
363 911
363 1048
363 1223
363 1274
363 1314
363 1399
364 403
364 485
364 1049
364 1175
364 1239
364 1365
364 1561
364 1707
364 1772
364 1791
364 1899
365 709
365 818
365 934
365 974
365 983
365 992
365 1137
365 1225
365 1711
365 1986
366 942
366 990
366 1297
366 1503
366 1753
366 1952
367 639
367 1602
367 1642
368 467
368 517
368 669
368 728
368 945
368 1292
368 1582
368 1613
368 1619
368 1622
368 1635
368 1738
368 1770
368 1870
368 1898
368 1948
369 423
369 440
369 1229
369 1585
369 1953
369 1959
369 1960
370 447
370 561
370 728
370 769
370 1005
370 1049
370 1098
370 1141
370 1351
370 1880
370 1901
371 931
371 1012
371 1081
371 1213
371 1243
371 1298
371 1390
371 1801
371 1902
372 889
372 890
372 979
372 1280
372 1366
372 1394
372 1469
372 1775
372 1830
373 528
373 702
373 779
373 866
373 1788
374 447
374 515
374 563
374 580
374 737
374 902
374 1258
374 1479
374 1514
374 1838
375 576
375 863
375 980
375 1036
375 1058
375 1082
375 1247
375 1249
375 1299
375 1563
375 1568
375 1984
376 377
376 412
376 425
376 517
376 789
376 1016
376 1104
376 1168
376 1231
376 1389
376 1404
377 476
377 524
377 558
377 870
377 898
377 1064
377 1065
377 1423
377 1537
377 1592
377 1754
378 860
378 866
378 902
378 1151
378 1433
378 1503
378 1542
379 574
379 1024
379 1145
379 1502
379 1630
380 640
380 668
380 745
380 1062
380 1097
380 1284
380 1417
380 1826
381 446
381 531
381 1509
381 1705
381 1841
382 854
382 1021
382 1282
382 1300
382 1549
382 1612
382 1646
382 1970
382 1977
383 444
383 592
383 936
383 1047
383 1181
383 1506
383 1599
383 1686
383 1907
384 715
384 1124
384 1428
384 1644
384 1704
384 1991
385 432
385 485
385 1125
385 1473
385 1506
385 1554
385 1656
385 1703
385 1823
386 1173
386 1565
386 1568
386 1702
386 1783
386 1847
386 1947
387 814
387 913
387 919
387 1249
387 1523
388 394
388 566
388 600
388 964
388 1188
388 1286
388 1486
388 1577
388 1642
388 1774
389 660
389 787
389 963
389 1119
389 1166
389 1497
389 1541
389 1627
389 1806
390 975
390 1098
390 1238
390 1248
390 1282
390 1616
391 413
391 696
391 839
391 893
391 1065
391 1192
391 1455
391 1498
391 1805
392 665
392 806
392 852
392 1047
392 1284
392 1718
393 604
393 792
393 804
393 896
393 1096
393 1198
393 1293
393 1381
393 1658
393 1769
393 1919
394 420
394 441
394 860
394 1038
394 1096
394 1740
394 1809
395 476
395 494
395 531
395 543
395 561
395 776
395 861
395 1487
395 1510
395 1520
395 1648
395 1742
396 617
396 746
396 905
396 1239
396 1473
396 1630
396 1987
397 636
397 828
397 1073
397 1237
397 1317
397 1323
397 1442
397 1586
397 1671
397 1804
397 1832
398 421
398 524
398 717
398 811
398 899
398 1015
398 1041
398 1089
398 1509
398 1543
398 1673
398 1862
399 512
399 566
399 807
399 1393
399 1849
399 1885
399 1931
399 1956
400 459
400 824
400 1335
400 1847
400 1894
401 475
401 592
401 796
401 830
401 1350
401 1353
401 1363
401 1499
401 1696
401 1734
401 1735
402 507
402 528
402 786
402 1112
402 1175
402 1201
402 1385
402 1520
402 1728
402 1792
402 1855
403 477
403 763
403 851
403 1305
403 1615
403 1721
403 1869
403 1911
403 1981
404 498
404 722
404 811
404 868
404 886
404 1053
404 1143
404 1152
404 1168
404 1228
404 1532
404 1763
404 1841
405 1310
405 1647
405 1840
406 426
406 682
406 1098
406 1126
406 1477
406 1586
407 871
407 1003
407 1458
408 439
408 469
408 839
408 1409
408 1525
408 1832
408 1902
409 604
409 658
409 953
409 1429
409 1606
409 1640
409 1708
409 1730
410 483
410 842
410 1060
410 1206
410 1435
410 1477
410 1544
410 1800
410 1832
410 1921
411 670
411 966
411 1241
411 1526
411 1803
411 2000
412 619
412 967
412 1220
412 1782
412 1931
412 1942
412 1987
413 586
413 606
413 625
413 915
413 1195
413 1200
413 1374
413 1423
413 1707
413 1839
414 618
414 692
414 807
414 848
414 1096
415 1000
415 1557
415 1683
415 1831
416 507
416 570
416 893
416 1199
416 1251
416 1260
416 1297
416 1324
416 1350
416 1425
416 1942
417 590
417 1707
417 1874
417 1887
418 806
418 905
418 1240
418 1322
418 1519
419 1355
419 1489
419 1741
419 1748
419 1851
419 1995
420 956
420 1063
420 1241
420 1281
420 1521
420 1637
421 583
421 653
421 725
421 832
421 878
421 984
421 1084
421 1468
421 1642
421 1657
421 1703
421 1861
422 710
422 828
422 1149
422 1194
422 1374
422 1684
422 1941
422 1993
423 492
423 714
423 1139
423 1443
423 1699
423 1763
423 1825
423 1945
424 548
424 1182
424 1837
425 449
425 619
425 733
425 1125
425 1303
425 1345
425 1539
425 1673
425 1729
426 1169
426 1436
426 1459
426 1467
426 1518
426 1634
426 1999
427 813
427 920
427 988
427 1138
427 1148
427 1299
427 1380
427 1870
427 1991
428 475
428 909
428 1134
428 1393
428 1433
428 1934
429 487
429 566
429 999
429 1117
429 1282
429 1301
429 1397
429 1660
429 1826
430 475
430 852
430 1061
430 1089
430 1163
430 1486
430 1606
430 1608
430 1797
430 1816
431 611
431 841
431 1618
431 1977
432 475
432 596
432 655
432 743
432 779
432 850
432 885
432 998
432 1563
432 1576
433 463
433 821
433 1454
433 1491
433 1507
433 1526
433 1549
433 1645
434 574
434 661
434 850
434 1115
434 1474
435 594
435 788
435 1140
435 1678
436 813
436 1023
436 1262
436 1457
436 1706
436 1835
436 1944
437 445
437 446
437 732
437 811
437 1099
437 1109
437 1495
437 1738
438 521
438 1444
438 1518
438 1535
438 1542
438 1640
438 1732
439 506
439 688
439 864
439 1000
439 1071
439 1079
439 1831
439 1885
439 1973
440 476
440 652
440 1124
440 1664
440 1692
440 1698
441 469
441 538
441 1248
441 1730
441 1753
441 1924
441 1932
442 954
442 1266
442 1378
442 1537
443 884
443 1075
443 1118
443 1325
443 1415
443 1588
443 1655
443 1777
443 1809
443 1999
444 488
444 994
444 1193
444 1322
444 1831
445 846
445 1166
445 1227
445 1529
445 1593
445 1678
445 1817
445 1837
446 816
446 1956
447 867
447 1088
447 1270
447 1529
447 1700
447 1775
448 734
448 1088
448 1272
448 1381
448 1430
448 1896
448 1899
449 687
449 691
449 1010
449 1311
449 1438
449 1465
449 1755
449 1921
450 581
450 670
450 847
450 1003
450 1388
450 1710
450 1780
450 1887
451 628
451 988
451 1285
451 1348
451 1540
451 1604
451 1787
452 684
452 686
452 1267
452 1315
452 1504
452 1887
452 1904
452 1917
452 1979
453 639
453 704
453 821
453 832
453 1099
453 1128
453 1269
453 1364
453 1402
453 1414
453 1423
453 1616
453 1796
453 1867
453 1904
453 1937
454 470
454 1420
454 1773
454 1825
454 1923
455 970
455 1021
455 1179
455 1282
456 542
456 715
456 775
456 936
456 1054
456 1120
456 1188
456 1222
456 1445
456 1550
457 639
457 989
457 1157
457 1409
457 1437
457 1733
457 1994
458 492
458 903
458 933
458 1022
458 1025
458 1347
458 1359
458 1548
458 1564
458 1644
458 1661
459 950
459 1002
459 1214
459 1231
459 1301
459 1327
459 1828
459 1853
459 1898
460 766
460 785
460 965
460 1046
460 1320
460 1415
460 1509
461 556
461 605
461 611
461 633
461 785
461 1142
461 1392
461 1405
461 1695
461 1856
461 1911
461 1987
462 918
462 955
462 1225
463 809
463 1054
463 1076
463 1272
463 1573
463 1585
463 1794
463 1804
463 1851
463 1936
463 1991
464 509
464 921
464 1185
464 1369
465 469
465 475
465 696
465 992
465 1004
465 1572
465 1788
465 1895
466 797
466 1291
466 1579
466 1724
466 1987
467 544
467 627
467 637
467 984
467 1388
467 1442
467 1501
467 1765
467 1793
468 642
468 758
468 1267
468 1385
468 1874
469 651
469 1279
469 1439
469 1618
469 1646
469 1832
469 1841
469 1914
470 698
470 752
470 1055
470 1098
470 1324
470 1385
470 1472
470 1563
471 742
471 773
471 890
471 948
471 1008
471 1079
471 1283
471 1389
471 1403
471 1597
471 1662
471 1770
471 1799
472 525
472 547
472 622
472 806
472 1084
472 1381
472 1618
472 1711
472 1715
473 682
473 767
473 768
473 954
473 1963
474 1182
474 1451
474 1673
474 1698
474 1758
474 1832
474 1922
475 587
475 982
475 1199
475 1555
475 1781
476 757
476 857
476 1219
476 1244
476 1457
476 1521
476 1713
476 1745
476 1811
476 1860
476 1880
477 827
477 948
477 1309
477 1508
477 1734
478 489
478 571
478 744
478 779
478 799
478 834
478 1180
478 1264
478 1300
478 1486
478 1640
479 1152
479 1307
479 1416
479 1473
479 1807
479 1970
480 594
480 651
480 791
480 1055
480 1317
480 1350
480 1367
480 1513
480 1725
480 1990
480 1999
481 548
481 754
481 832
481 1230
481 1272
481 1295
481 1348
481 1362
481 1480
481 1543
481 1553
481 1680
481 1816
481 1827
482 1175
482 1520
482 1633
482 1690
482 1751
483 829
483 1053
483 1475
483 1739
483 1947
483 1992
484 573
484 929
484 1297
484 1423
484 1438
484 1794
484 1974
485 525
485 612
485 820
485 1266
485 1296
485 1370
485 1680
486 491
486 756
486 794
486 1213
486 1366
486 1698
487 1200
487 1213
487 1504
487 1649
487 1671
487 1800
488 641
488 993
488 1019
488 1066
488 1526
488 1632
488 1813
488 1814
488 1886
488 1959
488 1984
489 679
489 787
489 857
489 964
489 1017
489 1414
489 1676
489 1716
490 1002
490 1029
490 1374
490 1705
491 601
491 820
491 834
491 1821
491 1915
491 1925
492 772
492 859
492 884
492 905
492 1128
492 1332
492 1436
492 1606
492 1954
492 1980
493 721
493 724
493 905
493 1583
493 1693
493 1870
493 1897
494 677
494 755
494 816
494 859
494 972
494 1155
494 1170
494 1241
494 1272
494 1335
494 1421
494 1520
494 1717
494 1763
494 1800
495 693
495 845
495 1188
495 1233
495 1271
495 1645
496 750
496 1053
496 1152
496 1855
497 516
497 772
497 871
497 1291
497 1476
498 531
498 860
498 1447
498 1502
498 1560
498 1668
498 1775
499 923
499 980
499 1109
499 1654
499 1756
499 1849
499 1875
499 1892
500 509
500 567
500 785
500 1038
500 1327
500 1347
500 1621
500 1643
500 1873
500 1932
500 1955
501 574
501 967
501 998
501 1121
501 1177
501 1596
501 1673
501 1827
501 1903
501 1919
502 773
502 1048
502 1113
502 1242
502 1251
502 1416
502 1980
503 532
503 576
503 751
503 1022
503 1124
503 1327
503 1408
503 1676
503 1754
504 583
504 686
504 941
504 1066
504 1140
504 1159
504 1196
504 1425
504 1462
504 1598
504 1654
504 1783
504 1852
504 1932
504 1994
505 1160
505 1375
505 1401
505 1626
505 1668
506 756
506 865
506 878
506 1035
506 1217
506 1221
506 1323
506 1472
506 1520
506 1626
506 1698
507 821
507 823
507 849
507 959
507 1227
507 1264
507 1494
507 1512
507 1824
507 1923
507 1954
507 1975
508 571
508 580
508 633
508 740
508 814
508 860
508 922
508 941
508 1333
508 1453
508 1583
508 1586
508 1695
509 709
509 980
509 1106
509 1436
509 1484
509 1631
510 1198
510 1241
510 1415
510 1514
510 1983
511 534
511 551
511 843
511 1046
511 1059
511 1337
511 1428
511 1600
511 1731
511 1973
512 544
512 630
512 798
512 1097
512 1172
512 1417
512 1616
512 1978
513 632
513 731
513 1022
513 1279
513 1643
513 1771
513 1787
514 707
514 756
514 817
514 1306
514 1317
514 1823
515 787
515 1153
515 1302
515 1305
515 1811
515 1840
516 580
516 755
516 1078
516 1119
516 1285
516 1524
516 1704
516 1782
517 743
517 766
517 955
517 989
517 1300
517 1324
517 1348
517 1786
517 1840
517 1950
517 1972
518 688
518 1432
518 1723
518 1980
518 1982
519 543
519 669
519 718
519 745
519 811
519 1460
519 1692
519 1863
519 1909
520 534
520 871
520 914
520 1272
520 1571
520 1633
520 1692
520 1878
521 599
521 1140
521 1259
521 1267
521 1767
521 1789
521 1949
522 684
522 1067
522 1850
523 688
523 712
523 799
523 1118
523 1315
523 1344
523 1662
523 1992
523 1993
524 734
524 840
524 1379
524 1588
525 635
525 981
525 1113
525 1144
525 1359
525 1383
525 1489
525 1529
526 534
526 730
526 896
526 952
526 1006
526 1300
526 1481
526 1547
526 1733
526 1837
527 675
527 1302
527 1443
527 1453
527 1516
527 1603
527 1667
527 1669
527 1685
527 1790
527 1888
527 1988
528 806
528 859
528 891
528 1117
528 1199
528 1562
528 1905
528 1967
529 591
529 693
529 726
529 1085
529 1157
529 1542
529 1787
529 1926
530 658
530 736
530 908
530 1044
530 1417
530 1718
530 1795
530 1847
530 1979
531 729
531 774
531 1122
531 1248
531 1468
531 1595
531 1799
531 1810
532 588
532 954
532 1032
532 1126
532 1131
532 1149
532 1924
532 1926
533 762
533 788
533 1195
533 1222
533 1876
533 1958
533 1990
534 667
534 672
534 696
534 951
534 1287
534 1765
534 1845
535 890
535 1141
535 1290
535 1655
535 1658
535 1716
536 616
536 692
536 707
536 726
536 803
536 987
536 1244
536 1252
536 1318
537 570
537 727
537 1227
537 1230
537 1320
537 1411
537 1456
538 728
538 927
538 1159
538 1584
538 1637
538 1745
538 1961
538 1991
539 548
539 777
539 1076
539 1274
539 1342
539 1497
539 1519
539 1534
540 985
540 1116
540 1157
540 1210
540 1357
540 1591
540 1652
541 975
541 1008
541 1060
541 1425
541 1669
541 1774
541 1831
541 1864
542 607
542 611
542 700
542 842
542 867
542 908
542 1158
542 1442
542 1633
543 663
543 833
543 857
543 883
543 1014
543 1701
543 1848
543 1979
544 585
544 598
544 824
544 1234
544 1498
545 720
545 789
545 926
545 1582
546 661
546 767
546 829
546 960
546 965
546 1097
546 1105
546 1165
546 1413
546 1564
546 1776
546 1950
547 598
547 660
547 753
547 984
547 1415
547 1686
547 1837
548 776
548 1047
548 1447
548 1876
549 683
549 695
549 814
549 880
549 1018
549 1100
549 1530
549 1705
549 1742
550 596
550 692
550 1193
550 1917
551 732
551 762
551 1483
551 1574
551 1578
551 1652
551 1654
551 1692
551 1743
551 1746
551 1830
552 1194
552 1242
552 1514
552 1670
552 1956
553 599
553 806
553 954
553 1234
553 1326
553 1634
554 1510
554 1638
554 1661
554 1678
554 1734
554 1812
554 1829
555 623
555 1018
555 1064
555 1177
555 1472
555 1674
555 1724
555 1731
555 1947
556 704
556 857
556 872
556 937
556 1072
556 1196
556 1247
556 1277
556 1435
556 1728
556 1764
556 1834
556 1916
557 635
557 668
557 1610
557 1840
557 1891
558 716
558 1735
558 1879
559 691
559 1059
559 1462
559 1488
559 1521
559 1719
560 828
560 829
560 1013
560 1085
560 1095
560 1320
561 1201
561 1325
561 1523
561 1801
561 1938
562 623
562 1095
562 1268
562 1769
563 599
563 708
563 955
563 1021
563 1818
564 725
564 1541
564 1562
564 1648
565 968
565 982
565 1045
565 1160
565 1365
565 1495
565 1531
565 1903
566 1182
566 1303
566 1757
566 1891
566 1968
567 1210
567 1292
567 1484
567 1530
567 1766
567 1803
568 828
568 1370
568 1447
568 1459
568 1649
569 856
569 1587
569 1919
570 1910
571 642
571 843
571 916
571 962
571 965
571 1014
571 1021
571 1074
571 1118
571 1837
572 617
572 856
572 1459
572 1858
573 692
573 1008
573 1028
573 1721
573 1830
573 1895
573 1945
573 1950
574 748
574 989
574 1420
574 1433
574 1614
575 678
575 721
575 818
575 999
575 1057
575 1075
575 1430
575 1515
575 1543
575 1688
575 1864
575 1966
576 891
576 1021
576 1034
576 1353
576 1373
576 1653
576 1802
576 1874
577 643
577 743
577 818
577 909
577 1201
577 1706
577 1768
577 1987
578 971
578 1121
578 1576
578 1673
578 1972
579 661
579 948
579 1326
579 1637
579 1701
580 679
580 910
580 1564
580 1641
581 1270
581 1340
581 1787
581 1809
581 1822
582 860
582 1253
582 1336
582 1596
582 1647
583 1040
583 1437
583 1571
583 1737
583 1813
584 800
584 1066
584 1151
584 1214
584 1236
584 1374
584 1515
584 1623
584 1777
585 635
585 1011
585 1829
586 725
586 727
586 775
586 803
586 812
586 826
586 1000
586 1093
586 1222
586 1307
586 1496
586 1539
586 1907
587 628
587 633
587 1290
587 1479
587 1550
587 1720
587 1987
588 611
588 750
588 759
588 845
588 911
588 971
588 1288
588 1321
588 1374
588 1398
588 1832
588 1904
589 633
589 689
589 713
589 892
589 1174
589 1227
589 1265
589 1270
589 1279
589 1333
589 1625
589 1646
589 1754
590 1121
590 1276
590 1324
590 1358
590 1952
591 815
591 994
591 1272
591 1465
591 1534
592 824
592 839
592 990
592 1505
592 1510
592 1604
592 1709
593 1005
593 1172
593 1278
593 1310
593 1381
593 1531
593 1573
593 1642
593 1712
594 651
594 886
594 909
594 935
594 986
594 1381
594 1385
594 1936
594 1989
595 624
595 820
595 1163
595 1690
595 1876
595 1946
595 1973
596 1470
596 1707
597 676
597 883
597 1155
597 1181
597 1657
597 1981
598 1790
598 1856
598 1905
599 703
599 829
599 972
599 1097
599 1636
599 1859
600 706
600 754
600 803
600 1277
600 1466
600 1496
600 1569
600 1586
600 1935
600 1972
601 662
601 733
601 926
601 980
601 1204
601 1480
601 1678
601 1713
601 1753
601 1946
601 1956
601 2000
602 645
602 1001
602 1117
602 1130
602 1259
602 1353
602 1401
602 1886
603 918
603 978
603 1205
603 1313
603 1423
603 1732
604 657
604 1574
604 1596
604 1690
604 1804
604 1989
605 635
605 729
605 938
605 985
605 1062
605 1219
605 1304
605 1446
605 1554
605 1756
606 752
606 1102
606 1311
606 1662
606 1731
606 1887
607 671
607 1014
607 1017
607 1247
607 1421
607 1716
608 791
608 1104
608 1140
608 1520
608 1931
609 1204
609 1399
609 1674
610 1050
610 1431
611 823
611 1373
611 1412
611 1457
611 1466
611 1500
612 623
612 713
612 762
612 1055
612 1299
612 1385
612 1577
612 1963
613 994
613 1466
613 1477
613 1816
613 1973
614 786
614 967
614 1257
614 1737
614 1808
614 1811
614 1852
614 1896
614 1922
615 868
615 1575
615 1669
615 1746
615 1867
616 696
616 1714
617 643
617 774
617 781
617 1120
617 1444
617 1611
617 1691
617 1835
618 1134
618 1692
618 1874
619 685
619 756
619 821
619 1169
619 1454
619 1530
619 1568
620 863
620 886
620 1161
620 1184
620 1671
620 1843
621 633
621 715
621 944
621 971
621 1036
621 1198
621 1565
621 1676
621 1735
622 638
622 757
622 903
622 905
622 1131
622 1239
622 1257
623 848
623 1013
623 1125
623 1646
623 1803
624 671
624 765
624 931
624 1080
624 1307
624 1374
624 1712
624 1802
624 1804
625 826
625 940
625 1325
625 1335
625 1466
625 1627
625 1905
625 1908
626 922
626 1068
626 1136
626 1159
626 1319
626 1396
626 1464
626 1940
627 658
627 725
627 970
627 1171
627 1384
627 1594
627 1936
627 1972
628 664
628 695
628 878
628 978
628 1279
629 697
629 1016
629 1094
629 1556
629 1714
629 1753
629 1789
629 1876
630 691
630 1269
630 1484
630 1532
630 1681
630 1795
630 1966
631 1179
631 1276
631 1718
631 1844
631 1856
631 1881
632 731
632 869
632 904
632 1012
632 1118
632 1195
632 1273
632 1412
632 1479
633 749
633 826
633 1268
633 1491
633 1560
633 1897
634 754
634 821
634 1014
634 1167
634 1438
635 934
635 1050
635 1095
635 1520
635 1877
635 1999
636 1408
636 1442
636 1723
636 1760
636 1770
636 1848
636 1926
637 757
637 811
637 951
637 982
637 1610
638 642
638 643
638 789
638 849
638 863
638 943
638 1053
638 1326
638 1555
638 1771
638 1790
638 1881
638 1980
639 667
639 688
639 1290
639 1383
639 1615
639 1636
639 1981
640 712
640 1276
640 1734
641 753
641 866
641 871
641 978
641 1394
641 1510
641 1536
641 1547
641 1755
641 1804
641 1914
641 1931
642 735
642 1236
642 1631
642 1916
642 1951
643 854
643 1204
643 1318
643 1962
644 700
644 980
644 1139
644 1375
644 1511
644 1757
644 1786
644 1875
645 909
645 956
645 1061
645 1117
645 1611
646 1040
646 1079
646 1115
646 1888
646 1902
647 736
647 811
647 850
647 990
647 1173
647 1797
647 1832
648 746
648 864
648 1356
648 1361
648 1547
648 1600
648 1782
648 1834
649 750
649 1371
649 1488
649 1669
649 1776
649 1998
650 1189
650 1194
650 1268
650 1580
651 1212
651 1232
651 1372
651 1422
651 1532
652 1072
652 1382
652 1626
652 1634
652 1665
653 714
653 715
653 1507
653 1620
653 1649
653 1715
653 1807
653 1965
654 1151
654 1631
654 1636
654 1651
654 1899
655 1167
655 1447
656 677
656 722
656 780
656 820
656 883
656 958
656 1529
656 1570
656 1575
656 1791
656 1876
657 788
657 814
657 852
657 1064
657 1144
657 1277
657 1407
657 1416
657 1835
657 1995
658 742
658 747
658 990
658 1075
658 1232
658 1262
658 1285
658 1421
658 1628
658 1896
658 1922
658 1948
658 1970
659 811
659 920
659 1214
659 1249
659 1283
659 1302
659 1632
659 1804
659 1888
659 1891
660 847
660 958
660 1055
660 1091
660 1348
660 1787
660 1988
661 785
661 1694
662 681
662 1204
662 1296
662 1714
663 794
663 902
663 1079
663 1300
663 1359
663 1401
663 1977
663 1997
664 943
664 1005
664 1299
664 1326
664 1618
664 1990
665 1298
665 1484
665 1726
665 1790
666 769
666 908
666 1131
666 1692
666 1733
666 1944
667 1578
667 1908
667 1967
668 836
668 1523
668 1598
668 1740
668 1861
669 793
669 1027
669 1074
669 1323
669 1340
669 1416
669 1447
669 1610
669 1634
669 1832
670 803
670 1052
670 1531
671 778
671 915
671 938
671 1109
671 1114
671 1314
671 1318
671 1322
671 1461
671 1733
672 782
672 1158
672 1180
672 1225
672 1848
672 1887
673 824
673 924
673 1050
673 1098
673 1198
673 1409
673 1418
673 1573
673 1598
673 1637
673 1737
673 1945
674 752
674 797
674 885
674 1426
674 1646
674 1819
675 971
675 1359
675 1845
676 869
676 1061
676 1517
676 1899
676 1990
677 742
677 788
677 913
677 1285
677 1339
677 1558
677 1680
677 1683
677 1708
677 1842
678 856
678 913
678 918
678 1243
678 1272
678 1429
678 1472
678 1553
678 1569
678 1790
678 1918
679 817
679 841
679 1292
679 1325
679 1618
679 1775
680 750
680 1012
680 1066
680 1468
680 1490
680 1516
680 1523
680 1781
681 711
681 888
681 972
681 1137
681 1179
681 1671
681 1739
682 717
682 808
682 821
682 954
682 955
682 1207
682 1212
682 1511
683 857
683 1438
683 1641
683 1759
684 714
684 814
684 896
684 1125
684 1444
684 1584
684 1633
685 822
685 1183
685 1197
685 1232
685 1345
685 1515
686 732
686 986
686 1118
686 1236
686 1413
686 1706
686 1823
687 971
687 1122
687 1203
687 1337
687 1391
687 1874
688 984
688 1310
688 1350
688 1368
688 1462
688 1521
688 1687
688 1714
689 709
689 1259
689 1688
690 927
690 1481
690 1560
690 1713
691 735
691 753
691 1048
691 1083
691 1109
691 1122
691 1123
691 1182
691 1286
691 1639
691 1940
691 1948
692 863
692 1065
692 1542
692 1662
692 1867
693 963
693 1177
693 1287
693 1343
693 1420
693 1447
693 1458
693 1480
693 1747
693 1799
694 779
694 842
694 974
694 1174
694 1224
694 1251
694 1520
694 1638
695 742
695 853
695 884
695 1564
695 1745
695 1923
696 734
696 786
696 1090
696 1405
696 1869
696 1886
697 746
697 874
697 1550
697 1659
697 1954
698 1242
698 1376
698 1752
698 1985
699 702
699 755
699 917
699 1392
699 1415
699 1502
699 1855
700 780
700 784
700 955
700 1093
700 1375
701 815
701 849
701 1250
701 1433
701 1581
701 1853
702 1047
702 1078
702 1082
702 1119
702 1323
702 1387
702 1498
702 1571
702 1727
702 1896
703 954
703 989
703 1023
703 1293
703 1470
703 1822
704 732
704 878
704 1013
704 1201
704 1298
704 1372
704 1388
704 1757
704 1849
704 1907
704 1981
705 1417
705 1425
705 1478
705 1540
705 1668
705 1836
705 1955
706 890
706 993
706 1574
706 1729
706 1749
707 768
707 1678
708 889
708 890
708 1084
708 1267
708 1406
708 1731
708 1875
709 1113
709 1172
709 1324
709 1380
709 1485
710 1118
710 1340
710 1482
710 1843
710 1910
710 1979
711 723
711 913
711 1012
711 1082
711 1678
712 766
712 836
712 1278
712 1429
712 1474
712 1552
712 1756
712 1788
712 1826
713 794
713 1130
713 1977
713 1979
714 1014
714 1132
714 1196
714 1263
714 1703
714 1945
714 1982
715 819
715 1621
715 1744
715 1790
716 801
716 829
716 1045
716 1319
716 1323
716 1876
717 882
717 938
717 1538
717 1735
717 1906
718 943
718 995
718 1255
718 1299
718 1331
718 1647
718 1876
718 1886
718 1894
719 1180
719 1268
719 1288
719 1450
719 1484
719 1631
720 865
720 1349
720 1372
720 1610
721 776
721 953
721 979
721 1007
721 1187
721 1220
721 1504
721 1570
721 1649
721 1801
721 1803
721 1969
721 1973
722 769
722 825
722 849
722 858
722 1317
722 1678
723 1020
723 1021
723 1067
723 1258
723 1272
723 1738
723 1816
723 1865
724 785
724 1063
724 1422
724 1991
725 784
725 973
725 1328
725 1486
725 1522
725 1857
725 1912
725 1935
725 1995
726 829
726 1723
726 1806
727 743
727 832
727 935
727 1068
727 1088
727 1160
727 1421
727 1498
727 1580
727 1870
728 833
728 955
728 963
728 971
728 1153
728 1284
728 1349
728 1921
729 866
729 931
729 1044
729 1265
729 1345
729 1442
729 1479
729 1504
729 1850
730 746
730 981
730 1160
730 1217
730 1292
730 1407
730 1745
730 1747
730 1901
731 916
731 1013
731 1028
731 1189
731 1624
731 1728
731 1791
731 1806
732 918
732 960
732 1021
732 1458
732 1614
732 1647
732 1720
732 1876
732 1942
733 1062
733 1097
733 1325
733 1441
733 1978
733 1985
734 816
734 861
734 898
734 1427
734 1470
734 1754
734 1863
735 1584
735 1647
736 1646
736 1695
736 1899
736 1963
736 1979
737 779
737 880
737 1153
737 1336
737 1356
737 1395
737 1407
737 1628
737 1985
738 759
738 932
738 1095
738 1281
738 1439
738 1599
738 1705
738 1809
738 1972
739 945
739 1248
739 1308
739 1703
739 1750
740 919
740 927
740 1039
740 1179
740 1207
740 1589
740 1619
740 1843
740 1875
741 890
741 1025
741 1062
741 1079
741 1226
741 1256
741 1371
741 1586
741 1867
742 889
742 1077
742 1089
742 1245
742 1502
742 1761
743 1136
743 1146
743 1769
744 747
744 749
744 1045
744 1876
744 1881
745 841
745 972
745 1088
745 1209
745 1355
745 1501
745 1545
745 1594
745 1669
746 841
746 880
746 977
746 1149
746 1416
746 1482
747 1074
747 1247
747 1721
747 1836
747 1837
747 1844
747 1871
748 968
748 1214
748 1727
749 1085
749 1384
749 1862
750 758
750 985
750 1666
750 1877
750 1917
751 992
751 1214
751 1497
751 1573
751 1581
751 1714
752 843
752 945
752 974
752 994
752 1577
752 1636
752 1915
753 1188
753 1281
753 1478
753 1496
753 1897
753 1968
754 884
754 1215
754 1513
754 1536
754 1538
754 1544
754 1642
754 1655
755 928
755 929
755 984
755 1235
755 1954
755 1989
756 814
756 854
756 1067
756 1133
756 1203
756 1610
756 1625
756 1786
756 1888
757 954
757 1000
757 1220
757 1248
757 1715
757 1732
757 1751
758 878
758 910
758 1795
759 999
759 1247
759 1300
759 1389
759 1414
759 1532
759 1718
759 1778
759 1955
760 952
760 1502
760 1695
760 1818
760 1834
760 1931
761 836
761 1215
761 1905
762 951
762 957
762 1108
762 1110
762 1306
762 1437
762 1511
762 1528
762 1629
762 1638
762 1853
762 1970
763 1020
763 1109
763 1288
763 1784
763 1807
763 1992
763 1998
764 1519
764 1546
764 1565
764 1642
764 1657
764 1762
764 1935
765 896
765 923
765 1149
765 1539
765 1694
766 1416
766 1420
766 1515
766 1601
766 1615
766 1709
766 1744
766 1865
766 1998
767 803
767 1351
767 1622
767 1693
768 1379
768 1444
768 1516
768 1812
768 1814
768 1904
769 1087
769 1256
769 1344
769 1714
769 1870
770 788
770 1050
770 1276
770 1295
770 1410
770 1521
770 1531
770 1679
771 781
771 864
771 980
771 1133
771 1240
771 1635
771 1887
771 1979
772 942
772 1287
772 1480
772 1650
772 1809
772 1819
772 1829
773 900
773 1024
773 1037
773 1142
773 1481
773 1872
773 1946
773 1970
774 781
774 991
774 1345
775 830
775 971
775 1331
775 1459
775 1496
775 1905
775 1956
776 803
776 1663
776 1935
777 799
777 1618
778 1131
778 1376
778 1387
778 1392
778 1615
778 1915
778 1932
779 1941
779 1954
780 1611
780 1967
780 1992
781 978
781 1155
781 1182
781 1417
781 1423
781 1691
781 1767
781 1829
782 1353
782 1401
783 920
783 1142
783 1241
783 1620
783 1697
783 1764
783 1819
783 1873
784 967
784 1124
784 1242
784 1428
784 1448
784 1604
784 1862
785 962
785 989
785 1043
785 1045
785 1066
785 1109
785 1127
785 1175
785 1327
785 1805
785 1812
785 1852
786 874
786 1728
787 1260
787 1280
787 1494
787 1513
788 1770
788 1905
789 893
789 1073
789 1089
789 1538
789 1738
789 1835
789 1959
790 875
790 1235
790 1585
790 1700
790 1875
790 1897
791 1128
791 1170
791 1238
791 1277
791 1447
791 1467
791 1678
791 1821
791 1860
791 1994
792 1567
792 1612
793 807
793 1225
794 879
794 1478
794 1950
795 894
795 965
795 1191
795 1331
795 1347
795 1605
795 1721
795 1742
795 1813
796 922
796 1106
796 1107
796 1293
796 1695
796 1886
797 1179
797 1340
797 1803
797 1920
797 1922
797 1930
797 1947
798 910
798 1193
798 1408
798 1432
798 1436
798 1526
798 1651
798 1688
798 1748
798 1815
799 827
799 1485
799 1516
799 1672
800 1093
800 1160
800 1304
800 1688
800 1838
801 847
801 1103
801 1222
801 1477
801 1504
801 1561
801 1717
801 1736
801 1986
802 981
802 1074
802 1250
802 1544
802 1647
803 1095
803 1233
803 1315
803 1326
803 1495
803 1508
803 1853
804 1026
804 1319
804 1459
804 1468
804 1600
804 1789
804 1940
805 866
805 952
805 1111
805 1145
805 1250
805 1702
805 1901
805 1926
806 828
806 992
806 1013
806 1040
806 1148
806 1272
806 1329
806 1374
806 1485
806 1740
806 1885
806 1997
807 1040
807 1468
807 1571
807 1699
807 1932
808 1430
808 1726
808 1790
808 1965
809 1066
809 1431
809 1693
809 1792
809 1807
810 1311
810 1470
810 1548
810 1614
810 1688
810 1892
810 1914
810 1963
811 899
811 921
811 1015
811 1055
811 1115
811 1188
811 1542
811 1857
812 839
812 1022
812 1449
812 1460
812 1535
812 1941
813 897
813 915
813 983
813 1154
813 1197
813 1343
814 885
814 987
814 1058
814 1140
814 1699
814 1833
815 896
815 952
815 977
815 1304
815 1630
815 1914
816 867
816 905
816 1139
816 1201
816 1314
816 1688
817 832
817 1166
817 1490
817 1686
817 1980
818 861
818 932
818 1035
818 1228
818 1355
818 1620
819 1034
819 1135
819 1141
819 1230
819 1272
819 1811
820 824
820 873
820 989
820 1054
820 1150
820 1299
820 1382
820 1453
820 1701
820 1792
820 1806
821 1111
821 1426
821 1463
821 1495
821 1673
821 1757
822 1122
822 1132
822 1332
822 1673
822 1790
822 1797
822 1854
823 896
823 957
823 1215
823 1234
823 1468
823 1523
823 1589
823 1623
824 1304
824 1310
824 1575
824 1699
824 1732
824 1817
825 884
825 1140
825 1323
825 1630
825 1820
825 1912
826 910
826 967
826 1129
826 1131
826 1202
826 1393
826 1469
826 1620
826 1674
826 1738
826 1862
827 936
827 998
827 1009
827 1253
827 1478
827 1487
827 1604
827 1766
827 1773
827 1832
827 1923
827 1988
828 965
828 1407
828 1650
828 1665
829 875
829 1244
829 1590
829 1712
830 947
830 1413
830 1516
830 1777
831 985
831 1877
832 915
832 1156
832 1184
832 1511
832 1550
833 1225
833 1328
833 1413
833 1667
833 1686
834 1423
834 1477
834 1703
834 1842
834 1880
835 888
835 1062
835 1360
835 1968
836 1172
836 1302
836 1677
836 1793
837 1275
837 1389
837 1756
838 891
838 940
838 941
838 970
838 1253
838 1931
838 1981
839 1213
839 1261
839 1753
839 1893
840 859
840 1021
840 1026
840 1122
840 1191
840 1496
841 972
841 1006
841 1071
841 1172
841 1292
841 1383
841 1389
841 1690
842 973
842 1094
842 1117
842 1152
842 1947
843 1137
843 1224
843 1645
843 1958
844 849
844 1255
844 1417
844 1558
844 1631
844 1676
844 1849
844 1871
845 1474
845 1867
846 912
846 1015
846 1585
846 1971
848 889
848 1535
848 1785
848 1963
848 1973
849 1027
849 1159
849 1413
849 1955
850 1324
850 1389
850 1436
850 1626
850 1792
851 1012
851 1031
851 1303
852 899
853 1632
854 1341
854 1368
854 1402
854 1731
854 1827
854 1871
855 1113
855 1303
855 1363
855 1482
855 1518
855 1652
855 1696
855 1883
855 1985
856 1616
856 1829
856 1886
857 1125
857 1882
858 1013
858 1142
858 1455
859 988
859 1159
859 1568
859 1598
859 1599
860 1052
860 1171
860 1205
860 1926
861 942
861 1028
861 1038
861 1745
861 1946
862 1042
862 1050
862 1070
862 1988
863 1184
863 1216
864 1065
864 1720
865 1262
865 1374
865 1595
865 1735
866 939
866 982
866 1022
866 1655
866 1822
867 1149
867 1163
867 1234
867 1808
867 1814
868 1039
868 1516
868 1546
868 1549
869 918
869 926
869 956
869 1003
869 1099
870 914
870 1501
870 1514
870 1600
870 1712
870 1867
870 1892
871 932
871 1163
871 1295
871 1559
871 1600
871 1717
871 1836
871 1839
872 1328
872 1808
872 1839
872 1900
872 1964
873 967
873 1559
873 1900
874 1122
874 1156
874 1283
875 898
875 930
875 1072
875 1258
876 1614
876 1712
876 1746
877 932
877 1835
877 1881
877 1975
877 1999
878 909
878 926
878 1015
878 1051
878 1078
878 1153
878 1373
878 1404
878 1647
878 1780
878 1794
878 1895
878 1983
879 1139
879 1549
879 1892
879 1931
880 972
880 998
880 1070
880 1155
880 1347
880 1736
881 1561
881 1585
882 948
882 1230
882 1231
882 1395
882 1469
882 1617
882 1775
882 1987
883 1416
883 1667
883 1710
883 1760
883 1867
884 904
884 931
884 991
884 1540
885 1014
885 1320
885 1323
885 1459
885 1562
885 1782
885 1889
885 1953
886 1027
886 1092
886 1096
886 1110
886 1275
886 1539
887 937
887 1923
888 896
888 1055
888 1200
888 1351
888 1831
889 1038
889 1519
889 1534
889 1764
889 1765
889 1916
890 1520
890 1607
890 1836
890 1967
890 1976
891 1075
891 1629
891 1644
891 1686
891 1943
891 1956
892 1597
892 1669
892 1931
893 1025
893 1406
893 1414
893 1830
893 1891
894 942
894 1351
894 1356
894 1365
894 1391
894 1509
894 1548
894 1878
895 1059
895 1139
895 1971
896 1149
896 1463
896 1719
896 1870
896 1903
897 900
897 1558
897 1586
897 1623
898 922
898 1103
898 1182
898 1228
898 1295
898 1330
898 1347
898 1421
898 1424
898 1542
898 1852
899 1214
899 1231
899 1295
899 1302
899 1455
899 1559
899 1654
899 1655
899 1699
899 1935
900 916
900 992
900 1245
900 1355
900 1762
900 1778
900 1952
901 1225
901 1492
901 1540
901 1575
901 1601
901 1817
902 1023
902 1030
902 1133
902 1197
902 1275
902 1415
902 1496
902 1612
902 1808
902 1979
903 1005
903 1074
903 1309
903 1457
903 1855
903 1954
904 960
904 1072
904 1438
904 1469
904 1913
904 1919
904 1945
905 908
905 1029
905 1099
905 1399
905 1571
905 1744
906 1093
906 1639
906 1815
907 1210
907 1236
907 1711
908 1016
908 1048
908 1110
908 1799
908 1944
909 1099
909 1298
909 1450
909 1672
909 1854
909 1857
910 945
910 1133
910 1285
910 1396
910 1576
910 1662
910 1766
910 1825
910 1958
911 974
911 1118
911 1135
911 1483
911 1553
911 1762
911 1769
911 1785
911 1816
912 1322
912 1559
912 1627
912 1699
912 1700
912 1824
913 983
913 1040
913 1215
913 1266
913 1446
913 1719
913 1796
913 1893
914 1305
914 1339
914 1381
914 1431
914 1552
914 1928
915 1273
915 1472
915 1539
915 1769
916 932
916 960
916 1301
916 1304
916 1327
916 1372
916 1648
916 1953
917 1539
917 1848
917 1872
918 1295
918 1843
918 1961
918 1999
919 1034
919 1212
919 1396
919 1620
919 1721
919 1948
920 1428
920 1472
920 1562
920 1587
921 1087
921 1663
921 1706
922 948
922 1615
922 1842
922 1889
922 1989
923 940
923 992
923 1352
923 1490
923 1711
923 1809
924 1073
924 1167
924 1398
924 1621
924 1796
924 1902
924 1972
925 1246
926 1001
926 1152
926 1168
926 1460
926 1466
926 1992
927 1555
927 1734
927 1783
927 1794
928 1036
928 1147
928 1564
928 1613
929 1282
929 1321
929 1521
929 1585
929 1696
929 1708
930 958
930 960
930 1510
930 1647
930 1922
930 1968
930 1991
931 1291
931 1922
932 1133
932 1224
932 1248
932 1420
932 1711
932 1992
933 1224
933 1502
933 1540
933 1882
934 1083
934 1152
934 1824
934 1962
935 1444
935 1856
935 1878
936 1153
936 1381
936 1472
936 1785
936 1907
937 1255
937 1263
937 1344
937 1467
937 1522
937 1931
938 1163
938 1290
938 1314
938 1383
938 1428
938 1529
938 1701
938 1807
939 1007
939 1072
939 1100
939 1117
939 1329
939 1625
939 1642
939 1924
940 945
940 1058
940 1363
940 1652
940 1703
941 1024
941 1058
941 1066
941 1259
941 1287
941 1795
941 1925
942 1109
942 1231
942 1636
942 1998
943 1101
943 1502
943 1883
943 1994
944 1024
944 1426
944 1572
944 1637
944 1705
944 1789
944 1864
944 1868
945 949
945 1005
945 1022
945 1112
945 1563
945 1634
945 1780
947 1056
947 1285
947 1385
947 1934
947 1962
948 1010
948 1514
948 1733
948 1974
949 1156
949 1972
950 993
950 1226
950 1297
950 1437
950 1439
950 1895
950 1930
951 1291
951 1412
951 1424
952 971
952 1059
952 1527
953 1033
953 1117
953 1178
953 1735
953 1740
954 1123
954 1128
954 1143
954 1469
954 1494
954 1572
954 1621
954 1831
955 1054
955 1255
955 1525
955 1539
955 1653
955 1814
955 1990
956 1084
956 1547
956 1650
956 1742
956 1936
957 1044
957 1186
957 1562
957 1808
957 1998
958 959
958 996
958 1015
958 1092
958 1227
958 1447
958 1524
958 1677
958 1902
959 1108
959 1112
959 1136
959 1388
959 1435
959 1663
959 1740
959 1746
959 1868
960 1354
960 1562
960 1620
960 1804
961 1003
961 1346
961 1414
961 1650
962 1020
962 1124
962 1223
962 1375
962 1392
962 1524
962 1689
963 1064
963 1890
964 1317
964 1471
964 1698
964 1716
964 1911
964 1990
965 1226
965 1404
965 1452
965 1701
965 1805
965 1833
965 1864
966 1233
966 1273
966 1499
966 1656
966 1735
966 1812
967 1048
967 1596
968 1016
968 1207
968 1652
969 985
969 1250
969 1529
969 1582
969 1609
969 1721
969 1875
970 1376
970 1529
970 1969
971 1043
971 1701
971 1753
972 1282
972 1452
972 1750
972 1934
973 1046
973 1162
973 1224
973 1270
973 1518
973 1691
974 1362
974 1377
974 1431
974 1551
974 1565
974 1698
975 1004
975 1040
975 1186
975 1208
975 1764
976 1103
976 1273
976 1363
976 1509
976 1691
976 1849
977 1060
977 1105
977 1167
977 1255
977 1699
977 1916
978 1306
978 1630
979 1013
979 1023
979 1191
979 1280
979 1540
979 1774
979 1845
979 1958
981 1272
981 1491
981 1555
982 1058
982 1130
982 1196
982 1246
982 1431
982 1706
982 1869
982 1952
983 1151
983 1156
983 1278
983 1442
983 1941
984 1028
984 1097
984 1099
984 1412
984 1630
984 1638
984 1828
985 1217
985 1340
986 993
986 1582
986 1606
986 1758
986 1861
986 1969
987 1093
987 1932
987 1933
987 1987
988 1267
988 1382
988 1465
988 1686
988 1825
988 1886
989 1028
989 1232
989 1519
989 1575
990 1009
990 1087
990 1331
990 1390
990 1630
990 1687
990 1833
990 1893
990 1898
991 1084
991 1180
991 1255
991 1428
991 1524
991 1563
992 1232
992 1611
992 1622
992 1714
993 1210
993 1409
994 1284
994 1536
994 1704
994 1965
995 1079
995 1179
995 1241
995 1304
995 1385
995 1389
995 1502
995 1589
995 1853
995 1856
995 1927
995 1970
996 1607
997 1711
997 1791
998 1309
998 1814
998 1879
998 1894
998 1918
998 1957
999 1104
999 1219
999 1235
999 1245
999 1507
999 1764
999 1896
1000 1016
1000 1263
1000 1431
1000 1505
1000 1989
1001 1017
1001 1442
1001 1859
1002 1225
1002 1773
1002 1893
1002 1960
1002 1961
1003 1183
1004 1159
1004 1223
1004 1291
1004 1392
1004 1810
1004 1855
1005 1273
1005 1350
1005 1369
1005 1823
1005 1841
1006 1014
1006 1095
1006 1108
1006 1140
1006 1461
1006 1584
1007 1045
1007 1212
1007 1369
1007 1470
1007 1688
1007 1782
1008 1046
1008 1067
1008 1137
1008 1658
1009 1016
1009 1330
1009 1431
1009 1951
1010 1571
1011 1204
1011 1293
1011 1507
1012 1028
1012 1234
1012 1604
1013 1124
1013 1535
1013 1909
1013 1983
1014 1050
1014 1448
1014 1619
1014 1630
1014 1892
1015 1119
1015 1324
1015 1329
1015 1380
1015 1679
1016 1057
1017 1234
1017 1316
1017 1874
1018 1314
1018 1430
1018 1667
1018 1716
1018 1752
1018 1960
1018 1962
1019 1036
1019 1343
1019 1354
1019 1476
1019 1942
1020 1024
1020 1031
1020 1181
1020 1416
1020 1462
1020 1555
1020 1765
1020 1924
1021 1133
1021 1578
1021 1605
1021 1896
1022 1508
1022 1835
1023 1250
1023 1295
1023 1573
1023 1971
1024 1209
1024 1897
1025 1303
1025 1322
1025 1702
1025 1794
1026 1184
1026 1246
1026 1541
1026 1609
1026 1832
1027 1186
1027 1890
1028 1122
1028 1151
1028 1155
1028 1877
1029 1558
1029 1692
1030 1104
1030 1288
1030 1432
1030 1457
1030 1678
1030 1856
1030 1933
1031 1074
1031 1198
1031 1503
1031 1740
1031 1871
1032 1055
1032 1903
1033 1469
1033 1765
1034 1047
1034 1056
1034 1092
1034 1404
1034 1494
1034 1722
1034 1813
1035 1044
1035 1087
1035 1096
1035 1100
1035 1299
1035 1519
1035 1633
1035 1771
1036 1110
1036 1310
1036 1820
1036 1917
1038 1099
1038 1169
1038 1574
1038 1626
1039 1116
1039 1174
1039 1222
1039 1317
1039 1400
1039 1428
1039 1541
1039 1640
1039 1877
1039 1944
1040 1120
1040 1126
1040 1137
1040 1230
1040 1367
1040 1407
1040 1510
1040 1566
1040 1604
1040 1653
1040 1667
1041 1432
1041 1529
1041 1708
1041 1803
1041 1808
1043 1137
1043 1157
1043 1184
1043 1417
1044 1384
1044 1452
1044 1620
1044 1779
1045 1829
1046 1649
1046 1661
1046 1835
1047 1093
1047 1262
1048 1615
1048 1695
1049 1267
1049 1331
1049 1652
1049 1818
1049 1993
1050 1336
1050 1498
1050 1608
1050 1881
1050 1986
1051 1659
1051 1983
1052 1055
1052 1326
1052 1927
1053 1161
1053 1347
1054 1433
1054 1666
1055 1267
1055 1375
1055 1428
1055 1516
1055 1800
1055 1994
1056 1122
1056 1155
1056 1913
1057 1217
1057 1249
1057 1277
1057 1527
1057 1540
1057 1587
1057 1866
1058 1332
1058 1391
1058 1612
1059 1164
1059 1168
1059 1470
1059 1552
1059 1599
1059 1690
1059 1734
1059 1912
1060 1277
1060 1690
1061 1102
1061 1431
1061 1853
1061 1950
1062 1065
1062 1130
1062 1945
1063 1116
1063 1341
1063 1510
1063 1545
1063 1850
1063 1984
1064 1419
1064 1661
1064 1860
1064 1871
1064 1897
1065 1167
1065 1270
1065 1328
1065 1400
1065 1515
1065 1690
1065 1924
1066 1324
1066 1337
1066 1568
1066 1586
1066 1623
1066 1816
1067 1144
1067 1188
1067 1608
1067 1613
1067 1965
1068 1293
1068 1315
1068 1738
1068 1932
1069 1467
1069 1490
1069 1559
1069 1768
1069 1838
1069 1877
1070 1146
1071 1517
1071 1595
1071 1778
1072 1088
1072 1345
1072 1388
1072 1465
1072 1747
1072 1948
1073 1086
1073 1577
1073 1627
1073 1776
1073 1889
1074 1134
1074 1312
1074 1567
1074 1774
1074 1812
1074 1891
1075 1792
1075 1860
1075 1971
1076 1181
1076 1190
1076 1206
1076 1284
1076 1466
1076 1545
1076 1605
1076 1669
1076 1904
1076 1933
1077 1200
1077 1378
1078 1237
1078 1859
1078 1878
1079 1474
1079 1489
1079 1629
1080 1241
1080 1257
1080 1311
1080 1320
1080 1897
1080 1912
1081 1442
1081 1762
1081 1858
1081 1989
1082 1189
1082 1209
1082 1228
1082 1416
1082 1811
1082 1877
1083 1252
1083 1342
1084 1159
1084 1620
1084 1727
1085 1176
1085 1350
1085 1789
1086 1267
1086 1356
1086 1836
1087 1174
1088 1225
1088 1754
1088 1879
1089 1137
1089 1311
1089 1694
1089 1977
1090 1250
1090 1397
1090 1680
1091 1097
1091 1438
1091 1491
1091 1729
1091 1840
1091 1859
1092 1380
1092 1735
1093 1537
1093 1560
1094 1132
1094 1389
1094 1444
1094 1594
1094 1796
1095 1195
1095 1476
1095 1504
1095 1867
1096 1236
1096 1434
1096 1470
1096 1693
1096 1848
1096 1888
1096 1988
1097 1142
1097 1593
1097 1618
1098 1345
1098 1549
1099 1563
1099 1879
1099 1892
1099 1984
1100 1102
1100 1646
1100 1753
1101 1226
1101 1913
1102 1865
1102 1993
1103 1735
1104 1162
1104 1302
1104 1396
1104 1487
1104 1506
1104 1645
1104 1997
1105 1148
1105 1350
1105 1371
1105 1597
1105 1662
1105 1915
1105 1921
1106 1201
1106 1471
1106 1564
1107 1136
1107 1249
1107 1262
1107 1373
1107 1446
1107 1865
1107 1896
1107 1934
1107 1944
1108 1154
1108 1415
1108 1705
1109 1123
1109 1279
1109 1365
1109 1547
1110 1306
1110 1381
1110 1444
1110 1525
1110 1759
1110 1854
1110 1991
1111 1440
1111 1591
1111 1595
1111 1740
1112 1431
1112 1497
1112 1839
1112 1843
1113 1259
1113 1296
1113 1650
1113 1694
1114 1252
1114 1504
1114 1524
1114 1730
1115 1310
1115 1438
1115 1451
1115 1948
1116 1197
1116 1727
1117 1207
1117 1475
1117 1538
1117 1819
1117 1827
1118 1379
1118 1380
1118 1425
1118 1667
1118 1695
1118 1756
1118 1771
1118 1828
1119 1273
1119 1690
1119 1692
1119 1822
1120 1299
1120 1344
1120 1601
1120 1618
1120 1833
1120 1980
1121 1174
1121 1530
1121 1545
1121 1865
1122 1817
1122 1872
1122 1907
1123 1168
1123 1269
1123 1390
1123 1424
1123 1438
1123 1554
1123 1594
1124 1236
1124 1891
1125 1139
1125 1669
1125 1712
1125 1823
1125 1857
1125 1920
1125 1937
1126 1157
1126 1565
1126 1705
1127 1169
1127 1572
1127 1620
1127 1726
1128 1219
1128 1712
1129 1917
1129 1973
1130 1132
1130 1562
1130 1867
1131 1164
1131 1313
1131 1336
1131 1545
1131 1713
1131 1738
1131 1757
1131 1846
1132 1720
1132 1856
1132 1916
1133 1178
1133 1223
1133 1363
1133 1429
1133 1628
1133 1889
1133 1947
1134 1380
1134 1582
1134 1613
1134 1729
1134 1823
1134 1851
1134 1893
1135 1735
1135 1952
1136 1342
1136 1351
1136 1377
1136 1806
1136 1975
1137 1400
1137 1438
1137 1700
1138 1301
1138 1899
1139 1401
1139 1481
1139 1611
1140 1224
1140 1423
1140 1446
1140 1558
1140 1571
1140 1574
1141 1558
1141 1607
1141 1655
1141 1913
1142 1439
1142 1504
1142 1566
1142 1619
1142 1886
1142 1934
1142 1987
1143 1518
1143 1531
1143 1568
1143 1583
1143 1854
1143 1918
1144 1188
1144 1223
1144 1403
1144 1440
1144 1577
1144 1786
1145 1413
1146 1583
1146 1645
1146 1764
1146 1777
1146 1911
1146 1953
1147 1237
1147 1293
1147 1393
1147 1553
1147 1721
1148 1192
1148 1207
1148 1587
1148 1849
1149 1720
1149 1943
1149 1991
1150 1319
1150 1442
1150 1474
1150 1840
1150 1878
1151 1198
1151 1324
1151 1657
1151 1729
1151 1986
1152 1319
1152 1477
1152 1650
1152 1897
1152 1936
1152 1959
1153 1204
1154 1268
1154 1821
1155 1654
1156 1249
1156 1274
1156 1668
1156 1751
1156 1817
1156 1825
1157 1188
1157 1876
1157 1909
1158 1171
1158 1191
1158 1237
1158 1384
1158 1848
1158 1855
1158 1917
1159 1330
1159 1476
1159 1525
1159 1636
1160 1263
1160 1373
1160 1470
1161 1283
1162 1230
1162 1369
1162 1438
1162 1593
1162 1763
1163 1221
1163 1272
1163 1595
1163 1765
1163 1818
1164 1300
1164 1464
1164 1501
1164 1752
1164 1771
1164 1848
1165 1463
1165 1701
1165 1755
1165 1849
1166 1167
1166 1420
1166 1698
1166 1750
1166 1948
1167 1349
1167 1728
1167 1735
1167 1903
1168 1370
1168 1569
1168 1735
1169 1590
1169 1838
1170 1270
1170 1783
1170 1892
1171 1204
1171 1405
1172 1551
1172 1611
1173 1446
1173 1568
1173 1793
1174 1184
1174 1221
1174 1258
1174 1625
1175 1212
1176 1248
1176 1565
1177 1743
1177 1859
1177 1988
1178 1243
1178 1512
1178 1965
1179 1385
1179 1403
1179 1837
1179 1862
1180 1612
1180 1630
1180 1931
1180 1961
1181 1287
1181 1383
1181 1401
1181 1892
1181 1983
1182 1353
1182 1368
1182 1460
1182 1708
1182 1908
1182 1961
1182 1972
1183 1343
1183 1737
1183 1775
1183 1845
1183 1887
1183 1923
1183 1946
1184 1198
1184 1867
1185 1485
1185 1534
1186 1220
1186 1257
1186 1362
1186 1374
1186 1462
1186 1501
1186 1680
1186 1742
1186 1770
1186 1788
1186 1980
1187 1627
1187 1745
1187 1920
1188 1449
1188 1488
1188 1513
1188 1812
1188 1889
1189 1234
1189 1504
1189 1843
1189 1881
1189 1941
1190 1435
1190 1563
1190 1573
1190 1621
1190 1674
1190 1715
1190 1825
1190 1932
1191 1258
1191 1440
1191 1629
1191 1630
1191 1748
1191 1813
1191 1821
1191 1888
1191 1914
1192 1463
1192 1870
1193 1526
1193 1612
1193 1643
1193 1949
1194 1680
1194 1823
1194 1981
1195 1314
1195 1398
1196 1616
1197 1471
1197 1515
1197 1530
1197 1655
1197 1699
1198 1230
1198 1239
1198 1292
1199 1683
1199 1994
1199 1996
1200 1392
1201 1249
1201 1312
1201 1589
1201 1756
1201 1794
1201 1807
1201 1970
1201 1990
1202 1303
1202 1484
1202 1497
1202 1505
1202 1575
1202 1649
1202 1660
1202 1755
1202 1791
1202 1844
1203 1219
1203 1795
1203 1923
1204 1259
1204 1456
1204 1781
1205 1237
1205 1489
1205 1583
1205 1669
1205 1760
1205 1968
1206 1212
1206 1435
1206 1627
1206 1699
1207 1323
1207 1442
1207 1463
1207 1594
1207 1827
1207 1836
1208 1634
1208 1769
1209 1259
1209 1377
1209 1465
1209 1880
1209 1967
1210 1573
1210 1651
1210 1685
1210 1917
1211 1403
1211 1557
1211 1634
1211 1793
1211 1874
1211 1938
1212 1635
1213 1422
1213 1461
1213 1511
1213 1542
1213 1558
1213 1675
1213 1690
1214 1449
1214 1486
1214 1520
1214 1585
1214 1724
1214 1729
1215 1604
1215 1692
1216 1468
1216 1758
1217 1404
1217 1541
1217 1556
1217 1591
1217 1698
1217 1931
1218 1274
1218 1736
1218 1926
1218 1950
1219 1252
1219 1561
1220 1737
1220 1896
1221 1335
1221 1530
1221 1735
1222 1470
1222 1634
1222 1992
1223 1358
1225 1239
1225 1742
1225 1779
1225 1780
1225 1871
1226 1318
1226 1425
1226 1453
1227 1382
1227 1705
1228 1509
1228 1826
1229 1256
1229 1293
1229 1363
1229 1714
1229 1763
1229 1859
1230 1410
1230 1547
1230 1600
1230 1693
1230 1998
1231 1310
1231 1353
1231 1529
1231 1559
1231 1657
1231 1802
1231 1971
1231 1981
1232 1626
1233 1344
1233 1534
1233 1830
1234 1626
1234 1760
1234 1860
1234 1890
1235 1638
1235 1869
1236 1286
1236 1518
1236 1987
1237 1415
1237 1447
1237 1811
1237 1831
1238 1267
1238 1486
1238 1522
1239 1663
1239 1693
1239 1751
1239 1812
1240 1338
1240 1364
1240 1911
1241 1269
1241 1305
1241 1348
1241 1420
1241 1521
1241 1681
1241 1688
1241 1774
1242 1277
1242 1591
1243 1301
1243 1416
1243 1597
1243 1696
1244 1417
1244 1475
1244 1796
1245 1443
1245 1666
1245 1701
1245 1790
1245 1969
1246 1554
1246 1741
1247 1464
1247 1588
1248 1357
1248 1362
1248 1392
1248 1442
1248 1888
1249 1277
1249 1379
1250 1366
1250 1483
1250 1795
1250 1837
1250 1845
1251 1457
1251 1723
1251 1759
1251 1981
1252 1336
1252 1414
1252 1516
1252 1737
1253 1321
1253 1399
1253 1424
1253 1550
1253 1754
1254 1282
1254 1462
1254 1491
1254 1655
1254 1661
1254 1837
1254 1996
1255 1502
1255 1728
1255 1938
1255 1967
1256 1445
1257 1406
1257 1598
1257 1941
1257 2000
1258 1260
1258 1283
1260 1509
1260 1635
1260 1844
1260 1948
1261 1466
1261 1682
1262 1306
1262 1364
1262 1365
1262 1475
1262 1581
1262 1676
1263 1295
1263 1588
1263 1637
1264 1496
1264 1508
1265 1666
1265 1903
1265 1949
1266 1446
1266 1638
1266 1791
1266 1808
1266 1982
1266 1991
1267 1333
1267 1441
1267 1764
1267 1794
1268 1755
1268 1850
1268 1947
1268 1977
1269 1492
1269 1544
1270 1345
1270 1385
1270 1504
1270 1815
1270 1974
1271 1298
1271 1617
1271 1752
1271 1907
1272 1458
1272 1700
1272 1910
1273 1372
1273 1541
1273 1772
1274 1471
1274 1489
1274 1892
1275 1767
1275 1775
1275 1827
1275 1846
1276 1281
1276 1491
1276 1967
1277 1523
1277 1585
1277 1597
1277 1970
1278 1504
1278 1938
1278 1994
1279 1368
1279 1550
1279 1872
1280 1770
1281 1303
1281 1502
1281 1509
1281 1586
1282 1398
1283 1617
1283 1876
1283 1916
1283 1926
1283 1979
1284 1339
1284 1683
1284 1892
1285 1373
1285 1414
1285 1416
1285 1513
1285 1532
1286 1472
1286 1700
1286 1917
1287 1492
1287 1552
1287 1644
1287 1788
1287 1931
1288 1331
1288 1469
1288 1641
1289 1352
1289 1490
1289 1542
1289 1899
1290 1570
1290 1593
1291 1310
1291 1364
1291 1602
1291 1707
1291 1839
1292 1676
1293 1330
1293 1463
1294 1491
1294 1603
1294 1842
1295 1400
1295 1482
1295 1780
1296 1744
1296 1820
1296 1940
1297 1351
1297 1354
1298 1332
1298 1802
1298 1806
1298 1884
1298 1962
1299 1362
1299 1366
1300 1334
1300 1443
1300 1539
1300 1630
1301 1505
1301 1567
1301 1726
1301 1942
1302 1312
1302 1750
1303 1413
1303 1597
1303 1628
1303 1655
1304 1378
1304 1489
1304 1696
1304 1756
1304 1909
1304 1969
1305 1384
1305 1584
1305 1608
1305 1753
1306 1315
1306 1427
1306 1821
1306 1921
1307 1557
1307 1816
1307 1990
1308 1590
1308 1613
1308 1796
1310 1545
1310 1607
1310 1840
1311 1525
1311 1766
1312 1364
1312 1626
1312 1808
1312 1971
1313 1519
1313 1651
1313 1727
1313 1773
1314 1325
1314 1671
1314 1739
1314 1786
1314 1809
1314 1843
1314 1970
1315 1645
1315 1768
1315 1864
1315 1888
1315 1949
1315 1960
1315 1999
1316 1702
1316 1793
1316 1928
1317 1429
1317 1820
1317 1953
1318 1709
1319 1884
1319 1965
1320 1593
1320 1607
1320 1654
1320 1834
1320 1988
1321 1631
1321 1835
1321 1862
1322 1681
1322 1706
1322 1891
1322 1966
1323 1350
1323 1413
1323 1627
1323 1745
1323 1906
1324 1441
1324 1641
1325 1342
1325 1344
1325 1810
1326 1969
1327 1608
1327 1614
1327 1676
1327 1729
1328 1357
1328 1403
1328 1440
1328 1933
1329 1369
1329 1470
1329 1931
1329 1943
1330 1484
1330 1508
1330 1612
1330 1936
1332 1386
1332 1632
1332 1684
1333 1452
1333 1564
1333 1628
1333 1641
1333 1687
1333 1731
1333 1785
1334 1356
1334 1399
1334 1493
1334 1603
1335 1460
1335 1516
1335 1688
1335 1748
1337 1391
1337 1550
1337 1570
1337 1870
1337 1989
1338 1707
1338 1772
1338 1864
1338 1890
1339 1534
1339 1878
1340 1476
1340 1895
1341 1431
1341 1465
1341 1662
1341 1748
1343 1444
1343 1447
1343 1822
1343 1933
1344 1390
1345 1676
1346 1651
1346 1721
1346 1932
1347 1574
1348 1804
1348 1857
1349 1469
1349 1562
1349 1683
1349 1771
1350 1464
1350 1485
1350 1492
1351 1479
1351 1707
1352 1717
1352 1962
1353 1605
1353 1867
1354 1445
1354 1731
1354 1803
1355 1367
1355 1475
1355 1646
1355 1744
1355 1763
1355 1789
1356 1523
1356 1816
1357 1520
1357 1618
1357 1633
1357 1724
1357 1860
1358 1403
1358 1740
1359 1573
1359 1780
1359 1789
1360 1464
1360 1497
1360 1622
1360 1656
1360 1759
1360 1766
1361 1455
1361 1780
1361 1798
1362 1484
1362 1695
1362 1946
1364 1494
1364 1644
1364 1673
1364 1690
1364 1830
1364 1921
1365 1443
1365 1549
1365 1593
1365 1682
1366 1430
1366 1595
1366 1601
1366 1629
1366 1632
1367 1978
1368 1391
1368 1393
1368 1439
1368 1507
1368 1568
1368 1580
1368 1781
1368 1837
1368 1866
1369 1478
1369 1624
1369 1908
1369 1993
1370 1374
1370 1709
1370 1817
1371 1558
1371 1867
1372 1842
1372 1908
1372 1948
1372 1985
1373 1475
1373 1477
1373 1671
1373 1686
1373 1767
1373 1975
1374 1561
1375 1847
1376 1408
1376 1501
1376 1526
1376 1532
1376 1682
1376 1949
1376 1967
1377 1926
1377 1956
1378 1697
1378 1824
1378 1911
1379 1453
1379 1570
1379 1663
1379 1731
1379 1782
1380 1622
1380 1757
1380 1791
1380 1842
1380 1996
1381 1848
1381 1871
1382 1414
1382 1992
1383 1567
1383 1696
1384 1779
1384 1841
1384 1981
1385 1995
1386 1885
1386 1946
1386 1967
1386 1968
1387 1790
1387 1838
1387 1870
1387 1940
1388 1694
1388 1702
1388 1958
1389 1422
1390 1430
1390 1552
1390 1574
1390 1681
1390 1757
1390 1774
1390 1867
1391 1704
1391 1874
1391 1990
1392 1393
1392 1482
1392 1603
1393 1693
1393 1751
1394 1625
1395 1442
1395 1792
1395 1802
1395 1815
1395 1825
1396 1503
1396 1559
1396 1654
1396 1752
1396 1910
1397 1429
1397 1653
1397 1696
1397 1717
1397 1820
1397 1913
1398 1438
1398 1532
1398 1556
1398 1714
1398 1836
1399 1581
1399 1587
1399 1957
1400 1824
1400 1898
1401 1578
1401 1775
1401 1902
1401 1932
1402 1853
1403 1457
1403 1648
1403 1863
1403 1962
1404 1599
1405 1812
1405 1842
1405 1938
1406 1584
1406 1599
1406 1640
1406 1926
1407 1513
1407 1809
1407 1848
1407 1854
1407 1916
1409 1443
1409 1551
1409 1894
1410 1754
1410 1911
1411 1654
1411 1911
1412 1554
1412 1577
1412 1673
1412 1773
1412 1803
1412 1807
1412 1866
1412 1984
1413 1467
1413 1515
1413 1767
1413 1772
1414 1459
1414 1634
1414 1737
1414 1945
1415 1496
1415 1832
1415 1861
1415 1923
1415 1941
1416 1614
1416 1844
1416 1939
1416 1991
1417 1699
1417 1731
1417 1744
1417 1819
1417 1879
1418 1449
1418 1597
1418 1659
1420 1619
1420 1816
1420 1976
1421 1638
1421 1950
1422 1445
1422 1701
1422 1763
1422 1820
1422 1841
1423 1583
1424 1745
1425 1462
1425 1612
1425 1669
1425 1931
1426 1476
1426 1827
1427 1459
1427 1688
1427 1730
1428 1541
1428 1682
1428 1692
1428 1792
1428 1809
1428 1810
1429 1466
1429 1508
1429 1709
1429 1882
1429 1989
1430 1701
1431 1832
1431 1972
1432 1591
1432 1709
1432 1847
1433 1451
1433 1471
1433 1711
1433 1744
1433 1966
1434 1578
1435 1617
1435 1713
1435 1768
1435 1972
1436 1632
1436 1644
1436 1838
1437 1474
1437 1559
1437 1723
1437 1745
1438 1668
1438 1777
1439 1535
1439 1830
1440 1484
1440 1582
1440 1619
1440 1881
1441 1513
1441 1763
1441 1968
1442 1887
1442 1954
1442 1977
1442 1995
1443 1677
1443 1868
1443 1936
1443 1970
1443 1980
1444 1446
1444 1486
1444 1728
1445 1739
1445 1863
1445 1973
1446 1872
1448 1775
1448 1808
1448 1847
1449 1497
1449 1697
1449 1754
1449 1882
1449 1967
1450 1517
1450 1691
1450 1897
1451 1478
1451 1573
1451 1642
1451 1676
1451 1855
1451 1906
1452 1526
1452 1648
1452 1805
1452 1858
1452 1862
1452 1912
1452 1949
1453 1971
1453 1986
1454 1584
1454 1602
1454 1606
1455 1695
1456 1495
1456 1680
1456 1770
1456 1877
1456 1916
1457 1823
1457 1941
1457 1971
1458 1537
1458 1759
1458 1805
1459 1552
1459 1652
1459 1710
1459 1965
1460 1647
1460 1684
1460 1773
1460 1782
1460 1844
1460 1862
1460 1949
1461 1572
1461 1626
1461 1721
1462 1631
1462 1698
1462 1735
1462 1811
1462 1849
1463 1665
1463 1954
1463 1976
1464 1708
1464 1856
1464 1863
1464 1967
1465 1492
1466 1564
1466 1779
1466 1886
1467 1582
1467 1645
1467 1864
1467 1940
1468 1793
1468 1937
1469 1473
1469 1494
1469 1658
1469 1974
1470 1779
1471 1623
1472 1626
1472 1761
1472 1931
1473 1859
1473 1971
1474 1740
1474 1751
1474 1763
1474 1779
1475 1496
1475 1642
1475 1751
1475 1762
1475 1766
1476 1525
1476 1678
1476 1698
1477 1486
1477 1552
1477 1628
1477 1675
1477 1895
1478 1606
1478 1835
1478 1995
1479 1573
1479 1587
1479 1612
1479 1613
1480 1716
1480 1829
1480 1890
1481 1489
1481 1714
1481 1726
1481 1898
1481 1959
1482 1534
1482 1830
1483 1555
1483 1604
1483 1749
1483 1789
1483 1831
1484 1487
1484 1648
1484 1946
1485 1523
1485 1635
1485 1713
1485 1801
1485 1809
1486 1980
1487 1637
1487 1777
1487 1804
1488 1771
1488 1782
1489 1650
1489 1690
1489 1712
1489 1797
1489 1996
1490 1502
1490 1509
1490 1575
1490 1605
1490 1680
1490 1705
1490 1800
1490 1922
1491 1525
1491 1526
1491 1577
1491 1595
1491 1663
1491 1952
1491 1980
1492 1655
1492 1824
1493 1518
1493 1873
1493 1894
1495 1759
1496 1769
1497 1529
1497 1588
1497 1600
1497 1709
1497 1804
1497 1932
1497 1965
1498 1568
1498 1870
1499 1884
1499 1889
1499 1928
1499 1960
1500 1614
1501 1553
1501 1682
1501 1796
1503 1690
1503 1750
1503 1858
1503 1914
1505 1595
1505 1718
1506 1552
1506 1576
1506 1863
1507 1597
1507 1641
1507 1806
1508 1858
1508 1970
1509 1720
1509 1769
1509 1773
1509 1867
1509 1946
1509 1961
1510 1935
1511 1602
1511 1631
1511 1875
1512 1565
1512 1670
1513 1833
1514 1537
1514 1648
1515 1538
1515 1579
1515 1800
1515 1877
1515 1905
1516 1869
1516 1901
1516 1937
1517 1676
1518 1837
1519 1750
1519 1955
1520 1603
1520 1749
1520 1816
1520 1843
1521 1606
1521 1728
1521 1744
1521 1795
1522 1629
1522 1773
1523 1576
1523 1652
1523 1688
1523 1708
1523 1899
1524 1735
1525 1704
1525 1760
1525 1981
1527 1908
1527 1909
1528 1894
1529 1548
1529 1561
1529 1622
1529 1737
1529 1833
1529 1869
1529 1969
1530 1971
1531 1768
1531 1813
1531 1847
1531 1972
1531 1987
1532 1547
1533 1544
1533 1867
1533 1894
1535 1707
1535 1720
1535 1824
1536 1631
1536 1878
1537 1803
1538 1660
1538 1717
1538 1890
1538 1922
1539 1676
1539 1823
1539 1926
1541 1610
1541 1617
1541 1669
1541 1825
1542 1616
1542 1943
1542 1982
1543 1659
1543 1681
1543 1883
1543 1920
1544 1680
1544 1955
1545 1567
1545 1616
1545 1660
1545 1751
1547 1882
1547 1904
1548 1558
1548 1820
1548 1930
1549 1778
1550 1573
1550 1979
1551 1758
1551 1773
1551 1859
1551 1913
1552 1609
1554 1748
1554 1954
1555 1677
1555 1899
1555 1980
1556 1703
1556 1860
1557 1672
1557 1735
1557 1754
1557 1827
1558 1589
1559 1635
1559 1828
1559 1890
1561 1810
1561 1819
1561 1841
1561 1867
1563 1609
1563 1777
1563 1804
1563 1831
1563 1872
1563 1920
1565 1621
1565 1810
1566 1689
1566 1847
1566 1868
1566 1904
1567 1605
1567 1764
1567 1814
1568 1606
1568 1652
1568 1906
1568 1926
1569 1609
1569 1742
1569 1838
1571 1572
1571 1800
1571 1816
1572 1932
1573 1864
1574 1776
1574 1928
1575 1952
1576 1818
1577 1608
1577 1673
1577 1840
1578 1675
1579 1647
1579 1775
1579 1974
1580 1777
1580 1786
1580 1827
1581 1632
1581 1742
1581 1783
1581 1922
1582 1640
1582 1707
1583 1606
1583 1722
1583 1750
1584 1589
1586 1844
1586 1934
1587 1650
1587 1693
1588 1856
1589 1609
1589 1627
1590 1794
1590 1844
1590 1878
1590 1915
1590 1916
1590 1966
1593 1721
1593 1845
1594 1611
1594 1682
1594 1770
1596 1699
1596 1926
1597 1691
1599 1848
1599 1862
1600 1615
1600 1693
1600 1769
1600 1953
1601 1704
1601 1752
1602 1617
1603 1671
1604 1991
1606 1625
1606 1851
1606 1903
1606 1961
1607 1635
1607 1800
1608 1996
1609 1862
1609 1896
1610 1709
1610 1960
1611 1714
1611 1758
1612 1884
1612 1992
1613 1883
1613 1903
1614 1620
1614 1712
1614 1752
1614 1860
1614 1909
1614 1945
1614 1991
1616 1652
1616 1691
1617 1668
1617 1868
1618 1679
1618 1827
1618 1859
1619 1788
1619 1944
1620 1670
1621 1683
1622 1908
1623 1762
1623 1822
1624 1639
1625 1777
1625 1961
1626 1702
1627 1747
1628 1821
1628 1876
1628 1947
1629 1966
1630 1796
1631 1714
1632 1839
1632 1844
1632 1891
1634 1841
1634 1956
1635 1963
1636 1966
1638 1812
1638 1824
1638 1938
1639 1728
1639 1901
1641 1821
1642 1837
1642 1848
1642 1905
1643 1705
1643 1783
1643 1968
1644 1702
1644 1943
1644 1980
1645 1791
1645 1909
1645 1983
1646 1678
1647 1833
1648 1925
1649 1750
1650 1728
1650 1825
1651 1689
1652 1684
1652 1713
1653 1754
1656 1668
1656 1924
1657 1794
1657 1884
1657 1934
1657 1991
1658 1780
1658 1849
1658 1879
1660 1903
1661 1714
1661 1774
1662 1794
1662 1937
1663 1972
1664 1732
1664 1782
1664 1990
1665 1698
1668 1669
1668 1819
1668 1874
1668 1905
1668 1984
1669 1728
1669 1842
1670 1809
1670 1969
1671 1718
1671 1868
1672 1739
1673 1867
1674 1695
1674 1936
1675 1864
1676 1888
1677 1780
1677 1880
1677 1919
1677 1940
1678 1928
1679 1988
1680 1882
1681 1743
1681 1760
1681 1907
1682 1704
1682 1782
1683 1902
1684 1967
1685 1698
1685 1906
1686 1736
1686 1815
1686 1985
1687 1820
1688 1704
1688 1783
1688 1827
1688 1930
1689 1826
1691 1707
1691 1902
1693 1862
1693 1960
1693 1961
1694 1774
1694 1965
1695 1960
1696 1827
1696 1876
1697 1924
1697 1980
1699 1872
1699 1926
1700 1818
1700 1852
1701 1737
1702 1745
1703 1795
1703 1884
1705 1795
1706 1997
1707 1957
1708 1798
1709 1786
1711 1747
1711 1853
1711 1955
1712 1963
1713 1786
1714 1826
1714 1981
1715 1749
1716 1742
1716 1776
1716 1898
1717 1894
1717 1909
1718 1847
1719 1726
1719 1835
1720 1777
1720 1796
1721 1947
1721 1979
1722 1786
1722 1910
1723 1823
1728 1792
1728 1935
1729 1929
1730 1733
1730 1986
1731 1762
1731 1921
1732 1956
1733 1810
1734 1829
1734 1847
1735 1740
1736 1749
1736 1884
1737 1800
1739 1843
1739 1854
1739 1997
1740 1841
1741 1897
1741 1969
1742 1756
1742 1826
1743 1873
1743 1879
1743 1883
1743 1904
1743 1922
1744 1785
1744 1978
1745 1807
1745 1966
1746 1765
1747 1769
1747 1995
1748 1907
1748 1943
1748 1978
1749 1826
1749 1850
1750 1900
1750 1942
1751 1852
1752 1912
1754 1769
1754 1827
1754 1927
1755 1821
1756 1944
1759 1833
1762 1787
1762 1881
1765 1912
1767 1839
1767 1941
1768 1866
1768 1989
1769 1790
1769 1839
1769 1928
1769 1938
1769 1951
1770 1870
1773 1795
1773 1889
1774 1846
1774 1882
1774 1929
1774 1936
1775 1851
1775 1930
1776 1914
1776 1991
1777 1859
1777 1921
1778 1930
1778 1937
1779 1909
1780 1945
1781 1883
1782 1879
1782 1910
1782 1960
1785 1909
1785 1911
1785 1994
1786 1818
1786 1896
1786 1979
1787 1874
1789 1798
1789 1856
1789 1955
1790 1828
1790 1844
1791 1858
1791 1923
1792 1852
1793 1828
1794 1805
1794 1826
1796 1895
1796 1976
1797 1897
1797 1990
1798 1801
1798 1928
1799 1823
1804 1944
1805 1815
1805 1997
1806 1906
1807 1924
1807 1973
1808 1930
1808 1939
1809 1891
1810 1892
1810 1934
1811 1895
1813 1930
1815 1870
1816 1893
1816 1991
1817 1850
1817 1950
1818 1825
1819 1860
1821 1881
1821 1905
1822 1865
1822 1918
1823 1842
1823 1965
1825 1896
1828 1854
1830 1846
1830 1888
1831 1881
1831 1983
1834 1913
1835 1875
1836 1864
1837 1849
1839 1851
1840 1881
1840 1927
1845 1866
1846 1878
1846 2000
1847 1879
1850 1900
1850 1909
1851 1997
1852 1952
1853 1884
1853 1975
1855 1926
1856 1881
1857 1894
1857 1959
1859 1936
1862 1940
1863 1985
1868 1942
1869 1930
1870 1914
1873 1937
1873 1989
1874 1898
1876 1965
1876 1986
1879 1911
1879 1942
1879 1965
1885 1977
1885 1981
1885 1992
1888 1905
1892 1958
1896 1981
1897 1912
1900 1906
1901 1939
1901 1965
1904 1910
1905 1922
1905 1984
1905 1996
1906 1988
1908 1998
1909 1935
1910 1912
1911 1933
1913 1969
1914 1942
1920 1922
1920 1936
1923 1926
1923 1936
1925 1931
1927 1986
1929 1953
1936 1944
1943 1959
1949 1996
1955 1983
1968 1999
