2000
1 111
1 1790
2 1539
2 1769
4 162
4 603
4 678
6 566
6 1163
6 1277
6 1415
6 1714
8 87
8 411
8 1126
8 1193
8 1831
9 239
10 90
10 1498
11 800
11 1031
12 159
12 1659
13 185
13 252
13 1731
14 377
14 837
14 846
14 906
14 1420
15 461
15 953
16 457
16 874
16 1021
16 1584
16 1620
16 1914
17 47
17 1167
17 1456
18 1452
19 561
19 1703
20 884
21 1300
22 129
22 140
22 1032
22 1073
22 1924
23 882
23 1527
24 56
24 864
24 1005
24 1924
25 1053
25 1707
25 1794
26 53
26 365
26 543
26 646
26 1602
26 1613
27 434
27 1218
27 1964
28 1152
28 1386
28 1770
29 184
29 203
29 1160
30 887
31 966
31 1582
32 1137
32 1572
33 135
33 500
33 904
34 101
34 1388
35 407
36 183
36 376
36 702
36 851
36 1030
37 1082
38 162
38 720
38 864
38 1726
39 950
39 1078
39 1132
39 1437
40 975
40 1797
41 1208
41 1281
41 1930
42 514
43 413
43 1419
44 416
44 573
44 1069
44 1542
44 1799
45 647
45 1138
45 1390
45 1854
46 281
46 387
46 1956
47 243
47 427
47 1140
47 1245
47 1715
48 447
49 1616
50 328
50 456
51 214
51 465
51 1099
51 1584
51 1678
52 607
52 620
52 754
52 917
53 172
53 214
53 1402
55 475
55 621
55 829
55 1343
55 1528
55 1649
55 1939
56 405
56 1568
56 1864
57 732
57 1856
58 252
58 466
58 678
58 1222
58 1297
58 1630
59 388
59 420
59 1520
59 1743
59 1779
59 1813
59 1906
60 806
60 1067
60 1236
60 1705
61 533
61 575
62 705
62 712
62 990
62 1601
63 325
63 812
63 1203
64 1036
64 1177
64 1721
65 679
65 1082
65 1291
65 1790
66 134
67 1650
68 359
68 462
68 1606
69 390
69 449
69 803
69 1709
70 1924
71 482
72 357
72 1527
73 343
73 361
73 1330
73 1336
73 1452
73 1980
74 430
74 660
74 1187
74 1420
74 1939
75 407
75 986
75 1679
76 222
76 762
77 1341
78 198
78 395
78 898
78 1719
79 535
79 725
79 851
79 1160
80 218
80 912
80 1090
81 825
82 108
82 290
82 1045
82 1167
82 1368
82 1894
83 1276
84 406
84 520
84 725
84 1801
85 1666
86 753
87 598
87 1262
87 1370
87 1576
87 1637
87 1728
87 1889
88 277
89 647
89 1329
90 1338
90 1635
91 1222
91 1382
92 270
92 728
92 860
92 1306
93 159
93 480
93 606
94 374
94 823
94 1850
95 534
95 705
95 740
95 1427
96 146
96 1094
96 1403
96 1624
96 1797
97 117
97 147
97 208
97 224
97 933
97 1020
97 1034
98 237
98 1737
98 1856
99 1073
99 1075
100 1780
101 907
101 948
101 1381
101 1624
102 576
102 908
102 1142
103 262
103 822
103 1233
104 126
104 286
104 585
104 1636
105 777
105 872
105 1230
105 1539
106 975
106 1375
107 225
107 1122
107 1366
108 165
109 327
109 778
109 1428
109 1609
109 1659
110 555
110 599
111 581
111 1091
111 1324
111 1666
112 317
112 987
113 344
113 408
113 499
113 1159
113 1467
113 1485
113 1524
114 781
114 930
114 1014
115 568
115 688
115 1019
116 253
116 1325
116 1637
117 1017
117 1412
118 343
118 1298
118 1832
119 947
120 1675
120 1978
121 236
121 237
121 337
121 903
122 1047
122 1172
122 1504
122 1589
123 673
123 811
123 909
123 1152
124 1146
125 589
125 755
125 1080
125 1848
125 1927
126 1349
126 1557
126 1871
127 1422
127 1477
127 1753
129 131
129 229
129 1508
129 1657
129 1692
130 977
131 142
131 625
131 954
131 1178
131 1389
131 1814
132 1203
132 1282
133 318
133 1630
133 1741
135 1145
135 1219
135 1257
135 1559
135 1808
135 1993
136 200
136 862
138 903
139 530
139 1158
139 1378
140 992
140 1225
140 1610
141 342
141 598
141 1066
141 1603
142 205
142 471
142 1454
143 1356
143 1560
144 766
144 1437
145 1409
146 1231
146 1743
147 478
147 1630
148 308
148 426
148 1156
148 1183
148 1276
148 1998
149 212
149 752
149 1106
149 1203
150 739
150 1709
151 230
151 409
151 606
151 709
151 1045
152 274
152 697
152 1160
153 363
153 942
154 565
154 1131
155 275
155 926
155 1332
155 1711
156 256
156 825
156 1183
157 641
157 1233
157 1793
158 350
159 321
159 1514
159 1800
160 257
160 1541
160 1621
160 1930
162 812
162 1376
163 469
163 1265
163 1973
164 241
164 1059
165 361
165 604
165 1215
165 1406
166 1289
166 1324
166 1373
166 1849
167 1277
167 1663
168 269
168 567
168 1257
168 1839
170 236
170 763
170 1271
170 1593
171 196
171 370
171 1199
171 1382
171 1434
171 1821
172 1636
172 1649
172 1919
173 327
173 415
173 561
173 948
174 721
174 1571
174 1950
175 1371
175 1799
176 238
176 396
176 702
177 861
177 1411
178 1197
178 1509
179 903
181 600
182 1939
183 204
183 307
183 755
184 1154
184 1539
185 379
185 1748
185 1856
185 1902
186 1034
186 1419
186 1610
186 1849
186 1986
187 1121
187 1219
187 1239
187 1458
188 238
188 504
188 1244
188 1809
189 286
189 755
189 1558
191 211
191 946
191 958
191 1376
191 1405
191 1950
192 539
192 816
192 892
192 1281
193 902
193 1360
193 1957
194 938
194 1487
194 1545
194 1991
195 591
195 805
195 829
195 871
195 1138
195 1524
195 1816
195 1916
196 1467
196 1597
196 1632
197 291
197 545
197 795
197 1124
198 672
198 974
198 1045
198 1405
198 1519
198 1533
199 360
199 681
199 1259
199 1378
200 523
200 1725
201 416
201 519
201 666
201 1115
202 695
202 1310
203 1579
203 1864
204 1158
204 1466
204 1494
205 605
205 1610
205 1779
206 780
206 1299
206 1949
207 240
207 637
207 942
207 982
208 381
208 861
208 901
208 1301
208 1404
208 1455
209 379
209 577
209 1836
210 447
210 565
210 828
210 968
210 1639
210 1722
211 1241
212 1202
212 1604
213 621
213 828
213 1420
213 1943
214 1173
214 1560
215 946
215 1919
216 234
217 347
217 964
220 294
220 1415
220 1959
221 1749
222 841
223 1237
224 905
224 967
224 1851
225 355
225 468
225 685
225 935
225 1607
226 1517
227 237
227 813
228 761
229 481
229 511
229 818
229 1359
229 1635
230 1239
230 1422
232 326
232 644
232 707
232 811
232 1113
233 1359
234 384
234 989
234 1562
235 336
235 1068
235 1279
235 1924
236 1492
237 291
237 355
237 700
237 1148
237 1324
237 1967
238 693
238 1204
238 1576
239 267
239 1727
240 570
240 1187
240 1487
240 1827
240 1849
241 1874
241 1890
242 868
242 1309
242 1769
243 1250
244 685
244 1451
244 1708
244 1712
244 1841
245 1217
245 1384
246 1576
247 383
247 488
247 1599
248 859
249 301
249 712
249 963
249 1275
250 859
250 931
250 942
250 1141
250 1806
250 1875
252 417
252 479
252 1053
252 1977
253 547
253 631
254 669
254 1444
255 1466
255 1567
256 669
256 1514
256 1563
256 1844
257 780
257 889
259 357
259 363
259 1763
261 532
262 878
262 1176
263 492
263 1173
263 1195
264 1116
264 1128
264 1687
265 1620
265 1739
266 685
266 1187
267 1509
268 294
268 1700
268 1823
269 1046
269 1517
270 357
270 804
270 1170
270 1194
271 482
272 897
273 484
273 633
274 1385
275 1023
276 1450
276 1706
276 1883
277 793
277 1288
278 291
279 945
279 1217
280 454
280 873
280 1348
280 1567
281 950
281 1789
281 1927
282 622
282 1468
283 358
283 665
283 862
284 883
284 1261
284 1319
284 1795
285 938
285 1639
286 645
286 1595
286 1672
286 1737
286 1738
286 1845
287 343
287 907
287 1255
288 1415
289 1175
289 1552
289 1661
290 846
291 919
291 1128
291 1629
291 1955
292 966
292 1520
293 767
293 1259
294 450
294 1020
294 1117
295 1445
295 1627
295 1963
296 321
296 484
296 544
296 653
296 703
296 874
297 579
297 1445
298 322
298 1114
299 1019
299 1250
299 1754
299 1813
300 689
300 865
300 1370
300 1710
300 1788
301 1542
302 1143
302 1152
302 1703
303 927
303 1284
304 1459
305 732
305 922
306 765
306 808
306 1130
307 1457
308 1580
310 497
310 988
310 1280
311 1021
311 1245
312 933
313 318
313 678
313 975
313 1225
313 1266
316 1722
317 876
317 1154
317 1261
318 850
318 1861
319 1888
320 836
322 1738
323 501
323 729
323 799
323 1085
324 1231
325 1167
325 1520
326 393
326 1296
326 1924
327 720
327 1890
328 912
328 1325
328 1455
328 1846
329 1618
330 431
330 666
330 839
330 921
331 1352
332 947
332 1293
333 736
333 1351
333 1475
333 1634
333 1670
334 506
334 927
334 1025
334 1114
334 1998
335 591
335 1425
335 1462
336 887
336 906
336 1865
337 1848
338 380
338 524
338 1280
339 763
339 1021
340 1205
342 651
342 1687
343 940
343 1210
345 369
345 1016
345 1519
346 1156
346 1849
346 1884
347 488
347 926
348 548
348 1853
349 1795
350 947
350 978
350 1799
351 512
351 888
351 1278
351 1481
351 1583
352 1002
352 1033
353 675
353 1840
353 1878
354 1378
354 1816
355 1661
355 1739
355 1834
356 535
356 778
356 1426
356 1916
357 1081
357 1558
357 1807
358 485
358 564
359 583
360 428
360 680
360 993
360 1522
361 393
361 604
361 977
361 1581
361 1649
361 1712
362 559
362 1254
362 1839
363 427
363 1207
365 1143
365 1598
365 1631
365 1688
365 1726
365 1924
366 951
366 1441
366 1779
367 385
367 1866
368 1833
369 579
369 661
370 1106
370 1525
370 1814
371 740
372 709
372 990
373 1582
373 1638
374 758
374 924
374 1420
374 1755
375 800
375 1695
375 1798
376 385
376 925
376 1155
376 1629
376 1976
377 415
377 594
377 1478
378 478
378 598
378 1438
378 1925
379 447
379 606
379 1451
379 1522
379 1759
380 1135
380 1964
381 1617
382 585
383 1376
384 591
384 1058
384 1688
385 1031
385 1077
385 1496
385 1534
386 530
386 558
386 1229
387 809
387 947
387 1344
387 1367
387 1500
387 1681
388 570
388 662
388 1755
388 1812
388 1997
389 944
389 1551
389 1696
389 1961
390 516
390 693
390 1748
390 1858
390 1916
391 874
391 1200
391 1489
392 944
393 671
393 760
393 1171
393 1871
394 1060
394 1249
395 1287
396 778
396 1356
397 1023
397 1370
397 1429
397 1502
398 1135
399 758
399 1953
400 478
400 523
401 629
401 747
401 1779
402 812
403 1371
403 1797
405 1471
407 533
407 1614
408 951
408 1924
409 1214
409 1337
410 1192
410 1285
410 1371
410 1659
411 1262
411 1604
413 520
413 1548
414 591
414 1429
415 922
415 1480
415 1601
416 1251
416 1981
417 1102
417 1659
417 1709
417 1970
418 493
418 1673
419 467
419 734
419 1667
420 1517
421 856
421 1642
421 1989
423 478
423 852
423 1529
423 1996
424 614
425 1276
425 1398
425 1597
426 607
426 1838
427 1206
428 973
429 1137
429 1308
430 578
430 1582
431 1215
431 1457
431 1527
431 1620
432 577
432 681
432 948
432 1023
434 951
434 1843
435 1426
436 617
436 672
436 1134
436 1202
437 906
437 1105
438 1563
439 1142
439 1977
440 596
440 871
440 1428
440 1912
441 523
441 644
441 951
441 1360
442 941
442 1116
442 1137
442 1181
442 1332
442 1495
442 1499
443 1081
444 887
444 1814
445 716
446 1073
446 1407
447 1219
447 1288
448 1340
449 570
449 658
449 1532
449 1701
450 1865
451 1121
451 1263
451 1446
451 1551
452 839
453 1809
454 855
454 1260
454 1495
455 1007
455 1655
456 520
456 1677
457 489
457 683
457 1165
457 1235
457 1488
457 1674
458 621
458 734
458 749
458 813
458 1216
458 1317
458 1376
458 1790
459 553
459 1649
460 1157
460 1200
461 1468
461 1505
461 1824
461 1988
462 541
462 938
462 1272
463 1498
463 1988
464 552
464 1642
464 1709
465 987
465 1589
466 503
468 1247
469 494
469 1776
470 679
470 683
470 810
473 532
473 1443
473 1657
474 1088
474 1742
475 1686
476 1380
476 1747
476 1820
477 1751
477 1840
477 1949
478 1139
478 1531
479 618
479 1315
479 1833
479 1865
481 1897
482 1145
482 1933
483 582
483 786
483 794
483 819
484 628
485 799
485 1996
486 1138
486 1185
486 1626
487 1078
487 1419
487 1858
488 1167
488 1246
488 1364
488 1715
489 586
489 849
489 1462
489 1841
490 822
490 1155
491 687
491 1422
491 1809
491 1870
492 632
492 804
492 1117
492 1775
492 1953
493 985
493 1090
493 1798
493 1841
494 1578
494 1667
495 1296
496 1335
496 1365
496 1683
497 1034
497 1406
497 1494
499 941
500 1250
500 1604
500 1798
500 1975
501 1152
501 1317
502 976
502 1038
502 1517
502 1541
502 1722
503 693
503 738
503 1541
503 1572
503 1725
504 1232
504 1306
505 682
505 1164
506 595
506 1053
507 1850
507 1894
508 954
508 1137
508 1279
508 1609
508 1681
509 1329
510 921
510 1969
511 1621
511 1880
512 1309
512 1475
514 616
514 821
514 1945
515 530
515 763
515 1328
516 771
516 1179
517 1300
517 1702
517 1890
518 748
520 802
520 1663
520 1976
521 893
521 1566
521 1609
522 872
522 1104
522 1221
523 831
523 1216
523 1318
524 1155
524 1223
524 1385
524 1720
525 969
525 1291
525 1624
525 1997
526 1384
526 1538
526 1825
527 545
527 938
527 1314
527 1610
528 1676
528 1815
529 1475
530 1366
530 1485
530 1687
531 1339
532 670
532 749
532 986
532 1234
532 1859
533 608
533 622
533 640
533 1014
534 1157
534 1192
534 1965
535 688
535 1206
535 1350
535 1532
535 1673
535 1696
535 1750
536 1391
536 1512
536 1697
537 891
537 1154
537 1713
537 1771
538 811
538 982
538 1301
538 1544
538 1977
539 991
539 1929
540 1462
540 1544
541 1306
541 1630
541 1988
542 579
542 1421
542 1612
542 1839
543 1178
545 761
545 1191
546 658
546 697
547 696
547 1376
547 1482
547 1610
548 825
548 1018
548 1181
548 1526
549 635
549 803
549 1571
549 1652
549 1879
550 563
550 1219
550 1467
551 743
551 1794
552 587
552 1465
552 1851
553 1218
554 592
554 1162
554 1628
554 1658
554 1995
555 1005
555 1048
555 1640
555 1688
556 942
556 1505
556 1675
557 1100
558 1235
558 1846
559 1567
560 596
560 1432
560 1571
561 1847
562 1503
563 1015
563 1312
564 1914
564 1934
565 860
566 717
566 1019
566 1466
566 1912
567 958
567 1698
567 1799
568 1732
570 751
570 1206
570 1252
571 1819
573 884
573 937
574 1165
574 1503
575 1694
576 1191
578 1156
579 615
579 1464
580 1895
581 973
581 1258
581 1438
582 693
582 1084
583 1074
583 1616
584 1051
584 1326
584 1433
584 1642
584 1744
584 1767
585 665
585 1152
586 1222
587 747
587 1332
588 1340
589 1169
589 1933
589 1955
590 883
590 1192
591 1247
591 1287
591 1553
592 1252
593 1574
594 1121
594 1250
594 1408
596 600
596 1212
597 792
597 852
597 1226
597 1495
597 1591
598 655
598 1730
599 1032
599 1228
600 1474
600 1668
601 1536
601 1911
602 695
602 1092
602 1163
603 698
604 843
605 959
605 1849
606 639
606 777
606 959
606 987
607 654
608 1047
608 1929
609 1114
609 1119
609 1169
609 1565
609 1779
610 734
611 1573
611 1676
612 1569
612 1688
612 1872
612 1907
613 1080
613 1363
613 1400
613 1697
615 821
615 1102
615 1442
615 1475
615 1716
616 709
616 763
617 677
617 722
617 1280
619 818
619 1446
620 631
620 973
620 1766
622 1067
622 1893
623 1454
624 820
624 1903
626 1482
626 1763
626 1926
627 641
627 1751
627 1778
627 1989
629 959
629 1536
629 1879
630 886
630 1097
630 1443
631 972
631 1078
632 858
632 1226
632 1384
633 1819
633 1944
634 903
634 1529
634 1807
635 1553
636 1661
636 1820
637 1482
637 1774
637 1901
638 1617
639 774
639 951
640 780
640 1770
641 1078
641 1591
641 1732
642 1068
642 1095
642 1175
642 1204
642 1542
642 1603
643 772
643 996
643 1384
643 1974
645 704
645 1127
646 1335
646 1568
646 1618
647 1013
647 1068
647 1166
647 1275
648 1072
648 1311
648 1585
649 1258
650 1576
651 1581
652 772
652 1045
652 1120
652 1184
652 1478
652 1734
653 1106
653 1899
654 1820
656 1847
657 1191
657 1295
657 1357
657 1970
658 853
658 855
658 1255
659 1323
659 1895
659 1971
660 1438
661 924
661 947
661 1626
661 1783
662 908
662 1538
662 1663
663 669
663 1064
663 1297
663 1549
663 1917
664 945
664 1684
664 1870
664 1963
665 856
665 1727
666 1970
667 704
668 1353
668 1870
669 678
669 1344
669 1782
669 1985
670 1273
672 952
672 1884
673 1626
674 994
674 1044
674 1243
674 1535
675 1134
675 1183
676 1124
676 1934
677 1057
677 1705
677 1834
677 1848
678 679
678 1361
679 1521
679 1950
680 1059
680 1907
681 948
682 1291
683 1236
683 1729
685 790
685 1028
686 910
686 1264
686 1541
686 1825
686 2000
687 1268
687 1275
688 1680
688 1767
689 891
689 1110
689 1451
689 1789
690 1098
690 1840
691 1369
691 1619
691 1806
691 1848
692 1269
692 1363
694 859
694 1106
694 1269
694 1936
694 1948
695 1266
698 1119
698 1130
698 1837
698 1942
699 1969
700 1300
700 1393
702 724
703 1109
703 1135
703 1277
703 1728
704 897
704 1253
704 1764
705 1539
705 1994
708 791
709 851
709 1006
710 767
710 1523
710 1554
710 1729
711 945
711 1527
711 1874
712 1492
712 1657
713 815
713 839
713 1464
715 755
715 1841
716 1793
717 1814
718 1307
718 1908
719 1554
721 739
721 768
721 872
721 888
721 1003
722 859
723 1138
724 1098
724 1440
725 1940
726 1569
726 1629
728 781
729 1582
730 961
730 1666
731 879
731 1086
731 1132
731 1381
731 1568
731 1737
731 1996
732 1969
733 1624
734 1085
734 1901
735 1496
736 1803
737 1386
737 1875
738 1542
739 772
739 1032
739 1045
739 1124
739 1902
741 846
741 1592
742 1065
742 1171
742 1252
742 1379
743 1610
744 797
744 1123
744 1288
745 1670
746 1863
747 1008
748 1324
748 1570
749 1176
749 1230
750 1025
750 1551
751 981
751 1649
753 990
753 1276
753 1578
753 1579
753 1944
754 1928
755 1784
756 1903
757 906
757 1349
757 1921
758 1342
758 1443
760 1314
761 1338
761 1644
761 1942
762 1723
763 1743
764 874
764 932
764 1355
765 1462
766 1259
768 1471
769 1521
770 999
770 1273
771 777
771 1121
771 1225
771 1913
772 1190
773 1174
774 1381
774 1597
774 1739
775 1963
776 1373
779 1226
779 1618
780 818
780 823
781 1146
781 1844
782 1213
782 1915
783 1423
783 1818
784 1118
784 1547
786 1802
787 1265
787 1662
788 919
788 1813
789 1847
790 1378
790 1849
791 1216
791 1671
792 1295
792 1987
792 1988
794 1883
796 1743
797 1156
798 865
798 1477
799 1139
801 1190
801 1245
801 1482
802 1272
803 1048
804 1038
804 1152
804 1449
805 1258
805 1468
807 927
808 1306
808 1460
808 1697
808 1823
809 1848
809 1875
809 1974
810 1169
810 1858
810 1903
810 1959
812 915
812 1697
812 1810
812 1935
813 1392
813 1631
813 1680
814 1156
815 1314
815 1878
815 1889
816 1694
818 1189
819 1055
819 1216
819 1917
820 986
820 1078
821 968
822 872
822 1988
823 1720
824 1090
824 1557
824 1890
825 1635
825 1950
827 852
828 1004
828 1193
828 1479
829 1450
830 1075
830 1098
830 1423
831 1160
832 1499
832 1759
833 1319
834 1103
834 1161
834 1291
834 1391
834 1705
835 1793
836 1709
836 1743
837 1479
837 1839
838 953
839 1449
839 1957
840 939
840 1129
842 1092
842 1741
842 1934
843 1072
843 1288
844 1803
845 1267
845 1345
845 1724
845 1962
846 972
846 1708
847 874
847 1012
847 1558
847 1848
848 996
848 1334
848 1597
849 1252
850 1264
850 1907
850 1953
851 912
851 947
851 981
851 1461
853 1654
854 1642
855 1464
855 1806
857 965
857 1281
857 1999
858 1666
858 1682
858 1961
859 1372
859 1977
861 1029
861 1326
861 1327
861 1814
863 1605
863 1625
863 1782
864 1647
865 1006
865 1471
865 1592
865 1611
866 971
866 1513
867 1279
867 1307
869 1976
870 1117
870 1332
870 1333
870 1496
870 1911
871 1407
872 1242
872 1885
873 894
875 1271
875 1576
876 1338
876 1393
876 1804
876 1973
877 1019
878 983
878 1190
878 1334
879 1445
879 1490
880 1780
881 1479
881 1816
882 1789
883 1254
883 1477
884 1326
886 1285
887 1562
888 1768
888 1965
889 1248
891 1071
891 1475
891 1546
892 1438
893 944
893 950
893 1444
893 1448
893 1610
894 1015
894 1450
894 1781
896 1063
896 1485
898 1921
900 1345
900 1353
901 1880
902 1493
903 1716
903 1889
905 1899
906 1085
906 1704
906 1939
907 1141
907 1602
907 1757
907 1981
909 1241
910 1256
910 1682
912 1320
912 1706
913 1665
914 1780
915 1418
915 1999
916 1114
916 1257
918 934
918 1332
918 1479
918 1728
919 1458
920 1386
922 1334
923 945
923 1559
926 1402
926 1453
926 1959
927 1052
927 1269
927 1652
928 1954
929 1722
929 1789
931 1820
931 1865
932 1354
932 1485
932 1623
933 945
933 971
934 1306
934 1308
936 1004
936 1377
936 1535
937 1020
937 1526
937 1563
938 1504
938 1812
939 1284
939 1800
940 1338
940 1449
940 1545
941 1113
941 1220
941 1717
942 1263
942 1479
942 1577
942 1614
943 1895
944 1656
944 1811
945 1437
945 1771
946 964
946 1261
947 1196
947 1789
948 1121
949 1101
949 1534
949 1821
951 1897
952 1648
953 1213
953 1585
953 1863
953 1979
953 1989
954 1508
955 1826
956 1163
956 1920
957 1028
957 1136
957 1480
957 1694
957 1722
957 1862
958 1709
959 965
959 1137
959 1763
960 1045
960 1220
961 1529
961 1632
961 1792
962 1520
963 1240
963 1257
964 1877
965 1351
965 1680
965 1687
967 1372
968 1825
969 1019
969 1144
969 1473
969 1514
969 1868
971 1266
971 1444
971 1555
971 1811
972 1964
973 1121
973 1698
975 984
975 1131
975 1166
977 1019
977 1679
979 1204
980 1030
980 1162
980 1969
981 1410
981 1454
981 1774
982 1948
983 1883
985 1177
985 1346
986 1136
986 1808
986 1942
987 1397
988 1175
988 1693
988 1995
989 1181
989 1604
990 1361
992 1838
994 1518
994 1889
994 1959
994 1978
995 1685
997 1325
997 1635
998 1000
998 1260
1000 1674
1000 1932
1002 1130
1002 1546
1003 1047
1003 1236
1003 1498
1003 1585
1003 1915
1004 1186
1004 1604
1004 1705
1004 1788
1005 1830
1008 1324
1008 1954
1009 1398
1009 1469
1009 1992
1012 1848
1013 1102
1013 1344
1014 1161
1014 1803
1015 1099
1015 1381
1015 1423
1015 1617
1016 1272
1016 1522
1016 1556
1016 1652
1016 1922
1017 1069
1017 1479
1017 1939
1018 1452
1019 1184
1019 1290
1020 1684
1021 1368
1021 1930
1022 1125
1022 1895
1023 1052
1023 1266
1023 1781
1023 1870
1024 1639
1026 1171
1027 1524
1028 1340
1028 1418
1029 1055
1029 1488
1031 1593
1032 1270
1034 1175
1034 1406
1034 1790
1035 1626
1035 1733
1035 1743
1036 1761
1036 1772
1036 1885
1037 1459
1037 1707
1038 1919
1039 1272
1040 1403
1040 1761
1041 1380
1042 1494
1042 1650
1043 1798
1043 1820
1044 1958
1045 1580
1046 1298
1046 1356
1047 1231
1047 1272
1047 1701
1047 1751
1047 1754
1047 1948
1048 1300
1048 1515
1050 1969
1051 1108
1051 1668
1052 1473
1053 1549
1053 1758
1053 1972
1054 1274
1055 1129
1055 1881
1057 1324
1058 1411
1058 1907
1060 1293
1060 1401
1062 1238
1062 1743
1063 1065
1064 1763
1065 1325
1066 1178
1066 1231
1066 1666
1067 1513
1069 1403
1070 1073
1071 1243
1072 1516
1073 1115
1073 1554
1074 1171
1074 1448
1075 1465
1075 1517
1075 1786
1076 1079
1077 1322
1077 1588
1077 1633
1080 1286
1080 1356
1080 1841
1081 1109
1082 1609
1083 1196
1083 1683
1083 1919
1084 1092
1085 1104
1085 1288
1086 1109
1086 1354
1086 1646
1086 1705
1087 1354
1089 1459
1090 1112
1090 1321
1090 1508
1092 1438
1094 1232
1094 1311
1094 1955
1095 1621
1097 1508
1098 1442
1099 1231
1099 1402
1099 1477
1099 1655
1100 1106
1100 1991
1101 1490
1101 1935
1102 1844
1103 1135
1103 1737
1104 1227
1105 1814
1105 1890
1106 1188
1106 1374
1107 1224
1107 1286
1108 1644
1109 1340
1109 1662
1110 1159
1110 1875
1111 1348
1111 1416
1111 1478
1113 1624
1113 1780
1114 1594
1115 1266
1115 1962
1119 1766
1120 1613
1121 1323
1121 1586
1121 1756
1122 1338
1122 1490
1122 1980
1123 1424
1124 1182
1124 1289
1124 1476
1124 1775
1124 1974
1125 1174
1125 1176
1126 1244
1126 1451
1126 1466
1126 1538
1126 1647
1127 1206
1127 1379
1127 1586
1127 1675
1128 1853
1130 1833
1131 1433
1131 1469
1131 1500
1131 1933
1132 1378
1132 1943
1135 1352
1135 1386
1135 1989
1136 1251
1136 1966
1136 1967
1139 1753
1140 1177
1140 1329
1141 1666
1141 1791
1141 1973
1142 1541
1142 1746
1142 1904
1143 1457
1144 1214
1145 1315
1145 1856
1145 1879
1146 1582
1146 1586
1146 1827
1147 1525
1150 1579
1151 1806
1153 1186
1153 1318
1153 1404
1153 1818
1153 1859
1155 1247
1156 1293
1157 1782
1158 1818
1159 1420
1159 1677
1160 1943
1161 1416
1162 1195
1162 1495
1163 1357
1165 1268
1166 1778
1167 1419
1167 1871
1168 1295
1168 1458
1168 1591
1169 1724
1169 1752
1171 1356
1172 1318
1172 1430
1174 1413
1174 1854
1175 1189
1178 1604
1178 1606
1181 1330
1181 1387
1182 1312
1182 1616
1185 1990
1186 1944
1188 1697
1189 1650
1190 1452
1190 1645
1191 1463
1191 1698
1192 1354
1193 1418
1193 1966
1196 1367
1196 1585
1196 1656
1201 1277
1201 1412
1201 1599
1202 1295
1202 1884
1203 1580
1203 1592
1203 1669
1203 1945
1204 1993
1205 1646
1206 1784
1207 1734
1207 1746
1207 1878
1207 1893
1207 1964
1209 1214
1209 1470
1210 1913
1211 1365
1211 1385
1211 1510
1211 1875
1213 1877
1214 1706
1215 1485
1215 1950
1216 1586
1217 1647
1217 1980
1220 1249
1221 1437
1221 1518
1221 1519
1222 1802
1222 1975
1223 1773
1223 1987
1224 1951
1225 1403
1225 1985
1226 1771
1228 1793
1229 1860
1229 1971
1230 1385
1230 1811
1230 1851
1233 1264
1233 1293
1233 1667
1233 1822
1233 1939
1235 1659
1235 1812
1235 1998
1236 1958
1239 1638
1241 1931
1242 1743
1243 1389
1244 1722
1245 1445
1245 1452
1245 1665
1245 1885
1247 1655
1248 1372
1248 1824
1249 1339
1249 1728
1250 1644
1252 1476
1253 1257
1253 1305
1253 1341
1253 1690
1254 1642
1254 1845
1255 1589
1256 1444
1256 1865
1256 1898
1257 1496
1259 1327
1259 1667
1260 1261
1261 1369
1261 1891
1264 1687
1264 1923
1264 1980
1265 1509
1267 1512
1267 1571
1268 1940
1270 1927
1270 1990
1271 1358
1271 1460
1272 1419
1272 1676
1272 1814
1273 1544
1273 1998
1275 1852
1276 1618
1276 1797
1280 1475
1282 1370
1282 1512
1282 1902
1284 1768
1285 1920
1286 1378
1286 1612
1286 1695
1288 1531
1289 1894
1289 1979
1289 1989
1290 1465
1290 1983
1291 1663
1291 1937
1292 1645
1293 1817
1294 1479
1294 1954
1296 1734
1297 1985
1299 1335
1301 1963
1302 1559
1302 1683
1303 1361
1304 1792
1305 1477
1305 1847
1306 1503
1306 1956
1307 1647
1309 1653
1311 1962
1313 1650
1314 1505
1314 1887
1314 1979
1315 1709
1315 1783
1315 1910
1317 1925
1318 1903
1320 1524
1321 1480
1321 1503
1321 1822
1325 1759
1327 1535
1328 1756
1329 1414
1333 1574
1334 1427
1334 1943
1335 1535
1337 1704
1338 1360
1339 1537
1341 1475
1342 1812
1347 1617
1351 1687
1353 1371
1356 1888
1357 1736
1358 1559
1359 1409
1360 1437
1360 1615
1362 1383
1362 1560
1362 1832
1363 1411
1365 1934
1365 1980
1366 1588
1367 1585
1368 1555
1368 1826
1371 1996
1372 1808
1374 1484
1375 1428
1375 1739
1376 1500
1376 1536
1376 1952
1377 1618
1377 1962
1379 1845
1380 1711
1380 1730
1381 1395
1383 1939
1384 1779
1384 1910
1385 1948
1386 1581
1387 1480
1391 1621
1391 1750
1391 1929
1392 1574
1392 1812
1394 1702
1394 1933
1395 1686
1395 1806
1395 1863
1399 1567
1399 1782
1399 1863
1401 1594
1402 1811
1403 1557
1403 1619
1403 1732
1403 1839
1404 1540
1406 1454
1407 1872
1407 1953
1410 1962
1411 1530
1414 1501
1414 1683
1416 1754
1417 1894
1418 1583
1418 1803
1419 1661
1419 1689
1419 1711
1420 1889
1422 1948
1424 1651
1425 1605
1425 1773
1425 1908
1427 1638
1427 1895
1429 1524
1429 1596
1430 1523
1430 1895
1431 1434
1431 1617
1432 1509
1433 1666
1434 1814
1434 1845
1434 1851
1434 1913
1435 1728
1436 1440
1436 1885
1438 1499
1439 1795
1439 1979
1442 1959
1444 1891
1445 1730
1446 1486
1447 1539
1448 1473
1448 1523
1449 1553
1449 1638
1449 1721
1449 1772
1449 1774
1456 1673
1456 1728
1456 1955
1458 1854
1460 1837
1461 1491
1462 1553
1463 1746
1465 1937
1466 1726
1466 1966
1467 1532
1467 1851
1468 1567
1468 1596
1469 1631
1469 1733
1469 1736
1470 1640
1473 1510
1473 1596
1476 1763
1477 1930
1481 1632
1481 1637
1483 1894
1483 1977
1484 1645
1487 1834
1491 1903
1492 1511
1492 1911
1493 1503
1493 1693
1494 1908
1497 1693
1497 1960
1498 1975
1499 1862
1500 1933
1501 1957
1501 1959
1502 1607
1502 1943
1503 1846
1504 1627
1504 1679
1504 1689
1506 1647
1506 1759
1507 1952
1509 1726
1510 1768
1511 1808
1513 1733
1515 1774
1515 1879
1516 1556
1516 1679
1516 1756
1518 1534
1518 1916
1518 1936
1523 1597
1525 1756
1526 1774
1526 1880
1527 1948
1529 1766
1531 1928
1542 1600
1542 1913
1544 1915
1547 1955
1548 1703
1549 1823
1549 1934
1552 1669
1553 1702
1554 1601
1556 1589
1557 1576
1557 1667
1563 1781
1564 1802
1564 1932
1566 1612
1568 1941
1570 1639
1572 1875
1573 1763
1577 1908
1580 1727
1580 1828
1581 1987
1583 1631
1584 1758
1584 1794
1587 1740
1588 1774
1589 1868
1589 1980
1592 1784
1598 1668
1598 1795
1598 1857
1600 1708
1601 1681
1602 1682
1603 1693
1603 1954
1608 1667
1614 1898
1615 1843
1618 1672
1620 1950
1620 1960
1625 1674
1627 1997
1632 1871
1635 1660
1636 1752
1640 1669
1641 1881
1652 1842
1654 1768
1656 1737
1659 1984
1661 1719
1661 1975
1666 1796
1668 1990
1672 1960
1676 1983
1681 1992
1682 1710
1688 1873
1689 1943
1691 1876
1692 1925
1694 1927
1699 1920
1703 1723
1711 1876
1711 1968
1712 1997
1722 1824
1723 1880
1724 1914
1732 1816
1732 1871
1733 1790
1736 1905
1745 1929
1755 1951
1758 1861
1758 1988
1761 1785
1763 1902
1764 1804
1765 1822
1773 1810
1773 1837
1774 1899
1778 1960
1779 1996
1780 1970
1781 1946
1783 1924
1789 1823
1789 1879
1791 1814
1792 1967
1796 1806
1798 1921
1803 1861
1808 1974
1809 1999
1812 1858
1815 1948
1815 1950
1817 1956
1820 1833
1828 1834
1839 1899
1840 1894
1848 1859
1848 1945
1849 1898
1858 1986
1868 1872
1875 1957
1877 1902
1896 1928
1901 1964
1904 1984
1917 1942
1924 1996
1936 1967
1943 1983
1950 1951
1970 1978
